  single point
     hill_main    0.9268804100000000         1.000000         0.000000    
     hill_mang    0.8011582000000000         1.000000         0.000000    
       hill_se     1.077945500000000         1.000000         0.000000    
    kh_h_flat1     299.4119500000000         1.000000         0.000000    
   kh_h_flat10     318.4988900000000         1.000000         0.000000    
    kh_h_flat2     62.04096900000000         1.000000         0.000000    
    kh_h_flat3     393.8198800000000         1.000000         0.000000    
    kh_h_flat4     103.5196600000000         1.000000         0.000000    
   kh_h_flat45     405.0257000000000         1.000000         0.000000    
   kh_h_flat46     160.8388800000000         1.000000         0.000000    
    kh_h_flat5     781.3527400000000         1.000000         0.000000    
   kh_h_flat51     998.8244600000000         1.000000         0.000000    
    kh_h_flat6     364.9440100000000         1.000000         0.000000    
    kh_h_flat7     1000.000000000000         1.000000         0.000000    
    kh_h_flat8     787.2931300000000         1.000000         0.000000    
   kh_h_flat89     327.4884200000000         1.000000         0.000000    
    kh_h_flat9     512.9137899999999         1.000000         0.000000    
     kh_hill11     289.3398000000000         1.000000         0.000000    
     kh_hill12     335.9619500000000         1.000000         0.000000    
     kh_hill13     309.4938000000000         1.000000         0.000000    
       kh_lake     279.3952500000000         1.000000         0.000000    
     kh_mang16     177.6527400000000         1.000000         0.000000    
     kh_mang17     298.1561600000000         1.000000         0.000000    
     kh_mang18     243.8875700000000         1.000000         0.000000    
     kh_mang19     195.5923200000000         1.000000         0.000000    
     kh_mang20     216.7521600000000         1.000000         0.000000    
     kh_mang21     218.9457900000000         1.000000         0.000000    
     kh_mang22     235.2774900000000         1.000000         0.000000    
     kh_mor_l0     472.5715500000000         1.000000         0.000000    
     kh_mor_l1    1.1343138000000000E-04     1.000000         0.000000    
    kh_riv_g23     141.7441200000000         1.000000         0.000000    
    kh_riv_g24     198.7561700000000         1.000000         0.000000    
    kh_riv_g25     311.8612200000000         1.000000         0.000000    
    kh_riv_g26     200.6028800000000         1.000000         0.000000    
    kh_riv_g27     200.6826200000000         1.000000         0.000000    
    kh_riv_g28     150.8345800000000         1.000000         0.000000    
    kh_riv_g29     201.3757900000000         1.000000         0.000000    
    kh_riv_g30     331.8017700000000         1.000000         0.000000    
    kh_riv_g60     148.7665800000000         1.000000         0.000000    
    kh_riv_g61     154.5605400000000         1.000000         0.000000    
    kh_riv_g62     159.2683900000000         1.000000         0.000000    
    kh_riv_g63     347.0142500000000         1.000000         0.000000    
    kh_sandy31     87.83201600000000         1.000000         0.000000    
    kh_sandy32     229.0002500000000         1.000000         0.000000    
    kh_sandy70     173.2165200000000         1.000000         0.000000    
    kh_sandy71     242.5086700000000         1.000000         0.000000    
      kh_ter14     33.52822900000000         1.000000         0.000000    
      kh_ter15     86.96173899999999         1.000000         0.000000    
      kh_ter33     100.0890100000000         1.000000         0.000000    
      kh_ter34     39.51060400000000         1.000000         0.000000    
      kh_ter35     309.9871600000000         1.000000         0.000000    
      kh_ter36     27.89691300000000         1.000000         0.000000    
      kh_ter37     60.20883100000000         1.000000         0.000000    
      kh_ter38     12.61544600000000         1.000000         0.000000    
      kh_ter39     21.02213500000000         1.000000         0.000000    
      kh_ter80     46.18473900000000         1.000000         0.000000    
      kh_ter81     77.79042400000000         1.000000         0.000000    
      kh_ter82     58.67070000000000         1.000000         0.000000    
      kh_ter83     78.72108200000000         1.000000         0.000000    
      kh_ter84     110.8224900000000         1.000000         0.000000    
      kh_ter85     56.55440200000000         1.000000         0.000000    
      kh_ter86     37.22146100000000         1.000000         0.000000    
      kh_ter87     52.14825500000000         1.000000         0.000000    
      kh_ter88     42.44606900000000         1.000000         0.000000    
      race_all    0.8706732000000000         1.000000         0.000000    
       rch_all     1.006240400000000         1.000000         0.000000    
        riv_c1     784.6643800000001         1.000000         0.000000    
     riv_gview     106.2607000000000         1.000000         0.000000    
        riv_h1     1867.377200000000         1.000000         0.000000    
        riv_h2     744.8418900000000         1.000000         0.000000    
        riv_h3     1688.212300000000         1.000000         0.000000    
      riv_john     93.92669500000000         1.000000         0.000000    
    sy_h_flat1    1.1683018999999999E-02     1.000000         0.000000    
   sy_h_flat10    9.7798780000000005E-03     1.000000         0.000000    
    sy_h_flat2    1.0872346000000000E-02     1.000000         0.000000    
    sy_h_flat3    8.2175165000000008E-03     1.000000         0.000000    
    sy_h_flat4    1.0894068999999999E-02     1.000000         0.000000    
   sy_h_flat45    9.5181762000000007E-03     1.000000         0.000000    
   sy_h_flat46    1.0187625000000000E-02     1.000000         0.000000    
    sy_h_flat5    1.0839708999999999E-02     1.000000         0.000000    
   sy_h_flat51    1.2704208000000000E-02     1.000000         0.000000    
    sy_h_flat6    9.2994098000000001E-03     1.000000         0.000000    
    sy_h_flat7    1.2866483999999999E-02     1.000000         0.000000    
    sy_h_flat8    2.4713556000000001E-02     1.000000         0.000000    
   sy_h_flat89    1.4936879000000000E-02     1.000000         0.000000    
    sy_h_flat9    1.2243571999999999E-02     1.000000         0.000000    
     sy_hill11    8.9044844000000008E-03     1.000000         0.000000    
     sy_hill12    8.4959687000000002E-03     1.000000         0.000000    
     sy_hill13    9.4647475000000005E-03     1.000000         0.000000    
     sy_mang16    1.0829714000000001E-02     1.000000         0.000000    
     sy_mang17    1.6858892000000000E-02     1.000000         0.000000    
     sy_mang18    4.5421869999999996E-03     1.000000         0.000000    
     sy_mang19    4.7931294999999999E-03     1.000000         0.000000    
     sy_mang20    9.7960349999999998E-03     1.000000         0.000000    
     sy_mang21    8.1214731000000002E-03     1.000000         0.000000    
     sy_mang22    9.6627158000000008E-03     1.000000         0.000000    
    sy_riv_g23    1.1598713000000000E-02     1.000000         0.000000    
    sy_riv_g24    1.0258289000000000E-02     1.000000         0.000000    
    sy_riv_g25    1.8389134000000001E-02     1.000000         0.000000    
    sy_riv_g26    1.7590037999999999E-02     1.000000         0.000000    
    sy_riv_g27    9.6470726000000007E-03     1.000000         0.000000    
    sy_riv_g28    9.1085335000000000E-03     1.000000         0.000000    
    sy_riv_g29    9.8048136999999997E-03     1.000000         0.000000    
    sy_riv_g30    1.1055634000000000E-02     1.000000         0.000000    
    sy_riv_g60    1.0551647000000001E-02     1.000000         0.000000    
    sy_riv_g61    1.0700444999999999E-02     1.000000         0.000000    
    sy_riv_g62    1.2211164000000000E-02     1.000000         0.000000    
    sy_riv_g63    1.0296593000000000E-02     1.000000         0.000000    
    sy_sandy31    9.5508319000000008E-03     1.000000         0.000000    
    sy_sandy32    9.7817211999999994E-03     1.000000         0.000000    
    sy_sandy70    9.5857960000000006E-03     1.000000         0.000000    
    sy_sandy71    9.8553159999999994E-03     1.000000         0.000000    
  sy_ss_mor_l0    9.9899027999999997E-05     1.000000         0.000000    
  sy_ss_mor_l1    1.2051264000000000E-04     1.000000         0.000000    
    sy_ss_rest    1.3059330000000000E-04     1.000000         0.000000    
  sy_sy_mor_l0    2.1173108000000000E-02     1.000000         0.000000    
  sy_sy_mor_l1    9.9964125999999994E-04     1.000000         0.000000    
      sy_ter14    9.8615074000000004E-03     1.000000         0.000000    
      sy_ter15    7.7426400000000003E-03     1.000000         0.000000    
      sy_ter33    9.6655021000000008E-03     1.000000         0.000000    
      sy_ter34    1.6391635000000002E-02     1.000000         0.000000    
      sy_ter35    2.3441601999999999E-02     1.000000         0.000000    
      sy_ter36    1.2508571000000000E-02     1.000000         0.000000    
      sy_ter37    1.3230540000000001E-02     1.000000         0.000000    
      sy_ter38    1.5003780000000000E-02     1.000000         0.000000    
      sy_ter39    2.1038356000000001E-02     1.000000         0.000000    
      sy_ter80    1.5852782999999999E-02     1.000000         0.000000    
      sy_ter81    1.4300000000000000E-02     1.000000         0.000000    
      sy_ter82    9.8889509000000004E-03     1.000000         0.000000    
      sy_ter83    1.0010134000000000E-02     1.000000         0.000000    
      sy_ter84    1.0086886000000000E-02     1.000000         0.000000    
      sy_ter85    1.8670175000000001E-02     1.000000         0.000000    
      sy_ter86    9.6072251999999997E-03     1.000000         0.000000    
      sy_ter87    8.4532059000000000E-03     1.000000         0.000000    
      sy_ter88    1.1990313000000001E-02     1.000000         0.000000    
