  single point
     hill_main    0.8000000000000000         1.000000         0.000000    
     hill_mang     1.200000000000000         1.000000         0.000000    
       hill_se     1.200000000000000         1.000000         0.000000    
    kh_h_flat1     69.81690100000000         1.000000         0.000000    
   kh_h_flat10     625.6698100000000         1.000000         0.000000    
    kh_h_flat2     273.1013700000000         1.000000         0.000000    
    kh_h_flat3     1000.000000000000         1.000000         0.000000    
    kh_h_flat4     79.68152000000001         1.000000         0.000000    
   kh_h_flat45     1000.000000000000         1.000000         0.000000    
   kh_h_flat46    0.5069906100000000         1.000000         0.000000    
    kh_h_flat5     1000.000000000000         1.000000         0.000000    
   kh_h_flat51     1000.000000000000         1.000000         0.000000    
    kh_h_flat6     1000.000000000000         1.000000         0.000000    
    kh_h_flat7     1000.000000000000         1.000000         0.000000    
    kh_h_flat8     1000.000000000000         1.000000         0.000000    
   kh_h_flat89     33.18775600000000         1.000000         0.000000    
    kh_h_flat9     651.2982200000000         1.000000         0.000000    
     kh_hill11     181.4384800000000         1.000000         0.000000    
     kh_hill12     1000.000000000000         1.000000         0.000000    
     kh_hill13     386.6294600000000         1.000000         0.000000    
       kh_lake     127.6475400000000         1.000000         0.000000    
     kh_mang16     9.959573100000000         1.000000         0.000000    
     kh_mang17     100.2638800000000         1.000000         0.000000    
     kh_mang18     107.5676100000000         1.000000         0.000000    
     kh_mang19     7.628832900000000         1.000000         0.000000    
     kh_mang20     25.17774800000000         1.000000         0.000000    
     kh_mang21     149.4965700000000         1.000000         0.000000    
     kh_mang22     80.17571100000001         1.000000         0.000000    
     kh_mor_l0     478.8988800000000         1.000000         0.000000    
     kh_mor_l1    2.2582255000000001E-04     1.000000         0.000000    
    kh_riv_g23     2.900619400000000         1.000000         0.000000    
    kh_riv_g24     34.02292000000000         1.000000         0.000000    
    kh_riv_g25     101.8990800000000         1.000000         0.000000    
    kh_riv_g26     593.1378200000000         1.000000         0.000000    
    kh_riv_g27     73.48962899999999         1.000000         0.000000    
    kh_riv_g28     49.35607300000000         1.000000         0.000000    
    kh_riv_g29     1000.000000000000         1.000000         0.000000    
    kh_riv_g30     360.5955700000000         1.000000         0.000000    
    kh_riv_g60     319.0689100000000         1.000000         0.000000    
    kh_riv_g61     15.96729100000000         1.000000         0.000000    
    kh_riv_g62     78.37073300000000         1.000000         0.000000    
    kh_riv_g63     1000.000000000000         1.000000         0.000000    
    kh_sandy31     12.25408400000000         1.000000         0.000000    
    kh_sandy32     72.97585400000000         1.000000         0.000000    
    kh_sandy70     12.56253800000000         1.000000         0.000000    
    kh_sandy71     85.75484100000000         1.000000         0.000000    
      kh_ter14     7.787340300000000         1.000000         0.000000    
      kh_ter15     180.8423200000000         1.000000         0.000000    
      kh_ter33     157.6107200000000         1.000000         0.000000    
      kh_ter34     8.646291000000000         1.000000         0.000000    
      kh_ter35     252.9277900000000         1.000000         0.000000    
      kh_ter36     7.125724400000000         1.000000         0.000000    
      kh_ter37     853.4217700000000         1.000000         0.000000    
      kh_ter38    0.1249207000000000         1.000000         0.000000    
      kh_ter39    0.7363605500000000         1.000000         0.000000    
      kh_ter80     5.138873000000000         1.000000         0.000000    
      kh_ter81     64.46145000000000         1.000000         0.000000    
      kh_ter82     35.20648400000000         1.000000         0.000000    
      kh_ter83     210.0440200000000         1.000000         0.000000    
      kh_ter84     779.0028800000000         1.000000         0.000000    
      kh_ter85     32.36982500000000         1.000000         0.000000    
      kh_ter86     15.24586100000000         1.000000         0.000000    
      kh_ter87     107.0029500000000         1.000000         0.000000    
      kh_ter88     27.98983700000000         1.000000         0.000000    
      race_all     1.200000000000000         1.000000         0.000000    
       rch_all    0.5000000000000000         1.000000         0.000000    
        riv_c1     117.0522900000000         1.000000         0.000000    
     riv_gview     55.84415600000000         1.000000         0.000000    
        riv_h1     3859.321200000000         1.000000         0.000000    
        riv_h2     766.0488500000000         1.000000         0.000000    
        riv_h3     4336.373700000000         1.000000         0.000000    
      riv_john     50.00000000000000         1.000000         0.000000    
    sy_h_flat1    1.0317036999999999E-02     1.000000         0.000000    
   sy_h_flat10    1.5599379999999999E-02     1.000000         0.000000    
    sy_h_flat2    7.4360545000000000E-02     1.000000         0.000000    
    sy_h_flat3    4.2282183999999999E-03     1.000000         0.000000    
    sy_h_flat4    3.3863651000000002E-02     1.000000         0.000000    
   sy_h_flat45    4.3410542000000003E-02     1.000000         0.000000    
   sy_h_flat46    8.7031694999999999E-03     1.000000         0.000000    
    sy_h_flat5    9.3319400000000004E-03     1.000000         0.000000    
   sy_h_flat51    0.1088679300000000         1.000000         0.000000    
    sy_h_flat6    7.9473674000000005E-03     1.000000         0.000000    
    sy_h_flat7    0.1773281100000000         1.000000         0.000000    
    sy_h_flat8    2.6703426999999998E-02     1.000000         0.000000    
   sy_h_flat89    2.7386246999999999E-02     1.000000         0.000000    
    sy_h_flat9    1.5680606999999999E-02     1.000000         0.000000    
     sy_hill11    8.1521916000000007E-03     1.000000         0.000000    
     sy_hill12    7.3780635000000004E-03     1.000000         0.000000    
     sy_hill13    8.2482053999999999E-03     1.000000         0.000000    
     sy_mang16    6.0298629999999999E-03     1.000000         0.000000    
     sy_mang17    2.1218725000000001E-02     1.000000         0.000000    
     sy_mang18    2.7712463999999999E-02     1.000000         0.000000    
     sy_mang19    5.5886733000000003E-03     1.000000         0.000000    
     sy_mang20    4.4009057999999997E-02     1.000000         0.000000    
     sy_mang21    6.3792883000000000E-03     1.000000         0.000000    
     sy_mang22    9.0632985000000006E-03     1.000000         0.000000    
    sy_riv_g23    1.2255666000000000E-02     1.000000         0.000000    
    sy_riv_g24    8.5565056000000000E-03     1.000000         0.000000    
    sy_riv_g25    0.3000000000000000         1.000000         0.000000    
    sy_riv_g26    0.3000000000000000         1.000000         0.000000    
    sy_riv_g27    8.5779068999999996E-03     1.000000         0.000000    
    sy_riv_g28    1.0392255000000000E-02     1.000000         0.000000    
    sy_riv_g29    9.8826697000000008E-03     1.000000         0.000000    
    sy_riv_g30    1.3270819000000000E-02     1.000000         0.000000    
    sy_riv_g60    1.0684417000000000E-02     1.000000         0.000000    
    sy_riv_g61    1.3919884000000000E-02     1.000000         0.000000    
    sy_riv_g62    2.5124636999999998E-02     1.000000         0.000000    
    sy_riv_g63    8.7032529999999993E-03     1.000000         0.000000    
    sy_sandy31    1.1931761000000001E-02     1.000000         0.000000    
    sy_sandy32    9.3148359000000003E-03     1.000000         0.000000    
    sy_sandy70    1.7281990000000001E-02     1.000000         0.000000    
    sy_sandy71    1.3487290000000001E-02     1.000000         0.000000    
  sy_ss_mor_l0    9.5366066000000002E-05     1.000000         0.000000    
  sy_ss_mor_l1    1.1190307999999999E-04     1.000000         0.000000    
    sy_ss_rest    2.9204481000000000E-04     1.000000         0.000000    
  sy_sy_mor_l0    4.3399099000000002E-03     1.000000         0.000000    
  sy_sy_mor_l1    9.9964090000000008E-04     1.000000         0.000000    
      sy_ter14    1.3042824999999999E-02     1.000000         0.000000    
      sy_ter15    3.7687502000000000E-03     1.000000         0.000000    
      sy_ter33    4.2088261000000002E-02     1.000000         0.000000    
      sy_ter34    0.3000000000000000         1.000000         0.000000    
      sy_ter35    1.6828428999999999E-02     1.000000         0.000000    
      sy_ter36    2.8057299000000001E-02     1.000000         0.000000    
      sy_ter37    0.2477600000000000         1.000000         0.000000    
      sy_ter38    0.3000000000000000         1.000000         0.000000    
      sy_ter39    3.4565946000000000E-02     1.000000         0.000000    
      sy_ter80    4.2869906000000003E-03     1.000000         0.000000    
      sy_ter81    0.3000000000000000         1.000000         0.000000    
      sy_ter82    7.6736657999999999E-03     1.000000         0.000000    
      sy_ter83    2.7289157000000001E-02     1.000000         0.000000    
      sy_ter84    7.6127371000000001E-03     1.000000         0.000000    
      sy_ter85    0.1235154200000000         1.000000         0.000000    
      sy_ter86    2.7754425999999999E-02     1.000000         0.000000    
      sy_ter87    2.4132503999999999E-02     1.000000         0.000000    
      sy_ter88    8.1416601999999994E-03     1.000000         0.000000    
