  single point
     hill_main     1.072828300000000         1.000000         0.000000    
     hill_mang     1.046856800000000         1.000000         0.000000    
       hill_se     1.200000000000000         1.000000         0.000000    
    kh_h_flat1     102.3273800000000         1.000000         0.000000    
   kh_h_flat10     810.3774400000000         1.000000         0.000000    
    kh_h_flat2     130.5737800000000         1.000000         0.000000    
    kh_h_flat3     722.3192200000000         1.000000         0.000000    
    kh_h_flat4     76.09994100000000         1.000000         0.000000    
   kh_h_flat45     751.0553900000000         1.000000         0.000000    
   kh_h_flat46     27.41683900000000         1.000000         0.000000    
    kh_h_flat5     1000.000000000000         1.000000         0.000000    
   kh_h_flat51     772.3206100000000         1.000000         0.000000    
    kh_h_flat6     606.3113400000000         1.000000         0.000000    
    kh_h_flat7     1000.000000000000         1.000000         0.000000    
    kh_h_flat8     1000.000000000000         1.000000         0.000000    
   kh_h_flat89     90.90376900000000         1.000000         0.000000    
    kh_h_flat9     1000.000000000000         1.000000         0.000000    
     kh_hill11     314.1871300000000         1.000000         0.000000    
     kh_hill12     415.7239700000000         1.000000         0.000000    
     kh_hill13     299.7450100000000         1.000000         0.000000    
       kh_lake     321.8925200000000         1.000000         0.000000    
     kh_mang16     16.84711400000000         1.000000         0.000000    
     kh_mang17     101.9147900000000         1.000000         0.000000    
     kh_mang18     56.54972900000000         1.000000         0.000000    
     kh_mang19     88.83075500000000         1.000000         0.000000    
     kh_mang20     176.9707400000000         1.000000         0.000000    
     kh_mang21     217.7169700000000         1.000000         0.000000    
     kh_mang22     178.7916500000000         1.000000         0.000000    
     kh_mor_l0     594.7470400000000         1.000000         0.000000    
     kh_mor_l1    1.2161952000000000E-04     1.000000         0.000000    
    kh_riv_g23     36.48101800000000         1.000000         0.000000    
    kh_riv_g24     57.85287800000000         1.000000         0.000000    
    kh_riv_g25     214.4551000000000         1.000000         0.000000    
    kh_riv_g26     207.3254600000000         1.000000         0.000000    
    kh_riv_g27     96.90467200000001         1.000000         0.000000    
    kh_riv_g28     63.75621900000000         1.000000         0.000000    
    kh_riv_g29     231.2071500000000         1.000000         0.000000    
    kh_riv_g30     542.7302600000000         1.000000         0.000000    
    kh_riv_g60     69.69409700000000         1.000000         0.000000    
    kh_riv_g61     49.34702000000000         1.000000         0.000000    
    kh_riv_g62     77.84309700000000         1.000000         0.000000    
    kh_riv_g63     214.1369200000000         1.000000         0.000000    
    kh_sandy31     12.00964100000000         1.000000         0.000000    
    kh_sandy32     187.4629700000000         1.000000         0.000000    
    kh_sandy70     65.28967200000000         1.000000         0.000000    
    kh_sandy71     242.7394300000000         1.000000         0.000000    
      kh_ter14     26.09432700000000         1.000000         0.000000    
      kh_ter15     147.6583200000000         1.000000         0.000000    
      kh_ter33     159.7813900000000         1.000000         0.000000    
      kh_ter34     4.183132100000000         1.000000         0.000000    
      kh_ter35     279.5119500000000         1.000000         0.000000    
      kh_ter36     14.12588500000000         1.000000         0.000000    
      kh_ter37     24.43897600000000         1.000000         0.000000    
      kh_ter38    0.4873914700000000         1.000000         0.000000    
      kh_ter39     3.163561800000000         1.000000         0.000000    
      kh_ter80     14.05045700000000         1.000000         0.000000    
      kh_ter81     26.93392800000000         1.000000         0.000000    
      kh_ter82     58.56939300000000         1.000000         0.000000    
      kh_ter83     92.42712200000000         1.000000         0.000000    
      kh_ter84     119.7972800000000         1.000000         0.000000    
      kh_ter85     40.03087500000000         1.000000         0.000000    
      kh_ter86     29.48827100000000         1.000000         0.000000    
      kh_ter87     11.65093900000000         1.000000         0.000000    
      kh_ter88     44.71507100000000         1.000000         0.000000    
      race_all     1.200000000000000         1.000000         0.000000    
       rch_all    0.6684889000000001         1.000000         0.000000    
        riv_c1     157.9308500000000         1.000000         0.000000    
     riv_gview     100.8197400000000         1.000000         0.000000    
        riv_h1     3302.015200000000         1.000000         0.000000    
        riv_h2     626.9315100000000         1.000000         0.000000    
        riv_h3     4656.657400000000         1.000000         0.000000    
      riv_john     92.47067100000000         1.000000         0.000000    
    sy_h_flat1    1.4634416000000001E-02     1.000000         0.000000    
   sy_h_flat10    1.0052656000000000E-02     1.000000         0.000000    
    sy_h_flat2    2.1977772000000000E-02     1.000000         0.000000    
    sy_h_flat3    8.7610794999999995E-03     1.000000         0.000000    
    sy_h_flat4    1.4297819000000000E-02     1.000000         0.000000    
   sy_h_flat45    1.1113888000000001E-02     1.000000         0.000000    
   sy_h_flat46    1.3790396000000000E-02     1.000000         0.000000    
    sy_h_flat5    1.2570954000000001E-02     1.000000         0.000000    
   sy_h_flat51    2.1794238000000000E-02     1.000000         0.000000    
    sy_h_flat6    9.0468769000000004E-03     1.000000         0.000000    
    sy_h_flat7    2.5162107999999999E-02     1.000000         0.000000    
    sy_h_flat8    0.1028154300000000         1.000000         0.000000    
   sy_h_flat89    3.0860341999999999E-02     1.000000         0.000000    
    sy_h_flat9    2.2785350999999999E-02     1.000000         0.000000    
     sy_hill11    8.7539611000000007E-03     1.000000         0.000000    
     sy_hill12    8.2584722000000003E-03     1.000000         0.000000    
     sy_hill13    9.2008239000000002E-03     1.000000         0.000000    
     sy_mang16    1.0957869000000000E-02     1.000000         0.000000    
     sy_mang17    1.9030119000000002E-02     1.000000         0.000000    
     sy_mang18    3.6562295000000002E-03     1.000000         0.000000    
     sy_mang19    3.2103308999999998E-03     1.000000         0.000000    
     sy_mang20    1.0219633000000001E-02     1.000000         0.000000    
     sy_mang21    8.9092230000000008E-03     1.000000         0.000000    
     sy_mang22    9.9029708000000008E-03     1.000000         0.000000    
    sy_riv_g23    1.2855340000000000E-02     1.000000         0.000000    
    sy_riv_g24    1.0524811000000000E-02     1.000000         0.000000    
    sy_riv_g25    1.9599551999999999E-02     1.000000         0.000000    
    sy_riv_g26    1.8540253999999999E-02     1.000000         0.000000    
    sy_riv_g27    9.7124402000000002E-03     1.000000         0.000000    
    sy_riv_g28    9.2599420999999998E-03     1.000000         0.000000    
    sy_riv_g29    1.0214068999999999E-02     1.000000         0.000000    
    sy_riv_g30    1.1240577999999999E-02     1.000000         0.000000    
    sy_riv_g60    1.0819984000000000E-02     1.000000         0.000000    
    sy_riv_g61    1.1413944000000001E-02     1.000000         0.000000    
    sy_riv_g62    1.5951618000000001E-02     1.000000         0.000000    
    sy_riv_g63    1.0895441000000001E-02     1.000000         0.000000    
    sy_sandy31    9.8489609000000002E-03     1.000000         0.000000    
    sy_sandy32    9.8658226000000009E-03     1.000000         0.000000    
    sy_sandy70    1.0240424000000000E-02     1.000000         0.000000    
    sy_sandy71    1.0046205000000001E-02     1.000000         0.000000    
  sy_ss_mor_l0    9.9954383000000000E-05     1.000000         0.000000    
  sy_ss_mor_l1    1.2525576999999999E-04     1.000000         0.000000    
    sy_ss_rest    3.2616501000000002E-04     1.000000         0.000000    
  sy_sy_mor_l0    2.2228085000000002E-02     1.000000         0.000000    
  sy_sy_mor_l1    9.9964125999999994E-04     1.000000         0.000000    
      sy_ter14    1.0429272999999999E-02     1.000000         0.000000    
      sy_ter15    7.6910097000000002E-03     1.000000         0.000000    
      sy_ter33    1.0868556000000000E-02     1.000000         0.000000    
      sy_ter34    5.3760767000000001E-02     1.000000         0.000000    
      sy_ter35    4.3393882000000002E-02     1.000000         0.000000    
      sy_ter36    1.9159947000000000E-02     1.000000         0.000000    
      sy_ter37    2.1192210000000000E-02     1.000000         0.000000    
      sy_ter38    5.4105258000000003E-02     1.000000         0.000000    
      sy_ter39    2.9780104000000002E-02     1.000000         0.000000    
      sy_ter80    2.9326913999999999E-02     1.000000         0.000000    
      sy_ter81    2.0677889000000001E-02     1.000000         0.000000    
      sy_ter82    9.9143304000000008E-03     1.000000         0.000000    
      sy_ter83    1.1422722000000000E-02     1.000000         0.000000    
      sy_ter84    1.0132565000000000E-02     1.000000         0.000000    
      sy_ter85    6.4142372000000003E-02     1.000000         0.000000    
      sy_ter86    1.0896749000000001E-02     1.000000         0.000000    
      sy_ter87    1.8822632999999998E-02     1.000000         0.000000    
      sy_ter88    1.2690247999999999E-02     1.000000         0.000000    
