  single point
     hill_main    0.8906967400000000         1.000000         0.000000    
     hill_mang     1.200000000000000         1.000000         0.000000    
       hill_se     1.200000000000000         1.000000         0.000000    
    kh_h_flat1     75.92917199999999         1.000000         0.000000    
   kh_h_flat10     692.5038700000000         1.000000         0.000000    
    kh_h_flat2     231.4587000000000         1.000000         0.000000    
    kh_h_flat3     1000.000000000000         1.000000         0.000000    
    kh_h_flat4     73.43737600000000         1.000000         0.000000    
   kh_h_flat45     1000.000000000000         1.000000         0.000000    
   kh_h_flat46     2.852732600000000         1.000000         0.000000    
    kh_h_flat5     1000.000000000000         1.000000         0.000000    
   kh_h_flat51     1000.000000000000         1.000000         0.000000    
    kh_h_flat6     1000.000000000000         1.000000         0.000000    
    kh_h_flat7     1000.000000000000         1.000000         0.000000    
    kh_h_flat8     1000.000000000000         1.000000         0.000000    
   kh_h_flat89     33.96560100000000         1.000000         0.000000    
    kh_h_flat9     818.6354900000000         1.000000         0.000000    
     kh_hill11     376.0899300000000         1.000000         0.000000    
     kh_hill12     883.0168100000000         1.000000         0.000000    
     kh_hill13     335.1493800000000         1.000000         0.000000    
       kh_lake     263.3881800000000         1.000000         0.000000    
     kh_mang16     10.10120100000000         1.000000         0.000000    
     kh_mang17     102.6542500000000         1.000000         0.000000    
     kh_mang18     73.85474700000000         1.000000         0.000000    
     kh_mang19     16.53707800000000         1.000000         0.000000    
     kh_mang20     53.11774500000000         1.000000         0.000000    
     kh_mang21     189.9580500000000         1.000000         0.000000    
     kh_mang22     101.0540200000000         1.000000         0.000000    
     kh_mor_l0     508.4113300000000         1.000000         0.000000    
     kh_mor_l1    1.5802799000000001E-04     1.000000         0.000000    
    kh_riv_g23     7.062127700000000         1.000000         0.000000    
    kh_riv_g24     37.98137700000000         1.000000         0.000000    
    kh_riv_g25     94.42315900000000         1.000000         0.000000    
    kh_riv_g26     436.0840600000000         1.000000         0.000000    
    kh_riv_g27     86.18667499999999         1.000000         0.000000    
    kh_riv_g28     52.66037600000000         1.000000         0.000000    
    kh_riv_g29     856.1797900000000         1.000000         0.000000    
    kh_riv_g30     872.6436700000000         1.000000         0.000000    
    kh_riv_g60     227.5511400000000         1.000000         0.000000    
    kh_riv_g61     23.99388900000000         1.000000         0.000000    
    kh_riv_g62     73.15778600000000         1.000000         0.000000    
    kh_riv_g63     734.1623400000000         1.000000         0.000000    
    kh_sandy31     8.611398200000000         1.000000         0.000000    
    kh_sandy32     164.6392800000000         1.000000         0.000000    
    kh_sandy70     31.17797100000000         1.000000         0.000000    
    kh_sandy71     164.3955000000000         1.000000         0.000000    
      kh_ter14     10.19732300000000         1.000000         0.000000    
      kh_ter15     202.6776900000000         1.000000         0.000000    
      kh_ter33     128.7900500000000         1.000000         0.000000    
      kh_ter34     5.763185100000000         1.000000         0.000000    
      kh_ter35     349.5556400000000         1.000000         0.000000    
      kh_ter36     8.571756600000001         1.000000         0.000000    
      kh_ter37     200.1957500000000         1.000000         0.000000    
      kh_ter38    0.2340044900000000         1.000000         0.000000    
      kh_ter39     1.272541000000000         1.000000         0.000000    
      kh_ter80     8.230563900000000         1.000000         0.000000    
      kh_ter81     40.39639200000000         1.000000         0.000000    
      kh_ter82     43.87848900000000         1.000000         0.000000    
      kh_ter83     206.7761900000000         1.000000         0.000000    
      kh_ter84     325.1360300000000         1.000000         0.000000    
      kh_ter85     32.32125900000000         1.000000         0.000000    
      kh_ter86     13.09330200000000         1.000000         0.000000    
      kh_ter87     38.43656000000000         1.000000         0.000000    
      kh_ter88     22.85213700000000         1.000000         0.000000    
      race_all     1.200000000000000         1.000000         0.000000    
       rch_all    0.5000000000000000         1.000000         0.000000    
        riv_c1     125.4928800000000         1.000000         0.000000    
     riv_gview     69.90979500000000         1.000000         0.000000    
        riv_h1     4209.571300000000         1.000000         0.000000    
        riv_h2     862.5565700000000         1.000000         0.000000    
        riv_h3     4614.038100000000         1.000000         0.000000    
      riv_john     72.05688800000000         1.000000         0.000000    
    sy_h_flat1    1.2722687000000000E-02     1.000000         0.000000    
   sy_h_flat10    1.3440936000000001E-02     1.000000         0.000000    
    sy_h_flat2    4.7916151999999997E-02     1.000000         0.000000    
    sy_h_flat3    6.3987590000000004E-03     1.000000         0.000000    
    sy_h_flat4    2.9918204000000000E-02     1.000000         0.000000    
   sy_h_flat45    2.5812736999999999E-02     1.000000         0.000000    
   sy_h_flat46    2.1727064000000001E-02     1.000000         0.000000    
    sy_h_flat5    1.3894810000000000E-02     1.000000         0.000000    
   sy_h_flat51    4.6870683000000003E-02     1.000000         0.000000    
    sy_h_flat6    8.4994453999999997E-03     1.000000         0.000000    
    sy_h_flat7    8.9318389999999998E-02     1.000000         0.000000    
    sy_h_flat8    5.2453616000000002E-02     1.000000         0.000000    
   sy_h_flat89    2.3426742000000000E-02     1.000000         0.000000    
    sy_h_flat9    2.5255324999999999E-02     1.000000         0.000000    
     sy_hill11    8.8786099000000007E-03     1.000000         0.000000    
     sy_hill12    7.8770413000000001E-03     1.000000         0.000000    
     sy_hill13    8.6040137999999992E-03     1.000000         0.000000    
     sy_mang16    5.6869227000000003E-03     1.000000         0.000000    
     sy_mang17    1.6650379000000000E-02     1.000000         0.000000    
     sy_mang18    1.0901116000000001E-02     1.000000         0.000000    
     sy_mang19    4.2772056000000003E-03     1.000000         0.000000    
     sy_mang20    2.3035285999999999E-02     1.000000         0.000000    
     sy_mang21    8.0539089999999997E-03     1.000000         0.000000    
     sy_mang22    9.0525820999999996E-03     1.000000         0.000000    
    sy_riv_g23    1.0590993999999999E-02     1.000000         0.000000    
    sy_riv_g24    9.0976969000000005E-03     1.000000         0.000000    
    sy_riv_g25    0.3000000000000000         1.000000         0.000000    
    sy_riv_g26    0.1318101000000000         1.000000         0.000000    
    sy_riv_g27    8.9351093000000006E-03     1.000000         0.000000    
    sy_riv_g28    6.6940730999999996E-03     1.000000         0.000000    
    sy_riv_g29    9.1452839000000005E-03     1.000000         0.000000    
    sy_riv_g30    1.2815785999999999E-02     1.000000         0.000000    
    sy_riv_g60    1.0041684000000000E-02     1.000000         0.000000    
    sy_riv_g61    1.1247277000000000E-02     1.000000         0.000000    
    sy_riv_g62    2.0499762000000001E-02     1.000000         0.000000    
    sy_riv_g63    9.6269061000000006E-03     1.000000         0.000000    
    sy_sandy31    1.0597169000000000E-02     1.000000         0.000000    
    sy_sandy32    9.4569601000000000E-03     1.000000         0.000000    
    sy_sandy70    1.5572638000000000E-02     1.000000         0.000000    
    sy_sandy71    1.1714630000000000E-02     1.000000         0.000000    
  sy_ss_mor_l0    9.7718841000000002E-05     1.000000         0.000000    
  sy_ss_mor_l1    1.1642600000000000E-04     1.000000         0.000000    
    sy_ss_rest    4.9288276000000004E-04     1.000000         0.000000    
  sy_sy_mor_l0    4.8544397000000001E-03     1.000000         0.000000    
  sy_sy_mor_l1    9.9964090000000008E-04     1.000000         0.000000    
      sy_ter14    1.2832194000000000E-02     1.000000         0.000000    
      sy_ter15    4.9027864000000003E-03     1.000000         0.000000    
      sy_ter33    2.1354668000000000E-02     1.000000         0.000000    
      sy_ter34    0.1757818500000000         1.000000         0.000000    
      sy_ter35    2.2641891000000001E-02     1.000000         0.000000    
      sy_ter36    2.5733669000000001E-02     1.000000         0.000000    
      sy_ter37    5.2177020999999997E-02     1.000000         0.000000    
      sy_ter38    0.3000000000000000         1.000000         0.000000    
      sy_ter39    3.3578719000000000E-02     1.000000         0.000000    
      sy_ter80    8.9701360000000001E-03     1.000000         0.000000    
      sy_ter81    4.3733108000000000E-02     1.000000         0.000000    
      sy_ter82    8.7353372000000002E-03     1.000000         0.000000    
      sy_ter83    1.3636208000000000E-02     1.000000         0.000000    
      sy_ter84    8.5808017999999993E-03     1.000000         0.000000    
      sy_ter85    0.1165709800000000         1.000000         0.000000    
      sy_ter86    2.4248655000000001E-02     1.000000         0.000000    
      sy_ter87    6.5465910999999996E-03     1.000000         0.000000    
      sy_ter88    1.0194775000000000E-02     1.000000         0.000000    
