  single point
     hill_main    0.9974785500000000         1.000000         0.000000    
     hill_mang    0.9000000000000000         1.000000         0.000000    
       hill_se     1.017319600000000         1.000000         0.000000    
    kh_h_flat1     302.6147700000000         1.000000         0.000000    
   kh_h_flat10     314.0761800000000         1.000000         0.000000    
    kh_h_flat2     272.6312800000000         1.000000         0.000000    
    kh_h_flat3     307.0651300000000         1.000000         0.000000    
    kh_h_flat4     277.3293600000000         1.000000         0.000000    
   kh_h_flat45     301.2510700000000         1.000000         0.000000    
   kh_h_flat46     297.4483300000000         1.000000         0.000000    
    kh_h_flat5     319.8532000000000         1.000000         0.000000    
   kh_h_flat51     303.4680400000000         1.000000         0.000000    
    kh_h_flat6     308.1472500000000         1.000000         0.000000    
    kh_h_flat7     330.6070100000000         1.000000         0.000000    
    kh_h_flat8     316.7616600000000         1.000000         0.000000    
   kh_h_flat89     308.4055500000000         1.000000         0.000000    
    kh_h_flat9     302.8270600000000         1.000000         0.000000    
     kh_hill11     284.6126900000000         1.000000         0.000000    
     kh_hill12     313.1873800000000         1.000000         0.000000    
     kh_hill13     294.1807800000000         1.000000         0.000000    
       kh_lake     275.4616700000000         1.000000         0.000000    
     kh_mang16     300.0000000000000         1.000000         0.000000    
     kh_mang17     299.7615100000000         1.000000         0.000000    
     kh_mang18     300.0000000000000         1.000000         0.000000    
     kh_mang19     259.4403000000000         1.000000         0.000000    
     kh_mang20     304.7210800000000         1.000000         0.000000    
     kh_mang21     251.2405400000000         1.000000         0.000000    
     kh_mang22     271.1993500000000         1.000000         0.000000    
     kh_mor_l0     310.8988900000000         1.000000         0.000000    
     kh_mor_l1    1.0414627999999999E-04     1.000000         0.000000    
    kh_riv_g23     326.4290400000000         1.000000         0.000000    
    kh_riv_g24     307.5542700000000         1.000000         0.000000    
    kh_riv_g25     312.0026600000000         1.000000         0.000000    
    kh_riv_g26     286.3703700000000         1.000000         0.000000    
    kh_riv_g27     283.4998900000000         1.000000         0.000000    
    kh_riv_g28     295.1914900000000         1.000000         0.000000    
    kh_riv_g29     237.9223900000000         1.000000         0.000000    
    kh_riv_g30     293.6610100000000         1.000000         0.000000    
    kh_riv_g60     246.6121700000000         1.000000         0.000000    
    kh_riv_g61     250.8355100000000         1.000000         0.000000    
    kh_riv_g62     266.7649900000000         1.000000         0.000000    
    kh_riv_g63     346.9559200000000         1.000000         0.000000    
    kh_sandy31     278.1652800000000         1.000000         0.000000    
    kh_sandy32     266.0679800000000         1.000000         0.000000    
    kh_sandy70     292.0930200000000         1.000000         0.000000    
    kh_sandy71     258.3733600000000         1.000000         0.000000    
      kh_ter14     40.10399900000000         1.000000         0.000000    
      kh_ter15     52.37225300000000         1.000000         0.000000    
      kh_ter33     55.72783500000000         1.000000         0.000000    
      kh_ter34     52.68284300000000         1.000000         0.000000    
      kh_ter35     79.87150000000000         1.000000         0.000000    
      kh_ter36     34.73673000000000         1.000000         0.000000    
      kh_ter37     63.15315100000000         1.000000         0.000000    
      kh_ter38     39.91032800000000         1.000000         0.000000    
      kh_ter39     44.01186200000000         1.000000         0.000000    
      kh_ter80     48.24579600000000         1.000000         0.000000    
      kh_ter81     48.89545700000000         1.000000         0.000000    
      kh_ter82     60.42585900000000         1.000000         0.000000    
      kh_ter83     62.57474800000000         1.000000         0.000000    
      kh_ter84     84.61947300000000         1.000000         0.000000    
      kh_ter85     48.69930300000000         1.000000         0.000000    
      kh_ter86     42.74806300000000         1.000000         0.000000    
      kh_ter87     55.76868400000000         1.000000         0.000000    
      kh_ter88     34.77778400000000         1.000000         0.000000    
      race_all    0.9959329000000000         1.000000         0.000000    
       rch_all     1.006240400000000         1.000000         0.000000    
        riv_c1     1008.989800000000         1.000000         0.000000    
     riv_gview     100.3024900000000         1.000000         0.000000    
        riv_h1     1029.397400000000         1.000000         0.000000    
        riv_h2     986.5642700000000         1.000000         0.000000    
        riv_h3     979.6108300000000         1.000000         0.000000    
      riv_john     96.83123000000001         1.000000         0.000000    
    sy_h_flat1    9.6000196000000006E-03     1.000000         0.000000    
   sy_h_flat10    9.5814187000000002E-03     1.000000         0.000000    
    sy_h_flat2    8.6665560000000006E-03     1.000000         0.000000    
    sy_h_flat3    8.2086330999999995E-03     1.000000         0.000000    
    sy_h_flat4    9.2777779000000008E-03     1.000000         0.000000    
   sy_h_flat45    8.1625975000000003E-03     1.000000         0.000000    
   sy_h_flat46    8.8973505999999994E-03     1.000000         0.000000    
    sy_h_flat5    9.4276254000000004E-03     1.000000         0.000000    
   sy_h_flat51    9.7429836999999991E-03     1.000000         0.000000    
    sy_h_flat6    9.6113016999999999E-03     1.000000         0.000000    
    sy_h_flat7    9.9990180999999997E-03     1.000000         0.000000    
    sy_h_flat8    1.2556027000000001E-02     1.000000         0.000000    
   sy_h_flat89    1.1634309000000001E-02     1.000000         0.000000    
    sy_h_flat9    1.0269041000000000E-02     1.000000         0.000000    
     sy_hill11    9.0376213999999993E-03     1.000000         0.000000    
     sy_hill12    9.1239660000000007E-03     1.000000         0.000000    
     sy_hill13    9.7213690000000005E-03     1.000000         0.000000    
     sy_mang16    9.8039612000000009E-03     1.000000         0.000000    
     sy_mang17    1.4865032000000000E-02     1.000000         0.000000    
     sy_mang18    9.0926262000000004E-03     1.000000         0.000000    
     sy_mang19    9.3076653000000002E-03     1.000000         0.000000    
     sy_mang20    1.1149615999999999E-02     1.000000         0.000000    
     sy_mang21    8.5885817000000003E-03     1.000000         0.000000    
     sy_mang22    9.5565079000000004E-03     1.000000         0.000000    
    sy_riv_g23    1.0217983000000000E-02     1.000000         0.000000    
    sy_riv_g24    1.0229287000000000E-02     1.000000         0.000000    
    sy_riv_g25    1.4651381000000000E-02     1.000000         0.000000    
    sy_riv_g26    1.4287324000000001E-02     1.000000         0.000000    
    sy_riv_g27    9.6823372999999997E-03     1.000000         0.000000    
    sy_riv_g28    9.2388911000000004E-03     1.000000         0.000000    
    sy_riv_g29    9.5705847000000007E-03     1.000000         0.000000    
    sy_riv_g30    1.0436123000000000E-02     1.000000         0.000000    
    sy_riv_g60    9.9583316999999998E-03     1.000000         0.000000    
    sy_riv_g61    1.0350956000000000E-02     1.000000         0.000000    
    sy_riv_g62    1.0694983999999999E-02     1.000000         0.000000    
    sy_riv_g63    1.0109831999999999E-02     1.000000         0.000000    
    sy_sandy31    9.7260299000000005E-03     1.000000         0.000000    
    sy_sandy32    9.8945978999999996E-03     1.000000         0.000000    
    sy_sandy70    9.5202389999999998E-03     1.000000         0.000000    
    sy_sandy71    9.7622787999999995E-03     1.000000         0.000000    
  sy_ss_mor_l0    9.8306179000000007E-05     1.000000         0.000000    
  sy_ss_mor_l1    1.0981572000000000E-04     1.000000         0.000000    
    sy_ss_rest    8.9871208999999999E-05     1.000000         0.000000    
  sy_sy_mor_l0    1.5666288000000000E-02     1.000000         0.000000    
  sy_sy_mor_l1    9.9964125999999994E-04     1.000000         0.000000    
      sy_ter14    9.3198301000000008E-03     1.000000         0.000000    
      sy_ter15    7.7008264999999998E-03     1.000000         0.000000    
      sy_ter33    9.3653747999999995E-03     1.000000         0.000000    
      sy_ter34    9.4879371999999993E-03     1.000000         0.000000    
      sy_ter35    1.4563839000000000E-02     1.000000         0.000000    
      sy_ter36    9.8716327000000006E-03     1.000000         0.000000    
      sy_ter37    9.8763205000000007E-03     1.000000         0.000000    
      sy_ter38    1.1494990000000000E-02     1.000000         0.000000    
      sy_ter39    1.1595476000000000E-02     1.000000         0.000000    
      sy_ter80    1.0817271000000000E-02     1.000000         0.000000    
      sy_ter81    1.1583161000000000E-02     1.000000         0.000000    
      sy_ter82    9.8561955999999992E-03     1.000000         0.000000    
      sy_ter83    1.0833763000000000E-02     1.000000         0.000000    
      sy_ter84    1.0044142000000001E-02     1.000000         0.000000    
      sy_ter85    1.0162979000000001E-02     1.000000         0.000000    
      sy_ter86    9.5282696999999996E-03     1.000000         0.000000    
      sy_ter87    1.0246834000000000E-02     1.000000         0.000000    
      sy_ter88    1.0842967000000000E-02     1.000000         0.000000    
