  single point
     hill_main     1.048490800000000         1.000000         0.000000    
     hill_mang    0.9729690300000000         1.000000         0.000000    
       hill_se     1.200000000000000         1.000000         0.000000    
    kh_h_flat1     90.92786300000000         1.000000         0.000000    
   kh_h_flat10     641.5334800000001         1.000000         0.000000    
    kh_h_flat2     114.9535200000000         1.000000         0.000000    
    kh_h_flat3     540.2042100000000         1.000000         0.000000    
    kh_h_flat4     64.08246300000000         1.000000         0.000000    
   kh_h_flat45     623.6940400000000         1.000000         0.000000    
   kh_h_flat46     42.29561500000000         1.000000         0.000000    
    kh_h_flat5     1000.000000000000         1.000000         0.000000    
   kh_h_flat51     870.9162800000000         1.000000         0.000000    
    kh_h_flat6     570.4244900000000         1.000000         0.000000    
    kh_h_flat7     1000.000000000000         1.000000         0.000000    
    kh_h_flat8     1000.000000000000         1.000000         0.000000    
   kh_h_flat89     161.7328200000000         1.000000         0.000000    
    kh_h_flat9     1000.000000000000         1.000000         0.000000    
     kh_hill11     309.6382000000000         1.000000         0.000000    
     kh_hill12     390.3496900000000         1.000000         0.000000    
     kh_hill13     302.4581400000000         1.000000         0.000000    
       kh_lake     332.0448000000000         1.000000         0.000000    
     kh_mang16     20.71862000000000         1.000000         0.000000    
     kh_mang17     163.8694000000000         1.000000         0.000000    
     kh_mang18     89.25182000000000         1.000000         0.000000    
     kh_mang19     115.6742400000000         1.000000         0.000000    
     kh_mang20     183.4468300000000         1.000000         0.000000    
     kh_mang21     216.2962300000000         1.000000         0.000000    
     kh_mang22     188.4236600000000         1.000000         0.000000    
     kh_mor_l0     710.4061900000000         1.000000         0.000000    
     kh_mor_l1    1.2045180000000000E-04     1.000000         0.000000    
    kh_riv_g23     42.41840400000000         1.000000         0.000000    
    kh_riv_g24     69.52250200000000         1.000000         0.000000    
    kh_riv_g25     232.9988000000000         1.000000         0.000000    
    kh_riv_g26     208.9793200000000         1.000000         0.000000    
    kh_riv_g27     108.5347900000000         1.000000         0.000000    
    kh_riv_g28     72.58689500000000         1.000000         0.000000    
    kh_riv_g29     210.2008000000000         1.000000         0.000000    
    kh_riv_g30     496.3047700000000         1.000000         0.000000    
    kh_riv_g60     77.76625400000000         1.000000         0.000000    
    kh_riv_g61     57.12121200000000         1.000000         0.000000    
    kh_riv_g62     79.89033499999999         1.000000         0.000000    
    kh_riv_g63     225.3600200000000         1.000000         0.000000    
    kh_sandy31     16.73635100000000         1.000000         0.000000    
    kh_sandy32     193.6481100000000         1.000000         0.000000    
    kh_sandy70     78.44636900000000         1.000000         0.000000    
    kh_sandy71     243.2825000000000         1.000000         0.000000    
      kh_ter14     27.29270800000000         1.000000         0.000000    
      kh_ter15     137.6024500000000         1.000000         0.000000    
      kh_ter33     162.7276900000000         1.000000         0.000000    
      kh_ter34     4.388597900000000         1.000000         0.000000    
      kh_ter35     299.5028600000000         1.000000         0.000000    
      kh_ter36     16.52056400000000         1.000000         0.000000    
      kh_ter37     27.89321500000000         1.000000         0.000000    
      kh_ter38    0.6427848400000000         1.000000         0.000000    
      kh_ter39     4.233703200000000         1.000000         0.000000    
      kh_ter80     15.91994600000000         1.000000         0.000000    
      kh_ter81     30.26138600000000         1.000000         0.000000    
      kh_ter82     56.50923600000000         1.000000         0.000000    
      kh_ter83     92.99015600000000         1.000000         0.000000    
      kh_ter84     111.2346500000000         1.000000         0.000000    
      kh_ter85     46.35299900000000         1.000000         0.000000    
      kh_ter86     30.63994400000000         1.000000         0.000000    
      kh_ter87     13.41190900000000         1.000000         0.000000    
      kh_ter88     46.37976300000000         1.000000         0.000000    
      race_all     1.200000000000000         1.000000         0.000000    
       rch_all    0.8684889000000000         1.000000         0.000000    
        riv_c1     190.3723500000000         1.000000         0.000000    
     riv_gview     104.4923100000000         1.000000         0.000000    
        riv_h1     3529.103900000000         1.000000         0.000000    
        riv_h2     616.7497800000000         1.000000         0.000000    
        riv_h3     4595.994700000000         1.000000         0.000000    
      riv_john     92.66839800000000         1.000000         0.000000    
    sy_h_flat1    1.4580119000000001E-02     1.000000         0.000000    
   sy_h_flat10    1.0063104000000000E-02     1.000000         0.000000    
    sy_h_flat2    2.0363437000000002E-02     1.000000         0.000000    
    sy_h_flat3    8.7333792000000004E-03     1.000000         0.000000    
    sy_h_flat4    1.4174905999999999E-02     1.000000         0.000000    
   sy_h_flat45    1.1029067000000000E-02     1.000000         0.000000    
   sy_h_flat46    1.3337028000000001E-02     1.000000         0.000000    
    sy_h_flat5    1.2532875000000001E-02     1.000000         0.000000    
   sy_h_flat51    2.2165543999999999E-02     1.000000         0.000000    
    sy_h_flat6    9.0721523000000005E-03     1.000000         0.000000    
    sy_h_flat7    2.3641415999999998E-02     1.000000         0.000000    
    sy_h_flat8    8.8162649999999995E-02     1.000000         0.000000    
   sy_h_flat89    2.9086140999999999E-02     1.000000         0.000000    
    sy_h_flat9    2.2907943000000000E-02     1.000000         0.000000    
     sy_hill11    8.7944213000000007E-03     1.000000         0.000000    
     sy_hill12    8.2641828000000004E-03     1.000000         0.000000    
     sy_hill13    9.2367791999999997E-03     1.000000         0.000000    
     sy_mang16    1.1017555000000000E-02     1.000000         0.000000    
     sy_mang17    1.8875376999999999E-02     1.000000         0.000000    
     sy_mang18    3.6114182000000000E-03     1.000000         0.000000    
     sy_mang19    3.1616629999999999E-03     1.000000         0.000000    
     sy_mang20    1.0405716000000001E-02     1.000000         0.000000    
     sy_mang21    8.8261908999999993E-03     1.000000         0.000000    
     sy_mang22    9.8824994999999992E-03     1.000000         0.000000    
    sy_riv_g23    1.2730078000000001E-02     1.000000         0.000000    
    sy_riv_g24    1.0473605000000000E-02     1.000000         0.000000    
    sy_riv_g25    1.9350026999999999E-02     1.000000         0.000000    
    sy_riv_g26    1.8380351999999999E-02     1.000000         0.000000    
    sy_riv_g27    9.7079268000000007E-03     1.000000         0.000000    
    sy_riv_g28    9.2614566000000006E-03     1.000000         0.000000    
    sy_riv_g29    1.0169509000000000E-02     1.000000         0.000000    
    sy_riv_g30    1.1204532999999999E-02     1.000000         0.000000    
    sy_riv_g60    1.0775318000000001E-02     1.000000         0.000000    
    sy_riv_g61    1.1240953999999999E-02     1.000000         0.000000    
    sy_riv_g62    1.5282241000000000E-02     1.000000         0.000000    
    sy_riv_g63    1.0741614000000000E-02     1.000000         0.000000    
    sy_sandy31    9.7289284999999993E-03     1.000000         0.000000    
    sy_sandy32    9.8146998999999995E-03     1.000000         0.000000    
    sy_sandy70    9.9965754000000007E-03     1.000000         0.000000    
    sy_sandy71    1.0038300000000000E-02     1.000000         0.000000    
  sy_ss_mor_l0    1.0001922999999999E-04     1.000000         0.000000    
  sy_ss_mor_l1    1.2507651999999999E-04     1.000000         0.000000    
    sy_ss_rest    2.5749364000000001E-04     1.000000         0.000000    
  sy_sy_mor_l0    2.3223349000000001E-02     1.000000         0.000000    
  sy_sy_mor_l1    9.9964125999999994E-04     1.000000         0.000000    
      sy_ter14    1.0657310000000000E-02     1.000000         0.000000    
      sy_ter15    7.8073745999999999E-03     1.000000         0.000000    
      sy_ter33    1.0574840000000000E-02     1.000000         0.000000    
      sy_ter34    4.5603111000000002E-02     1.000000         0.000000    
      sy_ter35    3.9087442000000000E-02     1.000000         0.000000    
      sy_ter36    1.7572200999999999E-02     1.000000         0.000000    
      sy_ter37    2.0116538000000000E-02     1.000000         0.000000    
      sy_ter38    3.8878217000000000E-02     1.000000         0.000000    
      sy_ter39    3.1794284999999999E-02     1.000000         0.000000    
      sy_ter80    2.9711023999999999E-02     1.000000         0.000000    
      sy_ter81    1.9128610000000001E-02     1.000000         0.000000    
      sy_ter82    9.9239767999999996E-03     1.000000         0.000000    
      sy_ter83    1.0770528999999999E-02     1.000000         0.000000    
      sy_ter84    1.0115673000000000E-02     1.000000         0.000000    
      sy_ter85    5.5046867999999999E-02     1.000000         0.000000    
      sy_ter86    1.0712419000000001E-02     1.000000         0.000000    
      sy_ter87    1.5613540000000000E-02     1.000000         0.000000    
      sy_ter88    1.2665835000000000E-02     1.000000         0.000000    
