  single point
     hill_main    0.8483605700000000         1.000000         0.000000    
     hill_mang    0.8750851400000000         1.000000         0.000000    
       hill_se     1.171453300000000         1.000000         0.000000    
    kh_h_flat1     250.3640700000000         1.000000         0.000000    
   kh_h_flat10     426.2735000000000         1.000000         0.000000    
    kh_h_flat2     16.03748900000000         1.000000         0.000000    
    kh_h_flat3     443.2018200000000         1.000000         0.000000    
    kh_h_flat4     44.18219900000000         1.000000         0.000000    
   kh_h_flat45     689.2172600000000         1.000000         0.000000    
   kh_h_flat46     52.42966800000000         1.000000         0.000000    
    kh_h_flat5     1000.000000000000         1.000000         0.000000    
   kh_h_flat51     1000.000000000000         1.000000         0.000000    
    kh_h_flat6     540.9633600000000         1.000000         0.000000    
    kh_h_flat7     1000.000000000000         1.000000         0.000000    
    kh_h_flat8     1000.000000000000         1.000000         0.000000    
   kh_h_flat89     171.5717200000000         1.000000         0.000000    
    kh_h_flat9     791.8062600000000         1.000000         0.000000    
     kh_hill11     284.2836100000000         1.000000         0.000000    
     kh_hill12     345.6524400000000         1.000000         0.000000    
     kh_hill13     314.6945900000000         1.000000         0.000000    
       kh_lake     279.5559100000000         1.000000         0.000000    
     kh_mang16     93.71177800000000         1.000000         0.000000    
     kh_mang17     298.1561600000000         1.000000         0.000000    
     kh_mang18     170.4886100000000         1.000000         0.000000    
     kh_mang19     155.1834100000000         1.000000         0.000000    
     kh_mang20     193.4681700000000         1.000000         0.000000    
     kh_mang21     216.2902900000000         1.000000         0.000000    
     kh_mang22     219.6969400000000         1.000000         0.000000    
     kh_mor_l0     784.5795600000000         1.000000         0.000000    
     kh_mor_l1    1.1892704000000000E-04     1.000000         0.000000    
    kh_riv_g23     73.20737800000001         1.000000         0.000000    
    kh_riv_g24     104.6146000000000         1.000000         0.000000    
    kh_riv_g25     323.7115200000000         1.000000         0.000000    
    kh_riv_g26     179.1952400000000         1.000000         0.000000    
    kh_riv_g27     135.8469700000000         1.000000         0.000000    
    kh_riv_g28     100.9772700000000         1.000000         0.000000    
    kh_riv_g29     193.2654000000000         1.000000         0.000000    
    kh_riv_g30     396.7061100000000         1.000000         0.000000    
    kh_riv_g60     104.1239300000000         1.000000         0.000000    
    kh_riv_g61     92.67145900000000         1.000000         0.000000    
    kh_riv_g62     117.4467200000000         1.000000         0.000000    
    kh_riv_g63     312.6102600000000         1.000000         0.000000    
    kh_sandy31     25.76022400000000         1.000000         0.000000    
    kh_sandy32     201.0018100000000         1.000000         0.000000    
    kh_sandy70     99.19467400000001         1.000000         0.000000    
    kh_sandy71     242.9107200000000         1.000000         0.000000    
      kh_ter14     28.49622200000000         1.000000         0.000000    
      kh_ter15     128.0292900000000         1.000000         0.000000    
      kh_ter33     157.3515700000000         1.000000         0.000000    
      kh_ter34     25.91760300000000         1.000000         0.000000    
      kh_ter35     568.6410900000000         1.000000         0.000000    
      kh_ter36     23.88582700000000         1.000000         0.000000    
      kh_ter37     39.45850700000000         1.000000         0.000000    
      kh_ter38     3.782375700000000         1.000000         0.000000    
      kh_ter39     8.349134200000000         1.000000         0.000000    
      kh_ter80     44.62539800000000         1.000000         0.000000    
      kh_ter81     74.58037100000000         1.000000         0.000000    
      kh_ter82     59.81517500000000         1.000000         0.000000    
      kh_ter83     85.12777100000000         1.000000         0.000000    
      kh_ter84     127.2770900000000         1.000000         0.000000    
      kh_ter85     58.42266600000000         1.000000         0.000000    
      kh_ter86     31.78922100000000         1.000000         0.000000    
      kh_ter87     33.62872800000000         1.000000         0.000000    
      kh_ter88     55.64475700000000         1.000000         0.000000    
      race_all    0.8280997900000000         1.000000         0.000000    
       rch_all     1.006240400000000         1.000000         0.000000    
        riv_c1     608.3667900000000         1.000000         0.000000    
     riv_gview     118.0316300000000         1.000000         0.000000    
        riv_h1     4571.755300000000         1.000000         0.000000    
        riv_h2     533.8844100000000         1.000000         0.000000    
        riv_h3     3523.313500000000         1.000000         0.000000    
      riv_john     93.07075800000000         1.000000         0.000000    
    sy_h_flat1    1.3819048000000000E-02     1.000000         0.000000    
   sy_h_flat10    1.0034519000000000E-02     1.000000         0.000000    
    sy_h_flat2    1.5312723000000000E-02     1.000000         0.000000    
    sy_h_flat3    8.6461578999999997E-03     1.000000         0.000000    
    sy_h_flat4    1.3522248000000001E-02     1.000000         0.000000    
   sy_h_flat45    1.0852427000000000E-02     1.000000         0.000000    
   sy_h_flat46    1.2549810000000000E-02     1.000000         0.000000    
    sy_h_flat5    1.2302461000000001E-02     1.000000         0.000000    
   sy_h_flat51    1.8175488000000000E-02     1.000000         0.000000    
    sy_h_flat6    9.1381695999999991E-03     1.000000         0.000000    
    sy_h_flat7    1.9975410999999998E-02     1.000000         0.000000    
    sy_h_flat8    6.0612089000000001E-02     1.000000         0.000000    
   sy_h_flat89    2.1841599000000000E-02     1.000000         0.000000    
    sy_h_flat9    1.6399173000000000E-02     1.000000         0.000000    
     sy_hill11    8.8631348999999998E-03     1.000000         0.000000    
     sy_hill12    8.3258437999999997E-03     1.000000         0.000000    
     sy_hill13    9.3052424999999998E-03     1.000000         0.000000    
     sy_mang16    1.0730989000000000E-02     1.000000         0.000000    
     sy_mang17    1.6858892000000000E-02     1.000000         0.000000    
     sy_mang18    3.4728532999999998E-03     1.000000         0.000000    
     sy_mang19    3.0079235999999998E-03     1.000000         0.000000    
     sy_mang20    9.7960349999999998E-03     1.000000         0.000000    
     sy_mang21    8.1214731000000002E-03     1.000000         0.000000    
     sy_mang22    9.6940579000000006E-03     1.000000         0.000000    
    sy_riv_g23    1.2527214000000000E-02     1.000000         0.000000    
    sy_riv_g24    1.0420834000000000E-02     1.000000         0.000000    
    sy_riv_g25    1.9040112000000001E-02     1.000000         0.000000    
    sy_riv_g26    1.8209792999999998E-02     1.000000         0.000000    
    sy_riv_g27    9.6966810000000004E-03     1.000000         0.000000    
    sy_riv_g28    9.2308761999999999E-03     1.000000         0.000000    
    sy_riv_g29    1.0116612000000001E-02     1.000000         0.000000    
    sy_riv_g30    1.1140634000000000E-02     1.000000         0.000000    
    sy_riv_g60    1.0774409000000000E-02     1.000000         0.000000    
    sy_riv_g61    1.1046778000000000E-02     1.000000         0.000000    
    sy_riv_g62    1.4297877000000001E-02     1.000000         0.000000    
    sy_riv_g63    1.0556794000000000E-02     1.000000         0.000000    
    sy_sandy31    9.6023649999999999E-03     1.000000         0.000000    
    sy_sandy32    9.7960995000000006E-03     1.000000         0.000000    
    sy_sandy70    9.7602973999999995E-03     1.000000         0.000000    
    sy_sandy71    9.9968655000000003E-03     1.000000         0.000000    
  sy_ss_mor_l0    1.0006896000000000E-04     1.000000         0.000000    
  sy_ss_mor_l1    1.2457275000000000E-04     1.000000         0.000000    
    sy_ss_rest    1.3059330000000000E-04     1.000000         0.000000    
  sy_sy_mor_l0    2.4090770000000001E-02     1.000000         0.000000    
  sy_sy_mor_l1    9.9964125999999994E-04     1.000000         0.000000    
      sy_ter14    1.0806461000000000E-02     1.000000         0.000000    
      sy_ter15    7.9191396999999993E-03     1.000000         0.000000    
      sy_ter33    1.0147181000000000E-02     1.000000         0.000000    
      sy_ter34    2.8027144000000000E-02     1.000000         0.000000    
      sy_ter35    3.1749737000000000E-02     1.000000         0.000000    
      sy_ter36    1.5430940000000001E-02     1.000000         0.000000    
      sy_ter37    1.8372915000000000E-02     1.000000         0.000000    
      sy_ter38    1.9243043000000001E-02     1.000000         0.000000    
      sy_ter39    3.4174703000000001E-02     1.000000         0.000000    
      sy_ter80    2.7541547999999999E-02     1.000000         0.000000    
      sy_ter81    1.6332955000000000E-02     1.000000         0.000000    
      sy_ter82    9.9580290999999998E-03     1.000000         0.000000    
      sy_ter83    9.6655982000000001E-03     1.000000         0.000000    
      sy_ter84    1.0105087000000000E-02     1.000000         0.000000    
      sy_ter85    4.0827404999999997E-02     1.000000         0.000000    
      sy_ter86    1.0321718000000001E-02     1.000000         0.000000    
      sy_ter87    9.0440030000000001E-03     1.000000         0.000000    
      sy_ter88    1.2621186000000000E-02     1.000000         0.000000    
