  single point
     hill_main     1.038372900000000         1.000000         0.000000    
     hill_mang    0.9487818300000000         1.000000         0.000000    
       hill_se     1.200000000000000         1.000000         0.000000    
    kh_h_flat1     85.35500500000001         1.000000         0.000000    
   kh_h_flat10     574.2040200000000         1.000000         0.000000    
    kh_h_flat2     107.5765300000000         1.000000         0.000000    
    kh_h_flat3     471.8140800000000         1.000000         0.000000    
    kh_h_flat4     60.07975000000000         1.000000         0.000000    
   kh_h_flat45     566.5909700000000         1.000000         0.000000    
   kh_h_flat46     50.80049000000000         1.000000         0.000000    
    kh_h_flat5     1000.000000000000         1.000000         0.000000    
   kh_h_flat51     928.3449300000000         1.000000         0.000000    
    kh_h_flat6     558.2175300000000         1.000000         0.000000    
    kh_h_flat7     1000.000000000000         1.000000         0.000000    
    kh_h_flat8     1000.000000000000         1.000000         0.000000    
   kh_h_flat89     209.7022800000000         1.000000         0.000000    
    kh_h_flat9     1000.000000000000         1.000000         0.000000    
     kh_hill11     307.6266700000000         1.000000         0.000000    
     kh_hill12     380.5694200000000         1.000000         0.000000    
     kh_hill13     304.3504600000000         1.000000         0.000000    
       kh_lake     336.4992400000000         1.000000         0.000000    
     kh_mang16     22.57337400000000         1.000000         0.000000    
     kh_mang17     204.0497400000000         1.000000         0.000000    
     kh_mang18     110.3311700000000         1.000000         0.000000    
     kh_mang19     129.7231500000000         1.000000         0.000000    
     kh_mang20     186.5253000000000         1.000000         0.000000    
     kh_mang21     216.0802400000000         1.000000         0.000000    
     kh_mang22     193.8055600000000         1.000000         0.000000    
     kh_mor_l0     777.9880800000000         1.000000         0.000000    
     kh_mor_l1    1.2001231000000000E-04     1.000000         0.000000    
    kh_riv_g23     45.44858400000000         1.000000         0.000000    
    kh_riv_g24     75.99833700000001         1.000000         0.000000    
    kh_riv_g25     246.0552600000000         1.000000         0.000000    
    kh_riv_g26     209.9569600000000         1.000000         0.000000    
    kh_riv_g27     115.0690200000000         1.000000         0.000000    
    kh_riv_g28     77.29672900000000         1.000000         0.000000    
    kh_riv_g29     200.5372100000000         1.000000         0.000000    
    kh_riv_g30     476.1885300000000         1.000000         0.000000    
    kh_riv_g60     81.62922000000000         1.000000         0.000000    
    kh_riv_g61     61.07194300000000         1.000000         0.000000    
    kh_riv_g62     81.28671600000000         1.000000         0.000000    
    kh_riv_g63     231.6930300000000         1.000000         0.000000    
    kh_sandy31     19.57572600000000         1.000000         0.000000    
    kh_sandy32     196.0126800000000         1.000000         0.000000    
    kh_sandy70     84.49409100000000         1.000000         0.000000    
    kh_sandy71     242.2305600000000         1.000000         0.000000    
      kh_ter14     27.90055900000000         1.000000         0.000000    
      kh_ter15     133.4525800000000         1.000000         0.000000    
      kh_ter33     162.8601100000000         1.000000         0.000000    
      kh_ter34     4.571885100000000         1.000000         0.000000    
      kh_ter35     308.0598500000000         1.000000         0.000000    
      kh_ter36     17.77707900000000         1.000000         0.000000    
      kh_ter37     29.37160000000000         1.000000         0.000000    
      kh_ter38    0.7560150700000000         1.000000         0.000000    
      kh_ter39     4.836968000000000         1.000000         0.000000    
      kh_ter80     16.97012400000000         1.000000         0.000000    
      kh_ter81     31.92504500000000         1.000000         0.000000    
      kh_ter82     55.82640600000000         1.000000         0.000000    
      kh_ter83     93.90078300000000         1.000000         0.000000    
      kh_ter84     107.7549700000000         1.000000         0.000000    
      kh_ter85     49.48927400000000         1.000000         0.000000    
      kh_ter86     31.10608000000000         1.000000         0.000000    
      kh_ter87     14.57957700000000         1.000000         0.000000    
      kh_ter88     47.08747300000000         1.000000         0.000000    
      race_all     1.200000000000000         1.000000         0.000000    
       rch_all    0.9684889000000000         1.000000         0.000000    
        riv_c1     206.5433400000000         1.000000         0.000000    
     riv_gview     108.6031500000000         1.000000         0.000000    
        riv_h1     3676.174900000000         1.000000         0.000000    
        riv_h2     604.5998800000000         1.000000         0.000000    
        riv_h3     4549.118900000000         1.000000         0.000000    
      riv_john     92.81600100000000         1.000000         0.000000    
    sy_h_flat1    1.4573430000000000E-02     1.000000         0.000000    
   sy_h_flat10    1.0067028000000000E-02     1.000000         0.000000    
    sy_h_flat2    1.9722910000000000E-02     1.000000         0.000000    
    sy_h_flat3    8.7314952999999994E-03     1.000000         0.000000    
    sy_h_flat4    1.4107381000000000E-02     1.000000         0.000000    
   sy_h_flat45    1.0991832000000000E-02     1.000000         0.000000    
   sy_h_flat46    1.3148112000000000E-02     1.000000         0.000000    
    sy_h_flat5    1.2525392999999999E-02     1.000000         0.000000    
   sy_h_flat51    2.2521343999999999E-02     1.000000         0.000000    
    sy_h_flat6    9.0887178999999995E-03     1.000000         0.000000    
    sy_h_flat7    2.2845082999999999E-02     1.000000         0.000000    
    sy_h_flat8    8.1922419999999996E-02     1.000000         0.000000    
   sy_h_flat89    2.8697552000000001E-02     1.000000         0.000000    
    sy_h_flat9    2.3227305000000000E-02     1.000000         0.000000    
     sy_hill11    8.8144616000000002E-03     1.000000         0.000000    
     sy_hill12    8.2646035000000003E-03     1.000000         0.000000    
     sy_hill13    9.2457336999999997E-03     1.000000         0.000000    
     sy_mang16    1.1059995000000000E-02     1.000000         0.000000    
     sy_mang17    1.8853509000000001E-02     1.000000         0.000000    
     sy_mang18    3.6287169000000000E-03     1.000000         0.000000    
     sy_mang19    3.1729423999999999E-03     1.000000         0.000000    
     sy_mang20    1.0571291999999999E-02     1.000000         0.000000    
     sy_mang21    8.8262618000000004E-03     1.000000         0.000000    
     sy_mang22    9.8605528999999997E-03     1.000000         0.000000    
    sy_riv_g23    1.2675202000000000E-02     1.000000         0.000000    
    sy_riv_g24    1.0450648000000000E-02     1.000000         0.000000    
    sy_riv_g25    1.9233361000000001E-02     1.000000         0.000000    
    sy_riv_g26    1.8322703999999999E-02     1.000000         0.000000    
    sy_riv_g27    9.7042398000000002E-03     1.000000         0.000000    
    sy_riv_g28    9.2651308000000002E-03     1.000000         0.000000    
    sy_riv_g29    1.0145062000000000E-02     1.000000         0.000000    
    sy_riv_g30    1.1180068000000000E-02     1.000000         0.000000    
    sy_riv_g60    1.0758020000000000E-02     1.000000         0.000000    
    sy_riv_g61    1.1168648000000000E-02     1.000000         0.000000    
    sy_riv_g62    1.4982237000000001E-02     1.000000         0.000000    
    sy_riv_g63    1.0673423000000000E-02     1.000000         0.000000    
    sy_sandy31    9.6753340000000007E-03     1.000000         0.000000    
    sy_sandy32    9.7966952999999999E-03     1.000000         0.000000    
    sy_sandy70    9.9231957999999995E-03     1.000000         0.000000    
    sy_sandy71    1.0032324000000000E-02     1.000000         0.000000    
  sy_ss_mor_l0    1.0000359000000000E-04     1.000000         0.000000    
  sy_ss_mor_l1    1.2499116000000001E-04     1.000000         0.000000    
    sy_ss_rest    2.3997965999999999E-04     1.000000         0.000000    
  sy_sy_mor_l0    2.3662559999999999E-02     1.000000         0.000000    
  sy_sy_mor_l1    9.9964125999999994E-04     1.000000         0.000000    
      sy_ter14    1.0726378000000000E-02     1.000000         0.000000    
      sy_ter15    7.8616942999999995E-03     1.000000         0.000000    
      sy_ter33    1.0429503000000000E-02     1.000000         0.000000    
      sy_ter34    4.1646023999999997E-02     1.000000         0.000000    
      sy_ter35    3.7065622999999999E-02     1.000000         0.000000    
      sy_ter36    1.6911679999999998E-02     1.000000         0.000000    
      sy_ter37    1.9611526000000001E-02     1.000000         0.000000    
      sy_ter38    3.3465694999999997E-02     1.000000         0.000000    
      sy_ter39    3.2676441000000001E-02     1.000000         0.000000    
      sy_ter80    2.9865669000000001E-02     1.000000         0.000000    
      sy_ter81    1.8425002999999999E-02     1.000000         0.000000    
      sy_ter82    9.9302638000000002E-03     1.000000         0.000000    
      sy_ter83    1.0507855999999999E-02     1.000000         0.000000    
      sy_ter84    1.0105977000000000E-02     1.000000         0.000000    
      sy_ter85    5.1019931999999997E-02     1.000000         0.000000    
      sy_ter86    1.0613984000000000E-02     1.000000         0.000000    
      sy_ter87    1.4109066000000000E-02     1.000000         0.000000    
      sy_ter88    1.2654656000000000E-02     1.000000         0.000000    
