  single point
     hill_main    0.8000000000000000         1.000000         0.000000    
     hill_mang     1.200000000000000         1.000000         0.000000    
       hill_se     1.200000000000000         1.000000         0.000000    
    kh_h_flat1     65.96746800000000         1.000000         0.000000    
   kh_h_flat10     15.08307000000000         1.000000         0.000000    
    kh_h_flat2     826.3131700000000         1.000000         0.000000    
    kh_h_flat3     1000.000000000000         1.000000         0.000000    
    kh_h_flat4     1000.000000000000         1.000000         0.000000    
   kh_h_flat45     1000.000000000000         1.000000         0.000000    
   kh_h_flat46    0.2149937300000000         1.000000         0.000000    
    kh_h_flat5     1000.000000000000         1.000000         0.000000    
   kh_h_flat51     1000.000000000000         1.000000         0.000000    
    kh_h_flat6     38.45017400000000         1.000000         0.000000    
    kh_h_flat7     1000.000000000000         1.000000         0.000000    
    kh_h_flat8     1000.000000000000         1.000000         0.000000    
   kh_h_flat89     3.668367800000000         1.000000         0.000000    
    kh_h_flat9     472.8715200000000         1.000000         0.000000    
     kh_hill11    0.4514411400000000         1.000000         0.000000    
     kh_hill12     311.1563600000000         1.000000         0.000000    
     kh_hill13     71.98618900000000         1.000000         0.000000    
       kh_lake     21.93947600000000         1.000000         0.000000    
     kh_mang16     21.22134000000000         1.000000         0.000000    
     kh_mang17     46.45925900000000         1.000000         0.000000    
     kh_mang18     52.07121100000000         1.000000         0.000000    
     kh_mang19     5.296612700000000         1.000000         0.000000    
     kh_mang20     43.26188400000000         1.000000         0.000000    
     kh_mang21     71.87903500000000         1.000000         0.000000    
     kh_mang22     18.20010900000000         1.000000         0.000000    
     kh_mor_l0     1000.000000000000         1.000000         0.000000    
     kh_mor_l1    1.1647201999999999E-04     1.000000         0.000000    
    kh_riv_g23     43.60503400000000         1.000000         0.000000    
    kh_riv_g24     54.17172100000000         1.000000         0.000000    
    kh_riv_g25     1000.000000000000         1.000000         0.000000    
    kh_riv_g26     1000.000000000000         1.000000         0.000000    
    kh_riv_g27     90.67466000000000         1.000000         0.000000    
    kh_riv_g28     31.87021300000000         1.000000         0.000000    
    kh_riv_g29     92.93666800000000         1.000000         0.000000    
    kh_riv_g30     867.2891700000000         1.000000         0.000000    
    kh_riv_g60     9.424898300000001         1.000000         0.000000    
    kh_riv_g61     9.254307400000000         1.000000         0.000000    
    kh_riv_g62     56.47946900000000         1.000000         0.000000    
    kh_riv_g63     1000.000000000000         1.000000         0.000000    
    kh_sandy31     7.817989000000000         1.000000         0.000000    
    kh_sandy32     170.1504000000000         1.000000         0.000000    
    kh_sandy70     1.125197400000000         1.000000         0.000000    
    kh_sandy71     28.21991600000000         1.000000         0.000000    
      kh_ter14     5.161266400000000         1.000000         0.000000    
      kh_ter15     653.9769500000000         1.000000         0.000000    
      kh_ter33     49.74135300000000         1.000000         0.000000    
      kh_ter34     73.09419500000000         1.000000         0.000000    
      kh_ter35     1000.000000000000         1.000000         0.000000    
      kh_ter36     3.023599600000000         1.000000         0.000000    
      kh_ter37     1000.000000000000         1.000000         0.000000    
      kh_ter38    0.1526388800000000         1.000000         0.000000    
      kh_ter39    0.6687018100000000         1.000000         0.000000    
      kh_ter80    0.6294373000000000         1.000000         0.000000    
      kh_ter81     44.13619500000000         1.000000         0.000000    
      kh_ter82     1000.000000000000         1.000000         0.000000    
      kh_ter83     64.30061700000000         1.000000         0.000000    
      kh_ter84     1000.000000000000         1.000000         0.000000    
      kh_ter85     26.78067700000000         1.000000         0.000000    
      kh_ter86     4.001091200000000         1.000000         0.000000    
      kh_ter87     1000.000000000000         1.000000         0.000000    
      kh_ter88     6.871406400000000         1.000000         0.000000    
      race_all     1.200000000000000         1.000000         0.000000    
       rch_all    0.5000000000000000         1.000000         0.000000    
        riv_c1     123.4764600000000         1.000000         0.000000    
     riv_gview     1561.427500000000         1.000000         0.000000    
        riv_h1     1852.315900000000         1.000000         0.000000    
        riv_h2     4178.495900000000         1.000000         0.000000    
        riv_h3     4866.260600000000         1.000000         0.000000    
      riv_john     50.00000000000000         1.000000         0.000000    
    sy_h_flat1    1.9263533999999999E-03     1.000000         0.000000    
   sy_h_flat10    2.1396067000000001E-02     1.000000         0.000000    
    sy_h_flat2    3.0984514000000001E-02     1.000000         0.000000    
    sy_h_flat3    2.8270528999999999E-03     1.000000         0.000000    
    sy_h_flat4    0.2840804600000000         1.000000         0.000000    
   sy_h_flat45    4.6654584000000002E-04     1.000000         0.000000    
   sy_h_flat46    4.4274943999999997E-02     1.000000         0.000000    
    sy_h_flat5    1.7628169999999999E-02     1.000000         0.000000    
   sy_h_flat51    6.0202226999999997E-02     1.000000         0.000000    
    sy_h_flat6    5.9214966000000003E-03     1.000000         0.000000    
    sy_h_flat7    1.6425815000000000E-02     1.000000         0.000000    
    sy_h_flat8    7.4704335999999996E-02     1.000000         0.000000    
   sy_h_flat89    0.3000000000000000         1.000000         0.000000    
    sy_h_flat9    0.1029838200000000         1.000000         0.000000    
     sy_hill11    4.4392084999999998E-03     1.000000         0.000000    
     sy_hill12    3.3832246000000000E-03     1.000000         0.000000    
     sy_hill13    5.1133988000000002E-03     1.000000         0.000000    
     sy_mang16    1.5896956000000000E-02     1.000000         0.000000    
     sy_mang17    8.4035524000000000E-02     1.000000         0.000000    
     sy_mang18    9.3249396999999998E-03     1.000000         0.000000    
     sy_mang19    2.5332016999999998E-02     1.000000         0.000000    
     sy_mang20    8.0479588000000005E-02     1.000000         0.000000    
     sy_mang21    5.8315529999999997E-03     1.000000         0.000000    
     sy_mang22    4.5294775999999998E-03     1.000000         0.000000    
    sy_riv_g23    4.4793901000000002E-03     1.000000         0.000000    
    sy_riv_g24    5.6622955999999997E-03     1.000000         0.000000    
    sy_riv_g25    0.2888352400000000         1.000000         0.000000    
    sy_riv_g26    0.3000000000000000         1.000000         0.000000    
    sy_riv_g27    5.5658061999999996E-03     1.000000         0.000000    
    sy_riv_g28    1.2981275000000000E-03     1.000000         0.000000    
    sy_riv_g29    5.2998198999999998E-03     1.000000         0.000000    
    sy_riv_g30    2.4553114000000001E-02     1.000000         0.000000    
    sy_riv_g60    7.1684349000000003E-03     1.000000         0.000000    
    sy_riv_g61    5.7673018000000001E-03     1.000000         0.000000    
    sy_riv_g62    4.6548961999999999E-02     1.000000         0.000000    
    sy_riv_g63    1.0058770999999999E-02     1.000000         0.000000    
    sy_sandy31    7.7037210999999998E-03     1.000000         0.000000    
    sy_sandy32    9.8939474000000003E-03     1.000000         0.000000    
    sy_sandy70    1.8737041999999999E-02     1.000000         0.000000    
    sy_sandy71    1.1359032999999999E-02     1.000000         0.000000    
  sy_ss_mor_l0    8.4033370999999995E-05     1.000000         0.000000    
  sy_ss_mor_l1    1.2766648999999999E-04     1.000000         0.000000    
    sy_ss_rest    1.1244802000000000E-05     1.000000         0.000000    
  sy_sy_mor_l0    6.1676004000000000E-02     1.000000         0.000000    
  sy_sy_mor_l1    9.9928089000000009E-04     1.000000         0.000000    
      sy_ter14    1.3686656000000000E-02     1.000000         0.000000    
      sy_ter15    5.0158186999999998E-03     1.000000         0.000000    
      sy_ter33    1.4642598000000000E-02     1.000000         0.000000    
      sy_ter34    0.3000000000000000         1.000000         0.000000    
      sy_ter35    4.3527468000000000E-02     1.000000         0.000000    
      sy_ter36    0.1855794800000000         1.000000         0.000000    
      sy_ter37    0.1279263000000000         1.000000         0.000000    
      sy_ter38    0.3000000000000000         1.000000         0.000000    
      sy_ter39    6.7260883000000004E-03     1.000000         0.000000    
      sy_ter80    5.0839754000000003E-03     1.000000         0.000000    
      sy_ter81    0.3000000000000000         1.000000         0.000000    
      sy_ter82    5.3723755999999998E-03     1.000000         0.000000    
      sy_ter83    0.1331229400000000         1.000000         0.000000    
      sy_ter84    5.6005704999999998E-03     1.000000         0.000000    
      sy_ter85    0.1286645600000000         1.000000         0.000000    
      sy_ter86    2.3266892000000001E-02     1.000000         0.000000    
      sy_ter87    0.3000000000000000         1.000000         0.000000    
      sy_ter88    5.2994762999999997E-03     1.000000         0.000000    
