  single point
     hill_main    0.8367435100000000         1.000000         0.000000    
     hill_mang     1.015060200000000         1.000000         0.000000    
       hill_se     1.114612200000000         1.000000         0.000000    
    kh_h_flat1     185.3370300000000         1.000000         0.000000    
   kh_h_flat10     1000.000000000000         1.000000         0.000000    
    kh_h_flat2     363.8312800000000         1.000000         0.000000    
    kh_h_flat3     1000.000000000000         1.000000         0.000000    
    kh_h_flat4     296.1467600000000         1.000000         0.000000    
   kh_h_flat45     853.0713700000000         1.000000         0.000000    
   kh_h_flat46     50.47568000000000         1.000000         0.000000    
    kh_h_flat5     1000.000000000000         1.000000         0.000000    
   kh_h_flat51     705.5904000000000         1.000000         0.000000    
    kh_h_flat6     966.8409400000000         1.000000         0.000000    
    kh_h_flat7     1000.000000000000         1.000000         0.000000    
    kh_h_flat8     1000.000000000000         1.000000         0.000000    
   kh_h_flat89     51.80546400000000         1.000000         0.000000    
    kh_h_flat9     942.8249499999999         1.000000         0.000000    
     kh_hill11     166.7401900000000         1.000000         0.000000    
     kh_hill12     415.4341300000000         1.000000         0.000000    
     kh_hill13     206.8794500000000         1.000000         0.000000    
       kh_lake     23.03186700000000         1.000000         0.000000    
     kh_mang16     12.60182300000000         1.000000         0.000000    
     kh_mang17     79.86419600000001         1.000000         0.000000    
     kh_mang18     33.22499800000000         1.000000         0.000000    
     kh_mang19     95.56080799999999         1.000000         0.000000    
     kh_mang20     178.3267300000000         1.000000         0.000000    
     kh_mang21     42.03035400000000         1.000000         0.000000    
     kh_mang22     89.76632800000000         1.000000         0.000000    
     kh_mor_l0     824.5083200000000         1.000000         0.000000    
     kh_mor_l1    1.1516060000000000E-04     1.000000         0.000000    
    kh_riv_g23     131.5553200000000         1.000000         0.000000    
    kh_riv_g24     131.9717200000000         1.000000         0.000000    
    kh_riv_g25     297.6487700000000         1.000000         0.000000    
    kh_riv_g26     302.9957700000000         1.000000         0.000000    
    kh_riv_g27     122.8746100000000         1.000000         0.000000    
    kh_riv_g28     54.16842600000000         1.000000         0.000000    
    kh_riv_g29     65.50695899999999         1.000000         0.000000    
    kh_riv_g30     374.9217800000000         1.000000         0.000000    
    kh_riv_g60     21.26899800000000         1.000000         0.000000    
    kh_riv_g61     17.35256900000000         1.000000         0.000000    
    kh_riv_g62     25.26664700000000         1.000000         0.000000    
    kh_riv_g63     362.3334800000000         1.000000         0.000000    
    kh_sandy31     28.53275800000000         1.000000         0.000000    
    kh_sandy32     155.8143300000000         1.000000         0.000000    
    kh_sandy70     25.92786900000000         1.000000         0.000000    
    kh_sandy71     77.23595200000000         1.000000         0.000000    
      kh_ter14     13.31286500000000         1.000000         0.000000    
      kh_ter15     283.0693200000000         1.000000         0.000000    
      kh_ter33     306.1300800000000         1.000000         0.000000    
      kh_ter34     8.380765900000000         1.000000         0.000000    
      kh_ter35     852.9494900000000         1.000000         0.000000    
      kh_ter36     10.78113300000000         1.000000         0.000000    
      kh_ter37     398.3043800000000         1.000000         0.000000    
      kh_ter38    0.3281666800000000         1.000000         0.000000    
      kh_ter39     2.779388800000000         1.000000         0.000000    
      kh_ter80     3.977528600000000         1.000000         0.000000    
      kh_ter81     45.01545700000000         1.000000         0.000000    
      kh_ter82     197.3084400000000         1.000000         0.000000    
      kh_ter83     193.9033900000000         1.000000         0.000000    
      kh_ter84     404.5476300000000         1.000000         0.000000    
      kh_ter85     23.67176300000000         1.000000         0.000000    
      kh_ter86     15.69738000000000         1.000000         0.000000    
      kh_ter87     50.51113700000000         1.000000         0.000000    
      kh_ter88     7.271074600000000         1.000000         0.000000    
      race_all     1.200000000000000         1.000000         0.000000    
       rch_all    0.5000000000000000         1.000000         0.000000    
        riv_c1     220.4553000000000         1.000000         0.000000    
     riv_gview     77.08641600000000         1.000000         0.000000    
        riv_h1     1977.435600000000         1.000000         0.000000    
        riv_h2     821.1757000000000         1.000000         0.000000    
        riv_h3     2315.299100000000         1.000000         0.000000    
      riv_john     50.75283800000000         1.000000         0.000000    
    sy_h_flat1    1.6839065000000000E-02     1.000000         0.000000    
   sy_h_flat10    9.2597710000000000E-03     1.000000         0.000000    
    sy_h_flat2    1.1871668000000000E-02     1.000000         0.000000    
    sy_h_flat3    2.8013407000000001E-03     1.000000         0.000000    
    sy_h_flat4    2.6092046000000001E-02     1.000000         0.000000    
   sy_h_flat45    2.0854572999999999E-03     1.000000         0.000000    
   sy_h_flat46    9.4274323000000000E-03     1.000000         0.000000    
    sy_h_flat5    1.7552815999999999E-02     1.000000         0.000000    
   sy_h_flat51    1.9648925000000001E-02     1.000000         0.000000    
    sy_h_flat6    6.7470398000000001E-03     1.000000         0.000000    
    sy_h_flat7    7.8949271000000008E-03     1.000000         0.000000    
    sy_h_flat8    0.2145331600000000         1.000000         0.000000    
   sy_h_flat89    7.7053536000000006E-02     1.000000         0.000000    
    sy_h_flat9    5.0686314000000003E-02     1.000000         0.000000    
     sy_hill11    5.0197070000000000E-03     1.000000         0.000000    
     sy_hill12    4.0517130999999998E-03     1.000000         0.000000    
     sy_hill13    5.7230062000000002E-03     1.000000         0.000000    
     sy_mang16    6.9760569999999999E-03     1.000000         0.000000    
     sy_mang17    0.2817887800000000         1.000000         0.000000    
     sy_mang18    3.1528793000000000E-03     1.000000         0.000000    
     sy_mang19    2.9339569000000000E-03     1.000000         0.000000    
     sy_mang20    1.5598823000000000E-02     1.000000         0.000000    
     sy_mang21    8.1911528000000004E-03     1.000000         0.000000    
     sy_mang22    6.1483311000000004E-03     1.000000         0.000000    
    sy_riv_g23    1.0267863000000000E-02     1.000000         0.000000    
    sy_riv_g24    9.5374602999999999E-03     1.000000         0.000000    
    sy_riv_g25    0.1533324900000000         1.000000         0.000000    
    sy_riv_g26    0.2922823100000000         1.000000         0.000000    
    sy_riv_g27    7.7876728999999997E-03     1.000000         0.000000    
    sy_riv_g28    6.4249718999999997E-03     1.000000         0.000000    
    sy_riv_g29    7.5427777999999999E-03     1.000000         0.000000    
    sy_riv_g30    1.5724465999999999E-02     1.000000         0.000000    
    sy_riv_g60    8.9944803999999993E-03     1.000000         0.000000    
    sy_riv_g61    9.0817869999999992E-03     1.000000         0.000000    
    sy_riv_g62    1.6202336000000001E-02     1.000000         0.000000    
    sy_riv_g63    8.0608610000000008E-03     1.000000         0.000000    
    sy_sandy31    6.9079833999999996E-03     1.000000         0.000000    
    sy_sandy32    8.6099734000000001E-03     1.000000         0.000000    
    sy_sandy70    7.0985055000000003E-03     1.000000         0.000000    
    sy_sandy71    7.9316360000000006E-03     1.000000         0.000000    
  sy_ss_mor_l0    8.1016237999999996E-05     1.000000         0.000000    
  sy_ss_mor_l1    1.3960378000000000E-04     1.000000         0.000000    
    sy_ss_rest    1.3808089000000001E-05     1.000000         0.000000    
  sy_sy_mor_l0    0.2070293200000000         1.000000         0.000000    
  sy_sy_mor_l1    9.9931430999999991E-04     1.000000         0.000000    
      sy_ter14    8.0277627999999993E-03     1.000000         0.000000    
      sy_ter15    7.5191451999999997E-03     1.000000         0.000000    
      sy_ter33    6.4469534999999998E-03     1.000000         0.000000    
      sy_ter34    9.5571210000000004E-02     1.000000         0.000000    
      sy_ter35    0.2018365300000000         1.000000         0.000000    
      sy_ter36    5.8404749999999998E-02     1.000000         0.000000    
      sy_ter37    1.4936222000000001E-02     1.000000         0.000000    
      sy_ter38    8.7660929999999998E-02     1.000000         0.000000    
      sy_ter39    3.2797501999999999E-02     1.000000         0.000000    
      sy_ter80    1.5222589999999999E-02     1.000000         0.000000    
      sy_ter81    2.9670661000000001E-02     1.000000         0.000000    
      sy_ter82    8.0225456999999997E-03     1.000000         0.000000    
      sy_ter83    1.5143141000000001E-02     1.000000         0.000000    
      sy_ter84    8.2653620999999997E-03     1.000000         0.000000    
      sy_ter85    3.4407143000000001E-02     1.000000         0.000000    
      sy_ter86    5.7159450000000001E-03     1.000000         0.000000    
      sy_ter87    3.2403341000000002E-02     1.000000         0.000000    
      sy_ter88    1.2256065999999999E-02     1.000000         0.000000    
