  single point
     hill_main    0.8000000000000000         1.000000         0.000000    
     hill_mang     1.200000000000000         1.000000         0.000000    
       hill_se     1.200000000000000         1.000000         0.000000    
    kh_h_flat1     65.96746800000000         1.000000         0.000000    
   kh_h_flat10     15.08307000000000         1.000000         0.000000    
    kh_h_flat2     611.2308800000000         1.000000         0.000000    
    kh_h_flat3     1000.000000000000         1.000000         0.000000    
    kh_h_flat4     1000.000000000000         1.000000         0.000000    
   kh_h_flat45     1000.000000000000         1.000000         0.000000    
   kh_h_flat46    0.2149937300000000         1.000000         0.000000    
    kh_h_flat5     1000.000000000000         1.000000         0.000000    
   kh_h_flat51     1000.000000000000         1.000000         0.000000    
    kh_h_flat6     38.45017400000000         1.000000         0.000000    
    kh_h_flat7     1000.000000000000         1.000000         0.000000    
    kh_h_flat8     1000.000000000000         1.000000         0.000000    
   kh_h_flat89     3.668367800000000         1.000000         0.000000    
    kh_h_flat9     472.8715200000000         1.000000         0.000000    
     kh_hill11     4.473807400000000         1.000000         0.000000    
     kh_hill12     612.0066600000000         1.000000         0.000000    
     kh_hill13     82.55354100000000         1.000000         0.000000    
       kh_lake     21.93947600000000         1.000000         0.000000    
     kh_mang16     23.69535400000000         1.000000         0.000000    
     kh_mang17     33.61314100000000         1.000000         0.000000    
     kh_mang18     58.11233900000000         1.000000         0.000000    
     kh_mang19     5.283596700000000         1.000000         0.000000    
     kh_mang20     45.16558000000000         1.000000         0.000000    
     kh_mang21     42.94597400000000         1.000000         0.000000    
     kh_mang22     28.14807400000000         1.000000         0.000000    
     kh_mor_l0     1000.000000000000         1.000000         0.000000    
     kh_mor_l1    1.2683852999999999E-04     1.000000         0.000000    
    kh_riv_g23     53.83483900000000         1.000000         0.000000    
    kh_riv_g24     64.69989300000000         1.000000         0.000000    
    kh_riv_g25     1000.000000000000         1.000000         0.000000    
    kh_riv_g26     1000.000000000000         1.000000         0.000000    
    kh_riv_g27     85.92594699999999         1.000000         0.000000    
    kh_riv_g28     32.48367800000000         1.000000         0.000000    
    kh_riv_g29     60.78590800000000         1.000000         0.000000    
    kh_riv_g30     1000.000000000000         1.000000         0.000000    
    kh_riv_g60     7.830792400000000         1.000000         0.000000    
    kh_riv_g61     8.872366700000001         1.000000         0.000000    
    kh_riv_g62     40.75888200000000         1.000000         0.000000    
    kh_riv_g63     998.9108800000000         1.000000         0.000000    
    kh_sandy31     6.349156500000000         1.000000         0.000000    
    kh_sandy32     180.6719700000000         1.000000         0.000000    
    kh_sandy70     1.557201000000000         1.000000         0.000000    
    kh_sandy71     42.74259400000000         1.000000         0.000000    
      kh_ter14     6.026017000000000         1.000000         0.000000    
      kh_ter15     710.8349100000000         1.000000         0.000000    
      kh_ter33     71.67838100000000         1.000000         0.000000    
      kh_ter34     74.12718500000000         1.000000         0.000000    
      kh_ter35     1000.000000000000         1.000000         0.000000    
      kh_ter36     3.568299100000000         1.000000         0.000000    
      kh_ter37     1000.000000000000         1.000000         0.000000    
      kh_ter38    0.1547093100000000         1.000000         0.000000    
      kh_ter39    0.5832166800000000         1.000000         0.000000    
      kh_ter80    0.7438288800000000         1.000000         0.000000    
      kh_ter81     37.33582700000000         1.000000         0.000000    
      kh_ter82     999.1853400000000         1.000000         0.000000    
      kh_ter83     61.52695600000000         1.000000         0.000000    
      kh_ter84     1000.000000000000         1.000000         0.000000    
      kh_ter85     22.77254700000000         1.000000         0.000000    
      kh_ter86     5.446342800000000         1.000000         0.000000    
      kh_ter87     1000.000000000000         1.000000         0.000000    
      kh_ter88     6.787605100000000         1.000000         0.000000    
      race_all     1.200000000000000         1.000000         0.000000    
       rch_all    0.5000000000000000         1.000000         0.000000    
        riv_c1     128.6981600000000         1.000000         0.000000    
     riv_gview     383.2251700000000         1.000000         0.000000    
        riv_h1     1852.315900000000         1.000000         0.000000    
        riv_h2     3872.824100000000         1.000000         0.000000    
        riv_h3     5140.668900000000         1.000000         0.000000    
      riv_john     50.00000000000000         1.000000         0.000000    
    sy_h_flat1    2.5511986000000000E-03     1.000000         0.000000    
   sy_h_flat10    2.1144554999999999E-02     1.000000         0.000000    
    sy_h_flat2    3.1028495999999999E-02     1.000000         0.000000    
    sy_h_flat3    2.6469233999999999E-03     1.000000         0.000000    
    sy_h_flat4    0.3000000000000000         1.000000         0.000000    
   sy_h_flat45    4.6664986000000000E-04     1.000000         0.000000    
   sy_h_flat46    4.4274943999999997E-02     1.000000         0.000000    
    sy_h_flat5    1.7628169999999999E-02     1.000000         0.000000    
   sy_h_flat51    6.0227203999999999E-02     1.000000         0.000000    
    sy_h_flat6    5.8967116999999996E-03     1.000000         0.000000    
    sy_h_flat7    1.4601869000000000E-02     1.000000         0.000000    
    sy_h_flat8    7.4704335999999996E-02     1.000000         0.000000    
   sy_h_flat89    0.3000000000000000         1.000000         0.000000    
    sy_h_flat9    0.1037998100000000         1.000000         0.000000    
     sy_hill11    5.5460529999999996E-03     1.000000         0.000000    
     sy_hill12    3.4797744999999999E-03     1.000000         0.000000    
     sy_hill13    5.1816895999999999E-03     1.000000         0.000000    
     sy_mang16    1.3083538000000000E-02     1.000000         0.000000    
     sy_mang17    8.2573588000000003E-02     1.000000         0.000000    
     sy_mang18    8.5611221000000005E-03     1.000000         0.000000    
     sy_mang19    2.6153005999999999E-02     1.000000         0.000000    
     sy_mang20    6.6283102999999996E-02     1.000000         0.000000    
     sy_mang21    6.8983956000000001E-03     1.000000         0.000000    
     sy_mang22    4.4326095000000003E-03     1.000000         0.000000    
    sy_riv_g23    5.4095764000000003E-03     1.000000         0.000000    
    sy_riv_g24    5.6329051000000002E-03     1.000000         0.000000    
    sy_riv_g25    0.2678307300000000         1.000000         0.000000    
    sy_riv_g26    0.3000000000000000         1.000000         0.000000    
    sy_riv_g27    5.8136767999999997E-03     1.000000         0.000000    
    sy_riv_g28    1.7509679000000001E-03     1.000000         0.000000    
    sy_riv_g29    6.5208654000000000E-03     1.000000         0.000000    
    sy_riv_g30    3.2715903999999997E-02     1.000000         0.000000    
    sy_riv_g60    7.2728015000000003E-03     1.000000         0.000000    
    sy_riv_g61    5.4538229000000004E-03     1.000000         0.000000    
    sy_riv_g62    4.3884382999999999E-02     1.000000         0.000000    
    sy_riv_g63    1.1462177000000000E-02     1.000000         0.000000    
    sy_sandy31    7.7532699000000000E-03     1.000000         0.000000    
    sy_sandy32    8.9602885999999996E-03     1.000000         0.000000    
    sy_sandy70    1.4360523000000000E-02     1.000000         0.000000    
    sy_sandy71    1.1072014000000000E-02     1.000000         0.000000    
  sy_ss_mor_l0    8.3239825000000004E-05     1.000000         0.000000    
  sy_ss_mor_l1    1.2717176000000000E-04     1.000000         0.000000    
    sy_ss_rest    1.1105308000000000E-05     1.000000         0.000000    
  sy_sy_mor_l0    6.5567957999999996E-02     1.000000         0.000000    
  sy_sy_mor_l1    9.9928060999999991E-04     1.000000         0.000000    
      sy_ter14    1.2789985000000000E-02     1.000000         0.000000    
      sy_ter15    5.0630756000000004E-03     1.000000         0.000000    
      sy_ter33    1.0136463000000000E-02     1.000000         0.000000    
      sy_ter34    0.3000000000000000         1.000000         0.000000    
      sy_ter35    3.3809788000000000E-02     1.000000         0.000000    
      sy_ter36    0.1316187100000000         1.000000         0.000000    
      sy_ter37    8.9518686000000000E-02     1.000000         0.000000    
      sy_ter38    0.3000000000000000         1.000000         0.000000    
      sy_ter39    9.8490352999999996E-03     1.000000         0.000000    
      sy_ter80    1.9058313000000001E-03     1.000000         0.000000    
      sy_ter81    0.1888687900000000         1.000000         0.000000    
      sy_ter82    5.8270394000000001E-03     1.000000         0.000000    
      sy_ter83    3.9328639999999998E-02     1.000000         0.000000    
      sy_ter84    5.6531187999999998E-03     1.000000         0.000000    
      sy_ter85    0.1751393000000000         1.000000         0.000000    
      sy_ter86    1.2424485000000001E-02     1.000000         0.000000    
      sy_ter87    0.3000000000000000         1.000000         0.000000    
      sy_ter88    5.9655664000000004E-03     1.000000         0.000000    
