  single point
     hill_main    0.8020161099999999         1.000000         0.000000    
     hill_mang     1.081021200000000         1.000000         0.000000    
       hill_se     1.200000000000000         1.000000         0.000000    
    kh_h_flat1     193.2386700000000         1.000000         0.000000    
   kh_h_flat10     993.9650700000000         1.000000         0.000000    
    kh_h_flat2     335.2565500000000         1.000000         0.000000    
    kh_h_flat3     1000.000000000000         1.000000         0.000000    
    kh_h_flat4     454.7046200000000         1.000000         0.000000    
   kh_h_flat45     1000.000000000000         1.000000         0.000000    
   kh_h_flat46     30.42841400000000         1.000000         0.000000    
    kh_h_flat5     1000.000000000000         1.000000         0.000000    
   kh_h_flat51     722.5607199999999         1.000000         0.000000    
    kh_h_flat6     902.9634600000001         1.000000         0.000000    
    kh_h_flat7     1000.000000000000         1.000000         0.000000    
    kh_h_flat8     1000.000000000000         1.000000         0.000000    
   kh_h_flat89     24.34643700000000         1.000000         0.000000    
    kh_h_flat9     766.7920100000000         1.000000         0.000000    
     kh_hill11     163.7010700000000         1.000000         0.000000    
     kh_hill12     432.0014100000000         1.000000         0.000000    
     kh_hill13     200.8383200000000         1.000000         0.000000    
       kh_lake     15.43933900000000         1.000000         0.000000    
     kh_mang16     14.21649500000000         1.000000         0.000000    
     kh_mang17     64.36689800000001         1.000000         0.000000    
     kh_mang18     26.61068000000000         1.000000         0.000000    
     kh_mang19     80.34349899999999         1.000000         0.000000    
     kh_mang20     167.4778400000000         1.000000         0.000000    
     kh_mang21     41.72766300000000         1.000000         0.000000    
     kh_mang22     87.00492500000000         1.000000         0.000000    
     kh_mor_l0     758.0711200000000         1.000000         0.000000    
     kh_mor_l1    1.1518258000000000E-04     1.000000         0.000000    
    kh_riv_g23     117.5122500000000         1.000000         0.000000    
    kh_riv_g24     109.7016900000000         1.000000         0.000000    
    kh_riv_g25     299.0097300000000         1.000000         0.000000    
    kh_riv_g26     307.8419100000000         1.000000         0.000000    
    kh_riv_g27     113.1863700000000         1.000000         0.000000    
    kh_riv_g28     49.01776400000000         1.000000         0.000000    
    kh_riv_g29     69.73310300000000         1.000000         0.000000    
    kh_riv_g30     396.0551700000000         1.000000         0.000000    
    kh_riv_g60     19.69379900000000         1.000000         0.000000    
    kh_riv_g61     16.30585700000000         1.000000         0.000000    
    kh_riv_g62     27.37026400000000         1.000000         0.000000    
    kh_riv_g63     350.6730400000000         1.000000         0.000000    
    kh_sandy31     14.91485500000000         1.000000         0.000000    
    kh_sandy32     148.0014000000000         1.000000         0.000000    
    kh_sandy70     18.16580300000000         1.000000         0.000000    
    kh_sandy71     76.10401299999999         1.000000         0.000000    
      kh_ter14     13.27918700000000         1.000000         0.000000    
      kh_ter15     322.9891200000000         1.000000         0.000000    
      kh_ter33     322.5890800000000         1.000000         0.000000    
      kh_ter34     9.005274999999999         1.000000         0.000000    
      kh_ter35     894.1020900000000         1.000000         0.000000    
      kh_ter36     9.747761300000001         1.000000         0.000000    
      kh_ter37     402.5960300000000         1.000000         0.000000    
      kh_ter38    0.2630185600000000         1.000000         0.000000    
      kh_ter39     1.969065300000000         1.000000         0.000000    
      kh_ter80     3.834362800000000         1.000000         0.000000    
      kh_ter81     40.51768400000000         1.000000         0.000000    
      kh_ter82     212.9585400000000         1.000000         0.000000    
      kh_ter83     193.5486800000000         1.000000         0.000000    
      kh_ter84     467.6619600000000         1.000000         0.000000    
      kh_ter85     20.25437600000000         1.000000         0.000000    
      kh_ter86     14.84924900000000         1.000000         0.000000    
      kh_ter87     44.85416200000000         1.000000         0.000000    
      kh_ter88     7.103817900000000         1.000000         0.000000    
      race_all     1.200000000000000         1.000000         0.000000    
       rch_all    0.5000000000000000         1.000000         0.000000    
        riv_c1     189.3913800000000         1.000000         0.000000    
     riv_gview     67.44658699999999         1.000000         0.000000    
        riv_h1     1839.020200000000         1.000000         0.000000    
        riv_h2     849.8436600000000         1.000000         0.000000    
        riv_h3     2575.744900000000         1.000000         0.000000    
      riv_john     50.00000000000000         1.000000         0.000000    
    sy_h_flat1    1.7604590000000000E-02     1.000000         0.000000    
   sy_h_flat10    9.2892915999999992E-03     1.000000         0.000000    
    sy_h_flat2    1.2814618999999999E-02     1.000000         0.000000    
    sy_h_flat3    2.8102336999999999E-03     1.000000         0.000000    
    sy_h_flat4    2.6378071999999999E-02     1.000000         0.000000    
   sy_h_flat45    2.0927167999999999E-03     1.000000         0.000000    
   sy_h_flat46    9.6031224000000005E-03     1.000000         0.000000    
    sy_h_flat5    1.7862146999999998E-02     1.000000         0.000000    
   sy_h_flat51    2.2467687000000000E-02     1.000000         0.000000    
    sy_h_flat6    6.7439199999999996E-03     1.000000         0.000000    
    sy_h_flat7    8.0132894000000000E-03     1.000000         0.000000    
    sy_h_flat8    0.2302596500000000         1.000000         0.000000    
   sy_h_flat89    0.1038201700000000         1.000000         0.000000    
    sy_h_flat9    6.6928948000000002E-02     1.000000         0.000000    
     sy_hill11    4.9738342000000000E-03     1.000000         0.000000    
     sy_hill12    4.0243262999999996E-03     1.000000         0.000000    
     sy_hill13    5.7087446000000002E-03     1.000000         0.000000    
     sy_mang16    6.8996930000000001E-03     1.000000         0.000000    
     sy_mang17    0.3000000000000000         1.000000         0.000000    
     sy_mang18    4.1065051999999999E-03     1.000000         0.000000    
     sy_mang19    4.1852712000000000E-03     1.000000         0.000000    
     sy_mang20    2.3102712000000001E-02     1.000000         0.000000    
     sy_mang21    1.0891692000000000E-02     1.000000         0.000000    
     sy_mang22    6.0577775999999996E-03     1.000000         0.000000    
    sy_riv_g23    1.0308885000000000E-02     1.000000         0.000000    
    sy_riv_g24    9.5684188000000007E-03     1.000000         0.000000    
    sy_riv_g25    0.1645703700000000         1.000000         0.000000    
    sy_riv_g26    0.3000000000000000         1.000000         0.000000    
    sy_riv_g27    7.7570733999999999E-03     1.000000         0.000000    
    sy_riv_g28    6.3952395999999998E-03     1.000000         0.000000    
    sy_riv_g29    7.5351821999999997E-03     1.000000         0.000000    
    sy_riv_g30    1.5908184999999998E-02     1.000000         0.000000    
    sy_riv_g60    8.9523620000000002E-03     1.000000         0.000000    
    sy_riv_g61    9.2482716999999996E-03     1.000000         0.000000    
    sy_riv_g62    1.7816918000000001E-02     1.000000         0.000000    
    sy_riv_g63    8.2363592999999992E-03     1.000000         0.000000    
    sy_sandy31    6.9728419000000003E-03     1.000000         0.000000    
    sy_sandy32    8.6683114999999995E-03     1.000000         0.000000    
    sy_sandy70    7.3625310000000003E-03     1.000000         0.000000    
    sy_sandy71    7.9578410000000002E-03     1.000000         0.000000    
  sy_ss_mor_l0    8.1039599000000000E-05     1.000000         0.000000    
  sy_ss_mor_l1    1.3945940000000001E-04     1.000000         0.000000    
    sy_ss_rest    1.4584237000000000E-05     1.000000         0.000000    
  sy_sy_mor_l0    0.1666049100000000         1.000000         0.000000    
  sy_sy_mor_l1    9.9931430999999991E-04     1.000000         0.000000    
      sy_ter14    7.8477002999999997E-03     1.000000         0.000000    
      sy_ter15    7.3375302999999998E-03     1.000000         0.000000    
      sy_ter33    6.7312505000000000E-03     1.000000         0.000000    
      sy_ter34    0.1100149300000000         1.000000         0.000000    
      sy_ter35    0.2258578800000000         1.000000         0.000000    
      sy_ter36    6.8107101000000003E-02     1.000000         0.000000    
      sy_ter37    1.6612512999999999E-02     1.000000         0.000000    
      sy_ter38    0.1261420300000000         1.000000         0.000000    
      sy_ter39    3.0861291999999999E-02     1.000000         0.000000    
      sy_ter80    1.5344475000000000E-02     1.000000         0.000000    
      sy_ter81    3.1638554999999999E-02     1.000000         0.000000    
      sy_ter82    8.0018182000000000E-03     1.000000         0.000000    
      sy_ter83    1.5992557000000001E-02     1.000000         0.000000    
      sy_ter84    8.2562890999999996E-03     1.000000         0.000000    
      sy_ter85    4.3170449000000000E-02     1.000000         0.000000    
      sy_ter86    6.0323560000000000E-03     1.000000         0.000000    
      sy_ter87    3.8744197000000001E-02     1.000000         0.000000    
      sy_ter88    1.2289978000000000E-02     1.000000         0.000000    
