  single point
     hill_main    0.8000000000000000         1.000000         0.000000    
     hill_mang     1.200000000000000         1.000000         0.000000    
       hill_se     1.200000000000000         1.000000         0.000000    
    kh_h_flat1     65.95050400000000         1.000000         0.000000    
   kh_h_flat10     15.07936500000000         1.000000         0.000000    
    kh_h_flat2     674.3011400000000         1.000000         0.000000    
    kh_h_flat3     1000.000000000000         1.000000         0.000000    
    kh_h_flat4     1000.000000000000         1.000000         0.000000    
   kh_h_flat45     1000.000000000000         1.000000         0.000000    
   kh_h_flat46    0.2146931600000000         1.000000         0.000000    
    kh_h_flat5     1000.000000000000         1.000000         0.000000    
   kh_h_flat51     1000.000000000000         1.000000         0.000000    
    kh_h_flat6     38.43168400000000         1.000000         0.000000    
    kh_h_flat7     1000.000000000000         1.000000         0.000000    
    kh_h_flat8     1000.000000000000         1.000000         0.000000    
   kh_h_flat89     3.668117100000000         1.000000         0.000000    
    kh_h_flat9     472.7613100000000         1.000000         0.000000    
     kh_hill11     4.516322200000000         1.000000         0.000000    
     kh_hill12     613.5982299999999         1.000000         0.000000    
     kh_hill13     82.18052400000001         1.000000         0.000000    
       kh_lake     6.156445300000000         1.000000         0.000000    
     kh_mang16     23.89385400000000         1.000000         0.000000    
     kh_mang17     33.68548000000000         1.000000         0.000000    
     kh_mang18     68.39397500000000         1.000000         0.000000    
     kh_mang19     6.148083300000000         1.000000         0.000000    
     kh_mang20     50.25862000000000         1.000000         0.000000    
     kh_mang21     42.91380300000000         1.000000         0.000000    
     kh_mang22     28.09290000000000         1.000000         0.000000    
     kh_mor_l0     1000.000000000000         1.000000         0.000000    
     kh_mor_l1    1.2697040000000001E-04     1.000000         0.000000    
    kh_riv_g23     53.72914800000000         1.000000         0.000000    
    kh_riv_g24     63.33766900000000         1.000000         0.000000    
    kh_riv_g25     1000.000000000000         1.000000         0.000000    
    kh_riv_g26     1000.000000000000         1.000000         0.000000    
    kh_riv_g27     83.25520299999999         1.000000         0.000000    
    kh_riv_g28     32.33585500000000         1.000000         0.000000    
    kh_riv_g29     61.69214200000000         1.000000         0.000000    
    kh_riv_g30     1000.000000000000         1.000000         0.000000    
    kh_riv_g60     7.799016200000000         1.000000         0.000000    
    kh_riv_g61     8.682617100000000         1.000000         0.000000    
    kh_riv_g62     29.68401000000000         1.000000         0.000000    
    kh_riv_g63     1000.000000000000         1.000000         0.000000    
    kh_sandy31     5.815913000000000         1.000000         0.000000    
    kh_sandy32     182.0694100000000         1.000000         0.000000    
    kh_sandy70     1.466076600000000         1.000000         0.000000    
    kh_sandy71     43.24541100000000         1.000000         0.000000    
      kh_ter14     6.386280800000000         1.000000         0.000000    
      kh_ter15     616.9773400000000         1.000000         0.000000    
      kh_ter33     73.67719099999999         1.000000         0.000000    
      kh_ter34     73.10861800000001         1.000000         0.000000    
      kh_ter35     1000.000000000000         1.000000         0.000000    
      kh_ter36     3.499028000000000         1.000000         0.000000    
      kh_ter37     1000.000000000000         1.000000         0.000000    
      kh_ter38    0.1526810900000000         1.000000         0.000000    
      kh_ter39    0.5811310600000000         1.000000         0.000000    
      kh_ter80    0.7090988499999999         1.000000         0.000000    
      kh_ter81     35.81209500000000         1.000000         0.000000    
      kh_ter82     1000.000000000000         1.000000         0.000000    
      kh_ter83     61.87722100000000         1.000000         0.000000    
      kh_ter84     1000.000000000000         1.000000         0.000000    
      kh_ter85     22.13026100000000         1.000000         0.000000    
      kh_ter86     5.828811400000000         1.000000         0.000000    
      kh_ter87     1000.000000000000         1.000000         0.000000    
      kh_ter88     7.011883600000000         1.000000         0.000000    
      race_all     1.200000000000000         1.000000         0.000000    
       rch_all    0.5000000000000000         1.000000         0.000000    
        riv_c1     125.1849400000000         1.000000         0.000000    
     riv_gview     383.5711700000000         1.000000         0.000000    
        riv_h1     1852.471100000000         1.000000         0.000000    
        riv_h2     3882.604700000000         1.000000         0.000000    
        riv_h3     5067.261000000000         1.000000         0.000000    
      riv_john     50.00000000000000         1.000000         0.000000    
    sy_h_flat1    2.5545820000000001E-03     1.000000         0.000000    
   sy_h_flat10    2.1125779000000001E-02     1.000000         0.000000    
    sy_h_flat2    3.0948110000000001E-02     1.000000         0.000000    
    sy_h_flat3    2.6186359000000001E-03     1.000000         0.000000    
    sy_h_flat4    0.3000000000000000         1.000000         0.000000    
   sy_h_flat45    4.6655892000000001E-04     1.000000         0.000000    
   sy_h_flat46    4.4273057999999997E-02     1.000000         0.000000    
    sy_h_flat5    1.7616631000000001E-02     1.000000         0.000000    
   sy_h_flat51    6.0164845000000002E-02     1.000000         0.000000    
    sy_h_flat6    5.9549863999999999E-03     1.000000         0.000000    
    sy_h_flat7    1.4490016000000000E-02     1.000000         0.000000    
    sy_h_flat8    7.4750393999999998E-02     1.000000         0.000000    
   sy_h_flat89    0.3000000000000000         1.000000         0.000000    
    sy_h_flat9    0.1034814700000000         1.000000         0.000000    
     sy_hill11    5.5465000000000002E-03     1.000000         0.000000    
     sy_hill12    3.4812141999999999E-03     1.000000         0.000000    
     sy_hill13    5.2220829999999998E-03     1.000000         0.000000    
     sy_mang16    1.3080256000000000E-02     1.000000         0.000000    
     sy_mang17    8.4166809999999995E-02     1.000000         0.000000    
     sy_mang18    8.0994846999999995E-03     1.000000         0.000000    
     sy_mang19    2.7560748999999999E-02     1.000000         0.000000    
     sy_mang20    7.0765824000000005E-02     1.000000         0.000000    
     sy_mang21    7.1702681000000001E-03     1.000000         0.000000    
     sy_mang22    4.4336082000000004E-03     1.000000         0.000000    
    sy_riv_g23    5.4244577000000004E-03     1.000000         0.000000    
    sy_riv_g24    5.6457759000000003E-03     1.000000         0.000000    
    sy_riv_g25    0.2672208000000000         1.000000         0.000000    
    sy_riv_g26    0.3000000000000000         1.000000         0.000000    
    sy_riv_g27    5.8551671999999997E-03     1.000000         0.000000    
    sy_riv_g28    1.7527832000000000E-03     1.000000         0.000000    
    sy_riv_g29    6.5319022999999997E-03     1.000000         0.000000    
    sy_riv_g30    3.2720011000000000E-02     1.000000         0.000000    
    sy_riv_g60    7.3102477000000004E-03     1.000000         0.000000    
    sy_riv_g61    5.3728459000000001E-03     1.000000         0.000000    
    sy_riv_g62    3.9892255000000001E-02     1.000000         0.000000    
    sy_riv_g63    1.1188007999999999E-02     1.000000         0.000000    
    sy_sandy31    7.7847139999999999E-03     1.000000         0.000000    
    sy_sandy32    8.9693958999999997E-03     1.000000         0.000000    
    sy_sandy70    1.4361354000000000E-02     1.000000         0.000000    
    sy_sandy71    1.1057592999999999E-02     1.000000         0.000000    
  sy_ss_mor_l0    8.3209742999999995E-05     1.000000         0.000000    
  sy_ss_mor_l1    1.2705303000000001E-04     1.000000         0.000000    
    sy_ss_rest    1.1064956000000000E-05     1.000000         0.000000    
  sy_sy_mor_l0    6.5418862999999994E-02     1.000000         0.000000    
  sy_sy_mor_l1    9.9931845000000006E-04     1.000000         0.000000    
      sy_ter14    1.2995272000000000E-02     1.000000         0.000000    
      sy_ter15    5.1029967999999997E-03     1.000000         0.000000    
      sy_ter33    1.0201009000000000E-02     1.000000         0.000000    
      sy_ter34    0.3000000000000000         1.000000         0.000000    
      sy_ter35    3.3490635999999997E-02     1.000000         0.000000    
      sy_ter36    0.1225512400000000         1.000000         0.000000    
      sy_ter37    8.8205198999999998E-02     1.000000         0.000000    
      sy_ter38    0.3000000000000000         1.000000         0.000000    
      sy_ter39    1.0666024000000000E-02     1.000000         0.000000    
      sy_ter80    1.9078902000000000E-03     1.000000         0.000000    
      sy_ter81    0.1849087200000000         1.000000         0.000000    
      sy_ter82    5.8442638999999996E-03     1.000000         0.000000    
      sy_ter83    3.8699216000000002E-02     1.000000         0.000000    
      sy_ter84    5.6593312999999998E-03     1.000000         0.000000    
      sy_ter85    0.1689618600000000         1.000000         0.000000    
      sy_ter86    1.2422554000000001E-02     1.000000         0.000000    
      sy_ter87    0.3000000000000000         1.000000         0.000000    
      sy_ter88    5.9845588000000003E-03     1.000000         0.000000    
