  single point
     hill_main    0.8000000000000000         1.000000         0.000000    
     hill_mang     1.200000000000000         1.000000         0.000000    
       hill_se     1.200000000000000         1.000000         0.000000    
    kh_h_flat1     65.96746800000000         1.000000         0.000000    
   kh_h_flat10     15.08307000000000         1.000000         0.000000    
    kh_h_flat2     826.3135000000000         1.000000         0.000000    
    kh_h_flat3     1000.000000000000         1.000000         0.000000    
    kh_h_flat4     1000.000000000000         1.000000         0.000000    
   kh_h_flat45     1000.000000000000         1.000000         0.000000    
   kh_h_flat46    0.2149937300000000         1.000000         0.000000    
    kh_h_flat5     1000.000000000000         1.000000         0.000000    
   kh_h_flat51     1000.000000000000         1.000000         0.000000    
    kh_h_flat6     38.45017400000000         1.000000         0.000000    
    kh_h_flat7     1000.000000000000         1.000000         0.000000    
    kh_h_flat8     1000.000000000000         1.000000         0.000000    
   kh_h_flat89     3.668367800000000         1.000000         0.000000    
    kh_h_flat9     472.8715200000000         1.000000         0.000000    
     kh_hill11    0.4514411400000000         1.000000         0.000000    
     kh_hill12     311.1570300000000         1.000000         0.000000    
     kh_hill13     71.98627999999999         1.000000         0.000000    
       kh_lake     21.93947600000000         1.000000         0.000000    
     kh_mang16     21.22133200000000         1.000000         0.000000    
     kh_mang17     46.45930100000000         1.000000         0.000000    
     kh_mang18     52.07119500000000         1.000000         0.000000    
     kh_mang19     5.296612700000000         1.000000         0.000000    
     kh_mang20     43.26185100000000         1.000000         0.000000    
     kh_mang21     71.87905400000000         1.000000         0.000000    
     kh_mang22     18.20009500000000         1.000000         0.000000    
     kh_mor_l0     1000.000000000000         1.000000         0.000000    
     kh_mor_l1    1.1647201000000001E-04     1.000000         0.000000    
    kh_riv_g23     43.60495200000000         1.000000         0.000000    
    kh_riv_g24     54.17167800000000         1.000000         0.000000    
    kh_riv_g25     1000.000000000000         1.000000         0.000000    
    kh_riv_g26     1000.000000000000         1.000000         0.000000    
    kh_riv_g27     90.67464200000001         1.000000         0.000000    
    kh_riv_g28     31.87021000000000         1.000000         0.000000    
    kh_riv_g29     92.93681700000000         1.000000         0.000000    
    kh_riv_g30     867.2884200000000         1.000000         0.000000    
    kh_riv_g60     9.424907800000000         1.000000         0.000000    
    kh_riv_g61     9.254310700000000         1.000000         0.000000    
    kh_riv_g62     56.47955500000000         1.000000         0.000000    
    kh_riv_g63     1000.000000000000         1.000000         0.000000    
    kh_sandy31     7.817997600000000         1.000000         0.000000    
    kh_sandy32     170.1505200000000         1.000000         0.000000    
    kh_sandy70     1.125195300000000         1.000000         0.000000    
    kh_sandy71     28.21989800000000         1.000000         0.000000    
      kh_ter14     5.161262700000000         1.000000         0.000000    
      kh_ter15     653.9764300000001         1.000000         0.000000    
      kh_ter33     49.74133500000000         1.000000         0.000000    
      kh_ter34     73.09419500000000         1.000000         0.000000    
      kh_ter35     1000.000000000000         1.000000         0.000000    
      kh_ter36     3.023597300000000         1.000000         0.000000    
      kh_ter37     1000.000000000000         1.000000         0.000000    
      kh_ter38    0.1526388800000000         1.000000         0.000000    
      kh_ter39    0.6687016600000000         1.000000         0.000000    
      kh_ter80    0.6294379600000000         1.000000         0.000000    
      kh_ter81     44.13621600000000         1.000000         0.000000    
      kh_ter82     1000.000000000000         1.000000         0.000000    
      kh_ter83     64.30064400000001         1.000000         0.000000    
      kh_ter84     1000.000000000000         1.000000         0.000000    
      kh_ter85     26.78070100000000         1.000000         0.000000    
      kh_ter86     4.001090800000000         1.000000         0.000000    
      kh_ter87     1000.000000000000         1.000000         0.000000    
      kh_ter88     6.871408500000000         1.000000         0.000000    
      race_all     1.200000000000000         1.000000         0.000000    
       rch_all    0.5000000000000000         1.000000         0.000000    
        riv_c1     123.4764500000000         1.000000         0.000000    
     riv_gview     1561.434200000000         1.000000         0.000000    
        riv_h1     1852.315900000000         1.000000         0.000000    
        riv_h2     4178.495300000000         1.000000         0.000000    
        riv_h3     4866.262800000000         1.000000         0.000000    
      riv_john     50.00000000000000         1.000000         0.000000    
    sy_h_flat1    1.9263514999999999E-03     1.000000         0.000000    
   sy_h_flat10    2.1396071999999999E-02     1.000000         0.000000    
    sy_h_flat2    3.0984514000000001E-02     1.000000         0.000000    
    sy_h_flat3    2.8270532000000000E-03     1.000000         0.000000    
    sy_h_flat4    0.2840807600000000         1.000000         0.000000    
   sy_h_flat45    4.6654584000000002E-04     1.000000         0.000000    
   sy_h_flat46    4.4274943999999997E-02     1.000000         0.000000    
    sy_h_flat5    1.7628169999999999E-02     1.000000         0.000000    
   sy_h_flat51    6.0202226999999997E-02     1.000000         0.000000    
    sy_h_flat6    5.9214962000000001E-03     1.000000         0.000000    
    sy_h_flat7    1.6425808000000000E-02     1.000000         0.000000    
    sy_h_flat8    7.4704335999999996E-02     1.000000         0.000000    
   sy_h_flat89    0.3000000000000000         1.000000         0.000000    
    sy_h_flat9    0.1029838300000000         1.000000         0.000000    
     sy_hill11    4.4391991000000000E-03     1.000000         0.000000    
     sy_hill12    3.3832225000000001E-03     1.000000         0.000000    
     sy_hill13    5.1133986000000001E-03     1.000000         0.000000    
     sy_mang16    1.5896974000000001E-02     1.000000         0.000000    
     sy_mang17    8.4035488000000005E-02     1.000000         0.000000    
     sy_mang18    9.3249522000000001E-03     1.000000         0.000000    
     sy_mang19    2.5331998000000001E-02     1.000000         0.000000    
     sy_mang20    8.0479647000000001E-02     1.000000         0.000000    
     sy_mang21    5.8315501999999996E-03     1.000000         0.000000    
     sy_mang22    4.5294773000000002E-03     1.000000         0.000000    
    sy_riv_g23    4.4793860999999997E-03     1.000000         0.000000    
    sy_riv_g24    5.6622931999999997E-03     1.000000         0.000000    
    sy_riv_g25    0.2888353300000000         1.000000         0.000000    
    sy_riv_g26    0.3000000000000000         1.000000         0.000000    
    sy_riv_g27    5.5658043999999999E-03     1.000000         0.000000    
    sy_riv_g28    1.2981264000000001E-03     1.000000         0.000000    
    sy_riv_g29    5.2998167000000004E-03     1.000000         0.000000    
    sy_riv_g30    2.4553104999999999E-02     1.000000         0.000000    
    sy_riv_g60    7.1684332000000002E-03     1.000000         0.000000    
    sy_riv_g61    5.7673007999999998E-03     1.000000         0.000000    
    sy_riv_g62    4.6548974999999999E-02     1.000000         0.000000    
    sy_riv_g63    1.0058773000000000E-02     1.000000         0.000000    
    sy_sandy31    7.7037214000000003E-03     1.000000         0.000000    
    sy_sandy32    9.8939441999999992E-03     1.000000         0.000000    
    sy_sandy70    1.8737031000000001E-02     1.000000         0.000000    
    sy_sandy71    1.1359029000000000E-02     1.000000         0.000000    
  sy_ss_mor_l0    8.4033372000000004E-05     1.000000         0.000000    
  sy_ss_mor_l1    1.2766648999999999E-04     1.000000         0.000000    
    sy_ss_rest    1.1244802999999999E-05     1.000000         0.000000    
  sy_sy_mor_l0    6.1675939999999999E-02     1.000000         0.000000    
  sy_sy_mor_l1    9.9928089000000009E-04     1.000000         0.000000    
      sy_ter14    1.3686653999999999E-02     1.000000         0.000000    
      sy_ter15    5.0158223000000002E-03     1.000000         0.000000    
      sy_ter33    1.4642577000000000E-02     1.000000         0.000000    
      sy_ter34    0.3000000000000000         1.000000         0.000000    
      sy_ter35    4.3527477000000002E-02     1.000000         0.000000    
      sy_ter36    0.1855798600000000         1.000000         0.000000    
      sy_ter37    0.1279262600000000         1.000000         0.000000    
      sy_ter38    0.3000000000000000         1.000000         0.000000    
      sy_ter39    6.7260849000000001E-03     1.000000         0.000000    
      sy_ter80    5.0839917000000002E-03     1.000000         0.000000    
      sy_ter81    0.3000000000000000         1.000000         0.000000    
      sy_ter82    5.3723735999999999E-03     1.000000         0.000000    
      sy_ter83    0.1331235500000000         1.000000         0.000000    
      sy_ter84    5.6005698000000000E-03     1.000000         0.000000    
      sy_ter85    0.1286644700000000         1.000000         0.000000    
      sy_ter86    2.3266852000000001E-02     1.000000         0.000000    
      sy_ter87    0.3000000000000000         1.000000         0.000000    
      sy_ter88    5.2994731999999999E-03     1.000000         0.000000    
