  single point
     hill_main    0.8000000000000000         1.000000         0.000000    
     hill_mang     1.200000000000000         1.000000         0.000000    
       hill_se     1.200000000000000         1.000000         0.000000    
    kh_h_flat1     65.96746800000000         1.000000         0.000000    
   kh_h_flat10     15.08307000000000         1.000000         0.000000    
    kh_h_flat2     826.8356300000000         1.000000         0.000000    
    kh_h_flat3     1000.000000000000         1.000000         0.000000    
    kh_h_flat4     1000.000000000000         1.000000         0.000000    
   kh_h_flat45     1000.000000000000         1.000000         0.000000    
   kh_h_flat46    0.2149937300000000         1.000000         0.000000    
    kh_h_flat5     1000.000000000000         1.000000         0.000000    
   kh_h_flat51     1000.000000000000         1.000000         0.000000    
    kh_h_flat6     38.45017400000000         1.000000         0.000000    
    kh_h_flat7     1000.000000000000         1.000000         0.000000    
    kh_h_flat8     1000.000000000000         1.000000         0.000000    
   kh_h_flat89     3.668367800000000         1.000000         0.000000    
    kh_h_flat9     472.8715200000000         1.000000         0.000000    
     kh_hill11    0.4514411400000000         1.000000         0.000000    
     kh_hill12     312.1956800000000         1.000000         0.000000    
     kh_hill13     72.12935400000001         1.000000         0.000000    
       kh_lake     21.93947600000000         1.000000         0.000000    
     kh_mang16     21.20886300000000         1.000000         0.000000    
     kh_mang17     46.52418100000000         1.000000         0.000000    
     kh_mang18     52.04654300000000         1.000000         0.000000    
     kh_mang19     5.296612700000000         1.000000         0.000000    
     kh_mang20     43.20968100000000         1.000000         0.000000    
     kh_mang21     71.90891800000000         1.000000         0.000000    
     kh_mang22     18.17845600000000         1.000000         0.000000    
     kh_mor_l0     1000.000000000000         1.000000         0.000000    
     kh_mor_l1    1.1646301000000000E-04     1.000000         0.000000    
    kh_riv_g23     43.47704400000000         1.000000         0.000000    
    kh_riv_g24     54.10417100000000         1.000000         0.000000    
    kh_riv_g25     1000.000000000000         1.000000         0.000000    
    kh_riv_g26     1000.000000000000         1.000000         0.000000    
    kh_riv_g27     90.64631700000000         1.000000         0.000000    
    kh_riv_g28     31.86500700000000         1.000000         0.000000    
    kh_riv_g29     93.17065800000000         1.000000         0.000000    
    kh_riv_g30     866.1222200000000         1.000000         0.000000    
    kh_riv_g60     9.439740300000000         1.000000         0.000000    
    kh_riv_g61     9.259423500000000         1.000000         0.000000    
    kh_riv_g62     56.61541400000000         1.000000         0.000000    
    kh_riv_g63     1000.000000000000         1.000000         0.000000    
    kh_sandy31     7.831378300000000         1.000000         0.000000    
    kh_sandy32     170.3407900000000         1.000000         0.000000    
    kh_sandy70     1.121962400000000         1.000000         0.000000    
    kh_sandy71     28.19157800000000         1.000000         0.000000    
      kh_ter14     5.155414000000000         1.000000         0.000000    
      kh_ter15     653.1778300000000         1.000000         0.000000    
      kh_ter33     49.71140800000000         1.000000         0.000000    
      kh_ter34     73.09419500000000         1.000000         0.000000    
      kh_ter35     1000.000000000000         1.000000         0.000000    
      kh_ter36     3.020088000000000         1.000000         0.000000    
      kh_ter37     1000.000000000000         1.000000         0.000000    
      kh_ter38    0.1526388800000000         1.000000         0.000000    
      kh_ter39    0.6684645200000000         1.000000         0.000000    
      kh_ter80    0.6304735200000000         1.000000         0.000000    
      kh_ter81     44.16813300000000         1.000000         0.000000    
      kh_ter82     1000.000000000000         1.000000         0.000000    
      kh_ter83     64.34138600000000         1.000000         0.000000    
      kh_ter84     1000.000000000000         1.000000         0.000000    
      kh_ter85     26.81838500000000         1.000000         0.000000    
      kh_ter86     4.000437000000000         1.000000         0.000000    
      kh_ter87     1000.000000000000         1.000000         0.000000    
      kh_ter88     6.874661400000000         1.000000         0.000000    
      race_all     1.200000000000000         1.000000         0.000000    
       rch_all    0.5000000000000000         1.000000         0.000000    
        riv_c1     123.4616300000000         1.000000         0.000000    
     riv_gview     1571.976700000000         1.000000         0.000000    
        riv_h1     1852.315900000000         1.000000         0.000000    
        riv_h2     4177.521400000000         1.000000         0.000000    
        riv_h3     4869.616200000000         1.000000         0.000000    
      riv_john     50.00000000000000         1.000000         0.000000    
    sy_h_flat1    1.9233388000000000E-03     1.000000         0.000000    
   sy_h_flat10    2.1403640000000002E-02     1.000000         0.000000    
    sy_h_flat2    3.0984514000000001E-02     1.000000         0.000000    
    sy_h_flat3    2.8276172999999998E-03     1.000000         0.000000    
    sy_h_flat4    0.2845683100000000         1.000000         0.000000    
   sy_h_flat45    4.6654584000000002E-04     1.000000         0.000000    
   sy_h_flat46    4.4274943999999997E-02     1.000000         0.000000    
    sy_h_flat5    1.7628169999999999E-02     1.000000         0.000000    
   sy_h_flat51    6.0202226999999997E-02     1.000000         0.000000    
    sy_h_flat6    5.9209353000000001E-03     1.000000         0.000000    
    sy_h_flat7    1.6415316999999999E-02     1.000000         0.000000    
    sy_h_flat8    7.4704335999999996E-02     1.000000         0.000000    
   sy_h_flat89    0.3000000000000000         1.000000         0.000000    
    sy_h_flat9    0.1029988500000000         1.000000         0.000000    
     sy_hill11    4.4246069000000001E-03     1.000000         0.000000    
     sy_hill12    3.3798827000000001E-03     1.000000         0.000000    
     sy_hill13    5.1130000000000004E-03     1.000000         0.000000    
     sy_mang16    1.5924904000000000E-02     1.000000         0.000000    
     sy_mang17    8.3979317999999997E-02     1.000000         0.000000    
     sy_mang18    9.3447125999999991E-03     1.000000         0.000000    
     sy_mang19    2.5303471000000001E-02     1.000000         0.000000    
     sy_mang20    8.0573245000000002E-02     1.000000         0.000000    
     sy_mang21    5.8271306999999996E-03     1.000000         0.000000    
     sy_mang22    4.5289683999999997E-03     1.000000         0.000000    
    sy_riv_g23    4.4731893000000003E-03     1.000000         0.000000    
    sy_riv_g24    5.6584918000000001E-03     1.000000         0.000000    
    sy_riv_g25    0.2889714300000000         1.000000         0.000000    
    sy_riv_g26    0.3000000000000000         1.000000         0.000000    
    sy_riv_g27    5.5630397000000003E-03     1.000000         0.000000    
    sy_riv_g28    1.2964518000000000E-03     1.000000         0.000000    
    sy_riv_g29    5.2949256000000000E-03     1.000000         0.000000    
    sy_riv_g30    2.4540276999999999E-02     1.000000         0.000000    
    sy_riv_g60    7.1657976999999996E-03     1.000000         0.000000    
    sy_riv_g61    5.7658164000000001E-03     1.000000         0.000000    
    sy_riv_g62    4.6569728999999997E-02     1.000000         0.000000    
    sy_riv_g63    1.0060971000000000E-02     1.000000         0.000000    
    sy_sandy31    7.7042346000000001E-03     1.000000         0.000000    
    sy_sandy32    9.8888490999999995E-03     1.000000         0.000000    
    sy_sandy70    1.8720862000000001E-02     1.000000         0.000000    
    sy_sandy71    1.1351975000000000E-02     1.000000         0.000000    
  sy_ss_mor_l0    8.4033949999999999E-05     1.000000         0.000000    
  sy_ss_mor_l1    1.2766000000000001E-04     1.000000         0.000000    
    sy_ss_rest    1.1245206999999999E-05     1.000000         0.000000    
  sy_sy_mor_l0    6.1575455000000001E-02     1.000000         0.000000    
  sy_sy_mor_l1    9.9928089000000009E-04     1.000000         0.000000    
      sy_ter14    1.3682888000000001E-02     1.000000         0.000000    
      sy_ter15    5.0214372000000002E-03     1.000000         0.000000    
      sy_ter33    1.4610121000000000E-02     1.000000         0.000000    
      sy_ter34    0.3000000000000000         1.000000         0.000000    
      sy_ter35    4.3543211999999998E-02     1.000000         0.000000    
      sy_ter36    0.1861739900000000         1.000000         0.000000    
      sy_ter37    0.1278603300000000         1.000000         0.000000    
      sy_ter38    0.3000000000000000         1.000000         0.000000    
      sy_ter39    6.7207337000000002E-03     1.000000         0.000000    
      sy_ter80    5.1096641999999999E-03     1.000000         0.000000    
      sy_ter81    0.3000000000000000         1.000000         0.000000    
      sy_ter82    5.3691141000000000E-03     1.000000         0.000000    
      sy_ter83    0.1340853000000000         1.000000         0.000000    
      sy_ter84    5.5995925999999998E-03     1.000000         0.000000    
      sy_ter85    0.1285210400000000         1.000000         0.000000    
      sy_ter86    2.3204421999999999E-02     1.000000         0.000000    
      sy_ter87    0.3000000000000000         1.000000         0.000000    
      sy_ter88    5.2946423999999997E-03     1.000000         0.000000    
