  single point
     hill_main    0.8000000000000000         1.000000         0.000000    
     hill_mang     1.200000000000000         1.000000         0.000000    
       hill_se     1.200000000000000         1.000000         0.000000    
    kh_h_flat1     65.96746800000000         1.000000         0.000000    
   kh_h_flat10     15.08307000000000         1.000000         0.000000    
    kh_h_flat2     849.3210400000000         1.000000         0.000000    
    kh_h_flat3     1000.000000000000         1.000000         0.000000    
    kh_h_flat4     1000.000000000000         1.000000         0.000000    
   kh_h_flat45     1000.000000000000         1.000000         0.000000    
   kh_h_flat46    0.2149937300000000         1.000000         0.000000    
    kh_h_flat5     1000.000000000000         1.000000         0.000000    
   kh_h_flat51     1000.000000000000         1.000000         0.000000    
    kh_h_flat6     38.45017400000000         1.000000         0.000000    
    kh_h_flat7     1000.000000000000         1.000000         0.000000    
    kh_h_flat8     1000.000000000000         1.000000         0.000000    
   kh_h_flat89     3.668367800000000         1.000000         0.000000    
    kh_h_flat9     472.8715200000000         1.000000         0.000000    
     kh_hill11    0.4514411400000000         1.000000         0.000000    
     kh_hill12     194.8682800000000         1.000000         0.000000    
     kh_hill13     48.77774600000000         1.000000         0.000000    
       kh_lake     21.93947600000000         1.000000         0.000000    
     kh_mang16     21.06705400000000         1.000000         0.000000    
     kh_mang17     46.91692500000000         1.000000         0.000000    
     kh_mang18     52.60429700000000         1.000000         0.000000    
     kh_mang19     5.296612700000000         1.000000         0.000000    
     kh_mang20     40.99160300000000         1.000000         0.000000    
     kh_mang21     88.34333800000000         1.000000         0.000000    
     kh_mang22     19.60753800000000         1.000000         0.000000    
     kh_mor_l0     1000.000000000000         1.000000         0.000000    
     kh_mor_l1    1.2199365000000000E-04     1.000000         0.000000    
    kh_riv_g23     43.66904400000000         1.000000         0.000000    
    kh_riv_g24     53.35950900000000         1.000000         0.000000    
    kh_riv_g25     1000.000000000000         1.000000         0.000000    
    kh_riv_g26     1000.000000000000         1.000000         0.000000    
    kh_riv_g27     89.03052599999999         1.000000         0.000000    
    kh_riv_g28     31.97005800000000         1.000000         0.000000    
    kh_riv_g29     94.66985800000000         1.000000         0.000000    
    kh_riv_g30     1000.000000000000         1.000000         0.000000    
    kh_riv_g60     9.731748899999999         1.000000         0.000000    
    kh_riv_g61     9.413064600000000         1.000000         0.000000    
    kh_riv_g62     60.14142500000000         1.000000         0.000000    
    kh_riv_g63     1000.000000000000         1.000000         0.000000    
    kh_sandy31     8.016006100000000         1.000000         0.000000    
    kh_sandy32     167.0355800000000         1.000000         0.000000    
    kh_sandy70     1.069902400000000         1.000000         0.000000    
    kh_sandy71     26.76431100000000         1.000000         0.000000    
      kh_ter14     5.014569300000000         1.000000         0.000000    
      kh_ter15     669.8170400000000         1.000000         0.000000    
      kh_ter33     46.39806300000000         1.000000         0.000000    
      kh_ter34     73.09419500000000         1.000000         0.000000    
      kh_ter35     1000.000000000000         1.000000         0.000000    
      kh_ter36     2.978312800000000         1.000000         0.000000    
      kh_ter37     1000.000000000000         1.000000         0.000000    
      kh_ter38    0.1526388800000000         1.000000         0.000000    
      kh_ter39    0.6827672200000000         1.000000         0.000000    
      kh_ter80    0.6692817900000000         1.000000         0.000000    
      kh_ter81     46.36063600000000         1.000000         0.000000    
      kh_ter82     1000.000000000000         1.000000         0.000000    
      kh_ter83     75.17774300000001         1.000000         0.000000    
      kh_ter84     1000.000000000000         1.000000         0.000000    
      kh_ter85     27.66069200000000         1.000000         0.000000    
      kh_ter86     3.773484000000000         1.000000         0.000000    
      kh_ter87     1000.000000000000         1.000000         0.000000    
      kh_ter88     6.964274100000000         1.000000         0.000000    
      race_all     1.200000000000000         1.000000         0.000000    
       rch_all    0.5000000000000000         1.000000         0.000000    
        riv_c1     123.6352700000000         1.000000         0.000000    
     riv_gview     2101.768600000000         1.000000         0.000000    
        riv_h1     1852.315900000000         1.000000         0.000000    
        riv_h2     3411.470100000000         1.000000         0.000000    
        riv_h3     5041.915400000000         1.000000         0.000000    
      riv_john     50.00000000000000         1.000000         0.000000    
    sy_h_flat1    1.7386092000000000E-03     1.000000         0.000000    
   sy_h_flat10    4.2323321999999997E-02     1.000000         0.000000    
    sy_h_flat2    3.0984514000000001E-02     1.000000         0.000000    
    sy_h_flat3    4.1286824999999996E-03     1.000000         0.000000    
    sy_h_flat4    0.3000000000000000         1.000000         0.000000    
   sy_h_flat45    4.6654584000000002E-04     1.000000         0.000000    
   sy_h_flat46    4.4274943999999997E-02     1.000000         0.000000    
    sy_h_flat5    1.7628169999999999E-02     1.000000         0.000000    
   sy_h_flat51    6.0202226999999997E-02     1.000000         0.000000    
    sy_h_flat6    5.4238324999999997E-03     1.000000         0.000000    
    sy_h_flat7    1.4698601000000000E-02     1.000000         0.000000    
    sy_h_flat8    7.4704335999999996E-02     1.000000         0.000000    
   sy_h_flat89    0.3000000000000000         1.000000         0.000000    
    sy_h_flat9    0.1032078100000000         1.000000         0.000000    
     sy_hill11    4.0860260000000004E-03     1.000000         0.000000    
     sy_hill12    2.9307913000000000E-03     1.000000         0.000000    
     sy_hill13    4.8839920000000002E-03     1.000000         0.000000    
     sy_mang16    1.8223080999999999E-02     1.000000         0.000000    
     sy_mang17    8.6420282000000001E-02     1.000000         0.000000    
     sy_mang18    9.6376883000000007E-03     1.000000         0.000000    
     sy_mang19    2.4125871000000000E-02     1.000000         0.000000    
     sy_mang20    8.6664219000000001E-02     1.000000         0.000000    
     sy_mang21    5.4197372999999997E-03     1.000000         0.000000    
     sy_mang22    4.5496633999999999E-03     1.000000         0.000000    
    sy_riv_g23    4.1531095000000001E-03     1.000000         0.000000    
    sy_riv_g24    5.4289904000000000E-03     1.000000         0.000000    
    sy_riv_g25    0.2883984700000000         1.000000         0.000000    
    sy_riv_g26    0.3000000000000000         1.000000         0.000000    
    sy_riv_g27    5.3534489000000001E-03     1.000000         0.000000    
    sy_riv_g28    1.1468003000000000E-03     1.000000         0.000000    
    sy_riv_g29    4.9704744999999996E-03     1.000000         0.000000    
    sy_riv_g30    2.5922587000000000E-02     1.000000         0.000000    
    sy_riv_g60    7.0243388000000000E-03     1.000000         0.000000    
    sy_riv_g61    5.6748310000000000E-03     1.000000         0.000000    
    sy_riv_g62    4.6971168000000001E-02     1.000000         0.000000    
    sy_riv_g63    1.0228190000000000E-02     1.000000         0.000000    
    sy_sandy31    7.7535395999999996E-03     1.000000         0.000000    
    sy_sandy32    9.9039665999999995E-03     1.000000         0.000000    
    sy_sandy70    1.9600899000000001E-02     1.000000         0.000000    
    sy_sandy71    1.1475747000000000E-02     1.000000         0.000000    
  sy_ss_mor_l0    8.4969636999999995E-05     1.000000         0.000000    
  sy_ss_mor_l1    1.2814698000000000E-04     1.000000         0.000000    
    sy_ss_rest    1.1113284000000000E-05     1.000000         0.000000    
  sy_sy_mor_l0    5.1894569000000002E-02     1.000000         0.000000    
  sy_sy_mor_l1    9.9928089000000009E-04     1.000000         0.000000    
      sy_ter14    1.3757583000000000E-02     1.000000         0.000000    
      sy_ter15    5.0192713999999998E-03     1.000000         0.000000    
      sy_ter33    1.5291294000000000E-02     1.000000         0.000000    
      sy_ter34    0.3000000000000000         1.000000         0.000000    
      sy_ter35    4.5301606000000001E-02     1.000000         0.000000    
      sy_ter36    0.2013021100000000         1.000000         0.000000    
      sy_ter37    0.1330930300000000         1.000000         0.000000    
      sy_ter38    0.3000000000000000         1.000000         0.000000    
      sy_ter39    6.3465487999999999E-03     1.000000         0.000000    
      sy_ter80    6.4841252000000004E-03     1.000000         0.000000    
      sy_ter81    0.3000000000000000         1.000000         0.000000    
      sy_ter82    5.2230022999999997E-03     1.000000         0.000000    
      sy_ter83    0.1861817400000000         1.000000         0.000000    
      sy_ter84    5.5523077000000001E-03     1.000000         0.000000    
      sy_ter85    0.1209877300000000         1.000000         0.000000    
      sy_ter86    2.4537745999999999E-02     1.000000         0.000000    
      sy_ter87    0.3000000000000000         1.000000         0.000000    
      sy_ter88    5.0761534999999997E-03     1.000000         0.000000    
