  single point
     hill_main    0.8000000000000000         1.000000         0.000000    
     hill_mang     1.200000000000000         1.000000         0.000000    
       hill_se     1.200000000000000         1.000000         0.000000    
    kh_h_flat1     65.96746800000000         1.000000         0.000000    
   kh_h_flat10     15.08307000000000         1.000000         0.000000    
    kh_h_flat2     674.2476500000000         1.000000         0.000000    
    kh_h_flat3     1000.000000000000         1.000000         0.000000    
    kh_h_flat4     1000.000000000000         1.000000         0.000000    
   kh_h_flat45     1000.000000000000         1.000000         0.000000    
   kh_h_flat46    0.2149937300000000         1.000000         0.000000    
    kh_h_flat5     1000.000000000000         1.000000         0.000000    
   kh_h_flat51     1000.000000000000         1.000000         0.000000    
    kh_h_flat6     38.45017400000000         1.000000         0.000000    
    kh_h_flat7     1000.000000000000         1.000000         0.000000    
    kh_h_flat8     1000.000000000000         1.000000         0.000000    
   kh_h_flat89     3.668367800000000         1.000000         0.000000    
    kh_h_flat9     472.8715200000000         1.000000         0.000000    
     kh_hill11     4.514411400000000         1.000000         0.000000    
     kh_hill12     613.6548400000000         1.000000         0.000000    
     kh_hill13     82.18498500000000         1.000000         0.000000    
       kh_lake     6.371845800000000         1.000000         0.000000    
     kh_mang16     23.90972800000000         1.000000         0.000000    
     kh_mang17     33.63051800000000         1.000000         0.000000    
     kh_mang18     68.98354500000001         1.000000         0.000000    
     kh_mang19     5.494296100000000         1.000000         0.000000    
     kh_mang20     45.58052500000000         1.000000         0.000000    
     kh_mang21     42.90159200000000         1.000000         0.000000    
     kh_mang22     28.08876100000000         1.000000         0.000000    
     kh_mor_l0     1000.000000000000         1.000000         0.000000    
     kh_mor_l1    1.2697562000000000E-04     1.000000         0.000000    
    kh_riv_g23     53.80830900000000         1.000000         0.000000    
    kh_riv_g24     63.35529900000000         1.000000         0.000000    
    kh_riv_g25     1000.000000000000         1.000000         0.000000    
    kh_riv_g26     1000.000000000000         1.000000         0.000000    
    kh_riv_g27     75.80014000000000         1.000000         0.000000    
    kh_riv_g28     32.33336100000000         1.000000         0.000000    
    kh_riv_g29     61.57321500000000         1.000000         0.000000    
    kh_riv_g30     1000.000000000000         1.000000         0.000000    
    kh_riv_g60     7.788051700000000         1.000000         0.000000    
    kh_riv_g61     8.680402300000001         1.000000         0.000000    
    kh_riv_g62     29.52959000000000         1.000000         0.000000    
    kh_riv_g63     1000.000000000000         1.000000         0.000000    
    kh_sandy31     5.326032700000000         1.000000         0.000000    
    kh_sandy32     50.53531100000000         1.000000         0.000000    
    kh_sandy70     1.989628800000000         1.000000         0.000000    
    kh_sandy71     12.32101800000000         1.000000         0.000000    
      kh_ter14     13.30610500000000         1.000000         0.000000    
      kh_ter15     811.7496500000000         1.000000         0.000000    
      kh_ter33     8.468236100000000         1.000000         0.000000    
      kh_ter34     73.09419500000000         1.000000         0.000000    
      kh_ter35     1000.000000000000         1.000000         0.000000    
      kh_ter36     3.499391300000000         1.000000         0.000000    
      kh_ter37     1000.000000000000         1.000000         0.000000    
      kh_ter38    0.1526388800000000         1.000000         0.000000    
      kh_ter39    0.5811056300000000         1.000000         0.000000    
      kh_ter80    0.7089891100000000         1.000000         0.000000    
      kh_ter81     35.81691700000000         1.000000         0.000000    
      kh_ter82     1000.000000000000         1.000000         0.000000    
      kh_ter83     61.86152500000000         1.000000         0.000000    
      kh_ter84     1000.000000000000         1.000000         0.000000    
      kh_ter85     22.13253600000000         1.000000         0.000000    
      kh_ter86     11.71500800000000         1.000000         0.000000    
      kh_ter87     1000.000000000000         1.000000         0.000000    
      kh_ter88     7.059778200000000         1.000000         0.000000    
      race_all     1.200000000000000         1.000000         0.000000    
       rch_all    0.5000000000000000         1.000000         0.000000    
        riv_c1     125.1866000000000         1.000000         0.000000    
     riv_gview     383.5260000000000         1.000000         0.000000    
        riv_h1     1852.315900000000         1.000000         0.000000    
        riv_h2     3882.125600000000         1.000000         0.000000    
        riv_h3     7080.761200000000         1.000000         0.000000    
      riv_john     50.00000000000000         1.000000         0.000000    
    sy_h_flat1    2.5537239999999998E-03     1.000000         0.000000    
   sy_h_flat10    2.1124397000000000E-02     1.000000         0.000000    
    sy_h_flat2    3.0984514000000001E-02     1.000000         0.000000    
    sy_h_flat3    1.6407652000000000E-03     1.000000         0.000000    
    sy_h_flat4    0.3000000000000000         1.000000         0.000000    
   sy_h_flat45    4.6654584000000002E-04     1.000000         0.000000    
   sy_h_flat46    4.4274943999999997E-02     1.000000         0.000000    
    sy_h_flat5    1.7628169999999999E-02     1.000000         0.000000    
   sy_h_flat51    6.0202226999999997E-02     1.000000         0.000000    
    sy_h_flat6    2.2488997000000002E-03     1.000000         0.000000    
    sy_h_flat7    1.4504461000000000E-02     1.000000         0.000000    
    sy_h_flat8    7.4704335999999996E-02     1.000000         0.000000    
   sy_h_flat89    0.3000000000000000         1.000000         0.000000    
    sy_h_flat9    0.1034315700000000         1.000000         0.000000    
     sy_hill11    5.5484664999999999E-03     1.000000         0.000000    
     sy_hill12    3.4815645000000001E-03     1.000000         0.000000    
     sy_hill13    3.5354885000000000E-03     1.000000         0.000000    
     sy_mang16    1.3073248000000001E-02     1.000000         0.000000    
     sy_mang17    0.1020235000000000         1.000000         0.000000    
     sy_mang18    8.3473720000000005E-03     1.000000         0.000000    
     sy_mang19    2.3554525999999999E-02     1.000000         0.000000    
     sy_mang20    0.1047591800000000         1.000000         0.000000    
     sy_mang21    2.9774402000000001E-03     1.000000         0.000000    
     sy_mang22    4.4329642000000002E-03     1.000000         0.000000    
    sy_riv_g23    5.4243464000000002E-03     1.000000         0.000000    
    sy_riv_g24    4.9848534000000002E-03     1.000000         0.000000    
    sy_riv_g25    0.2672390000000000         1.000000         0.000000    
    sy_riv_g26    0.3000000000000000         1.000000         0.000000    
    sy_riv_g27    5.8557487000000005E-04     1.000000         0.000000    
    sy_riv_g28    1.7519682000000001E-03     1.000000         0.000000    
    sy_riv_g29    6.5320748000000000E-03     1.000000         0.000000    
    sy_riv_g30    3.2724654999999998E-02     1.000000         0.000000    
    sy_riv_g60    1.1290138999999999E-02     1.000000         0.000000    
    sy_riv_g61    5.9881205000000002E-03     1.000000         0.000000    
    sy_riv_g62    3.9172375000000002E-02     1.000000         0.000000    
    sy_riv_g63    1.1570811000000000E-02     1.000000         0.000000    
    sy_sandy31    8.3854950999999994E-03     1.000000         0.000000    
    sy_sandy32    6.3286375000000004E-03     1.000000         0.000000    
    sy_sandy70    2.2802636000000001E-02     1.000000         0.000000    
    sy_sandy71    1.0465235000000000E-02     1.000000         0.000000    
  sy_ss_mor_l0    1.0152504000000000E-04     1.000000         0.000000    
  sy_ss_mor_l1    7.4692347000000005E-05     1.000000         0.000000    
    sy_ss_rest    1.8772516000000001E-05     1.000000         0.000000    
  sy_sy_mor_l0    6.5466002999999995E-02     1.000000         0.000000    
  sy_sy_mor_l1    9.4397825000000002E-04     1.000000         0.000000    
      sy_ter14    1.2205354000000000E-02     1.000000         0.000000    
      sy_ter15    1.3290786000000000E-03     1.000000         0.000000    
      sy_ter33    1.5921207000000000E-02     1.000000         0.000000    
      sy_ter34    0.3000000000000000         1.000000         0.000000    
      sy_ter35    2.3830154999999999E-02     1.000000         0.000000    
      sy_ter36    0.1772127000000000         1.000000         0.000000    
      sy_ter37    7.3872126999999996E-02     1.000000         0.000000    
      sy_ter38    0.3000000000000000         1.000000         0.000000    
      sy_ter39    1.0094247000000001E-02     1.000000         0.000000    
      sy_ter80    4.4693492000000001E-03     1.000000         0.000000    
      sy_ter81    0.3000000000000000         1.000000         0.000000    
      sy_ter82    3.8721446999999999E-03     1.000000         0.000000    
      sy_ter83    2.4637728000000001E-02     1.000000         0.000000    
      sy_ter84    1.2696360000000000E-02     1.000000         0.000000    
      sy_ter85    0.1492816500000000         1.000000         0.000000    
      sy_ter86    5.2187730999999999E-03     1.000000         0.000000    
      sy_ter87    0.3000000000000000         1.000000         0.000000    
      sy_ter88    4.2862717999999998E-03     1.000000         0.000000    
