  single point
     hill_main    0.8000000000000000         1.000000         0.000000    
     hill_mang     1.200000000000000         1.000000         0.000000    
       hill_se     1.200000000000000         1.000000         0.000000    
    kh_h_flat1     65.96773800000000         1.000000         0.000000    
   kh_h_flat10     15.08312900000000         1.000000         0.000000    
    kh_h_flat2     674.2468000000000         1.000000         0.000000    
    kh_h_flat3     1000.000000000000         1.000000         0.000000    
    kh_h_flat4     1000.000000000000         1.000000         0.000000    
   kh_h_flat45     1000.000000000000         1.000000         0.000000    
   kh_h_flat46    0.2149985200000000         1.000000         0.000000    
    kh_h_flat5     1000.000000000000         1.000000         0.000000    
   kh_h_flat51     1000.000000000000         1.000000         0.000000    
    kh_h_flat6     38.45046800000000         1.000000         0.000000    
    kh_h_flat7     1000.000000000000         1.000000         0.000000    
    kh_h_flat8     1000.000000000000         1.000000         0.000000    
   kh_h_flat89     3.668371800000000         1.000000         0.000000    
    kh_h_flat9     472.8732800000000         1.000000         0.000000    
     kh_hill11     4.514380900000000         1.000000         0.000000    
     kh_hill12     613.6557400000000         1.000000         0.000000    
     kh_hill13     82.18505600000000         1.000000         0.000000    
       kh_lake     6.155763000000000         1.000000         0.000000    
     kh_mang16     23.90998100000000         1.000000         0.000000    
     kh_mang17     33.62964300000000         1.000000         0.000000    
     kh_mang18     68.45121600000000         1.000000         0.000000    
     kh_mang19     6.150029000000000         1.000000         0.000000    
     kh_mang20     50.24359800000000         1.000000         0.000000    
     kh_mang21     42.90139700000000         1.000000         0.000000    
     kh_mang22     28.08869500000000         1.000000         0.000000    
     kh_mor_l0     1000.000000000000         1.000000         0.000000    
     kh_mor_l1    1.2697570000000000E-04     1.000000         0.000000    
    kh_riv_g23     53.80957100000000         1.000000         0.000000    
    kh_riv_g24     63.35558000000000         1.000000         0.000000    
    kh_riv_g25     1000.000000000000         1.000000         0.000000    
    kh_riv_g26     1000.000000000000         1.000000         0.000000    
    kh_riv_g27     83.29474800000000         1.000000         0.000000    
    kh_riv_g28     32.33332100000000         1.000000         0.000000    
    kh_riv_g29     61.57132100000000         1.000000         0.000000    
    kh_riv_g30     1000.000000000000         1.000000         0.000000    
    kh_riv_g60     7.787877000000000         1.000000         0.000000    
    kh_riv_g61     8.680367000000000         1.000000         0.000000    
    kh_riv_g62     29.66778900000000         1.000000         0.000000    
    kh_riv_g63     1000.000000000000         1.000000         0.000000    
    kh_sandy31     5.815130100000000         1.000000         0.000000    
    kh_sandy32     182.1021800000000         1.000000         0.000000    
    kh_sandy70     1.465146700000000         1.000000         0.000000    
    kh_sandy71     43.24943000000000         1.000000         0.000000    
      kh_ter14     6.387216500000000         1.000000         0.000000    
      kh_ter15     616.7317800000000         1.000000         0.000000    
      kh_ter33     73.66773100000000         1.000000         0.000000    
      kh_ter34     73.09396599999999         1.000000         0.000000    
      kh_ter35     1000.000000000000         1.000000         0.000000    
      kh_ter36     3.499397000000000         1.000000         0.000000    
      kh_ter37     1000.000000000000         1.000000         0.000000    
      kh_ter38    0.1526382000000000         1.000000         0.000000    
      kh_ter39    0.5811052200000000         1.000000         0.000000    
      kh_ter80    0.7089873700000000         1.000000         0.000000    
      kh_ter81     35.81699400000000         1.000000         0.000000    
      kh_ter82     1000.000000000000         1.000000         0.000000    
      kh_ter83     61.86127500000000         1.000000         0.000000    
      kh_ter84     1000.000000000000         1.000000         0.000000    
      kh_ter85     22.13257200000000         1.000000         0.000000    
      kh_ter86     5.834012800000000         1.000000         0.000000    
      kh_ter87     1000.000000000000         1.000000         0.000000    
      kh_ter88     7.011813500000000         1.000000         0.000000    
      race_all     1.200000000000000         1.000000         0.000000    
       rch_all    0.5000000000000000         1.000000         0.000000    
        riv_c1     125.1866200000000         1.000000         0.000000    
     riv_gview     383.5252800000000         1.000000         0.000000    
        riv_h1     1852.313400000000         1.000000         0.000000    
        riv_h2     3882.118000000000         1.000000         0.000000    
        riv_h3     5067.102300000000         1.000000         0.000000    
      riv_john     50.00000000000000         1.000000         0.000000    
    sy_h_flat1    2.5537102999999999E-03     1.000000         0.000000    
   sy_h_flat10    2.1124375000000001E-02     1.000000         0.000000    
    sy_h_flat2    3.0985094000000001E-02     1.000000         0.000000    
    sy_h_flat3    2.6181439000000002E-03     1.000000         0.000000    
    sy_h_flat4    0.3000000000000000         1.000000         0.000000    
   sy_h_flat45    4.6654562999999999E-04     1.000000         0.000000    
   sy_h_flat46    4.4274974000000002E-02     1.000000         0.000000    
    sy_h_flat5    1.7628353999999999E-02     1.000000         0.000000    
   sy_h_flat51    6.0202823000000003E-02     1.000000         0.000000    
    sy_h_flat6    5.9549522000000004E-03     1.000000         0.000000    
    sy_h_flat7    1.4504691000000000E-02     1.000000         0.000000    
    sy_h_flat8    7.4703602999999993E-02     1.000000         0.000000    
   sy_h_flat89    0.3000000000000000         1.000000         0.000000    
    sy_h_flat9    0.1034307800000000         1.000000         0.000000    
     sy_hill11    5.5484977999999997E-03     1.000000         0.000000    
     sy_hill12    3.4815700999999998E-03     1.000000         0.000000    
     sy_hill13    5.2219110999999997E-03     1.000000         0.000000    
     sy_mang16    1.3073136000000001E-02     1.000000         0.000000    
     sy_mang17    8.4130201000000002E-02     1.000000         0.000000    
     sy_mang18    8.0962806000000002E-03     1.000000         0.000000    
     sy_mang19    2.7578763999999999E-02     1.000000         0.000000    
     sy_mang20    7.0734862999999995E-02     1.000000         0.000000    
     sy_mang21    7.1713120999999996E-03     1.000000         0.000000    
     sy_mang22    4.4329540000000002E-03     1.000000         0.000000    
    sy_riv_g23    5.4243446000000004E-03     1.000000         0.000000    
    sy_riv_g24    5.6457271999999998E-03     1.000000         0.000000    
    sy_riv_g25    0.2672392900000000         1.000000         0.000000    
    sy_riv_g26    0.3000000000000000         1.000000         0.000000    
    sy_riv_g27    5.8557580000000000E-03     1.000000         0.000000    
    sy_riv_g28    1.7519552000000000E-03     1.000000         0.000000    
    sy_riv_g29    6.5320776000000001E-03     1.000000         0.000000    
    sy_riv_g30    3.2724729000000001E-02     1.000000         0.000000    
    sy_riv_g60    7.3104414999999997E-03     1.000000         0.000000    
    sy_riv_g61    5.3700935999999996E-03     1.000000         0.000000    
    sy_riv_g62    3.9886650000000003E-02     1.000000         0.000000    
    sy_riv_g63    1.1193698000000000E-02     1.000000         0.000000    
    sy_sandy31    7.7842935999999996E-03     1.000000         0.000000    
    sy_sandy32    8.9670779000000003E-03     1.000000         0.000000    
    sy_sandy70    1.4360263000000000E-02     1.000000         0.000000    
    sy_sandy71    1.1058353999999999E-02     1.000000         0.000000    
  sy_ss_mor_l0    8.3209721000000001E-05     1.000000         0.000000    
  sy_ss_mor_l1    1.2704472000000001E-04     1.000000         0.000000    
    sy_ss_rest    1.1064785000000000E-05     1.000000         0.000000    
  sy_sy_mor_l0    6.5466754000000002E-02     1.000000         0.000000    
  sy_sy_mor_l1    9.9931845000000006E-04     1.000000         0.000000    
      sy_ter14    1.2987179000000000E-02     1.000000         0.000000    
      sy_ter15    5.1041779000000004E-03     1.000000         0.000000    
      sy_ter33    1.0198809000000000E-02     1.000000         0.000000    
      sy_ter34    0.3000000000000000         1.000000         0.000000    
      sy_ter35    3.3451897000000001E-02     1.000000         0.000000    
      sy_ter36    0.1224570400000000         1.000000         0.000000    
      sy_ter37    8.8286890000000007E-02     1.000000         0.000000    
      sy_ter38    0.3000000000000000         1.000000         0.000000    
      sy_ter39    1.0668409000000000E-02     1.000000         0.000000    
      sy_ter80    1.9070465000000001E-03     1.000000         0.000000    
      sy_ter81    0.1848228000000000         1.000000         0.000000    
      sy_ter82    5.8443580999999996E-03     1.000000         0.000000    
      sy_ter83    3.8704527000000002E-02     1.000000         0.000000    
      sy_ter84    5.6586429999999997E-03     1.000000         0.000000    
      sy_ter85    0.1689771000000000         1.000000         0.000000    
      sy_ter86    1.2410887000000001E-02     1.000000         0.000000    
      sy_ter87    0.3000000000000000         1.000000         0.000000    
      sy_ter88    5.9838277000000004E-03     1.000000         0.000000    
