  single point
     hill_main    0.8000000000000000         1.000000         0.000000    
     hill_mang     1.200000000000000         1.000000         0.000000    
       hill_se     1.200000000000000         1.000000         0.000000    
    kh_h_flat1     65.96746800000000         1.000000         0.000000    
   kh_h_flat10     15.08307000000000         1.000000         0.000000    
    kh_h_flat2     788.4434199999999         1.000000         0.000000    
    kh_h_flat3     1000.000000000000         1.000000         0.000000    
    kh_h_flat4     1000.000000000000         1.000000         0.000000    
   kh_h_flat45     1000.000000000000         1.000000         0.000000    
   kh_h_flat46    0.2149937300000000         1.000000         0.000000    
    kh_h_flat5     1000.000000000000         1.000000         0.000000    
   kh_h_flat51     1000.000000000000         1.000000         0.000000    
    kh_h_flat6     38.45017400000000         1.000000         0.000000    
    kh_h_flat7     1000.000000000000         1.000000         0.000000    
    kh_h_flat8     1000.000000000000         1.000000         0.000000    
   kh_h_flat89     3.668367800000000         1.000000         0.000000    
    kh_h_flat9     472.8715200000000         1.000000         0.000000    
     kh_hill11    0.8874215500000000         1.000000         0.000000    
     kh_hill12     265.5193100000000         1.000000         0.000000    
     kh_hill13     35.31756400000000         1.000000         0.000000    
       kh_lake     21.93947600000000         1.000000         0.000000    
     kh_mang16     21.47799500000000         1.000000         0.000000    
     kh_mang17     38.46327300000000         1.000000         0.000000    
     kh_mang18     68.30386100000000         1.000000         0.000000    
     kh_mang19     3.581280600000000         1.000000         0.000000    
     kh_mang20     45.16558000000000         1.000000         0.000000    
     kh_mang21     91.82251900000000         1.000000         0.000000    
     kh_mang22     28.74302400000000         1.000000         0.000000    
     kh_mor_l0     1000.000000000000         1.000000         0.000000    
     kh_mor_l1    1.3898088000000001E-04     1.000000         0.000000    
    kh_riv_g23     50.32116200000000         1.000000         0.000000    
    kh_riv_g24     58.66034100000000         1.000000         0.000000    
    kh_riv_g25     1000.000000000000         1.000000         0.000000    
    kh_riv_g26     1000.000000000000         1.000000         0.000000    
    kh_riv_g27     92.47166600000000         1.000000         0.000000    
    kh_riv_g28     32.15089000000000         1.000000         0.000000    
    kh_riv_g29     77.86606399999999         1.000000         0.000000    
    kh_riv_g30     1000.000000000000         1.000000         0.000000    
    kh_riv_g60     7.573783900000000         1.000000         0.000000    
    kh_riv_g61     8.198965500000000         1.000000         0.000000    
    kh_riv_g62     40.75888200000000         1.000000         0.000000    
    kh_riv_g63     1000.000000000000         1.000000         0.000000    
    kh_sandy31     7.528344700000000         1.000000         0.000000    
    kh_sandy32     174.2441600000000         1.000000         0.000000    
    kh_sandy70    0.7637115600000000         1.000000         0.000000    
    kh_sandy71     26.01217400000000         1.000000         0.000000    
      kh_ter14     4.458393600000000         1.000000         0.000000    
      kh_ter15     730.8843400000000         1.000000         0.000000    
      kh_ter33     40.67436800000000         1.000000         0.000000    
      kh_ter34     81.68285800000000         1.000000         0.000000    
      kh_ter35     1000.000000000000         1.000000         0.000000    
      kh_ter36     2.941036200000000         1.000000         0.000000    
      kh_ter37     1000.000000000000         1.000000         0.000000    
      kh_ter38    0.1595997500000000         1.000000         0.000000    
      kh_ter39    0.7126232700000000         1.000000         0.000000    
      kh_ter80    0.5977682000000000         1.000000         0.000000    
      kh_ter81     53.57880300000000         1.000000         0.000000    
      kh_ter82     1000.000000000000         1.000000         0.000000    
      kh_ter83     61.52695600000000         1.000000         0.000000    
      kh_ter84     1000.000000000000         1.000000         0.000000    
      kh_ter85     27.47127300000000         1.000000         0.000000    
      kh_ter86     3.291925700000000         1.000000         0.000000    
      kh_ter87     1000.000000000000         1.000000         0.000000    
      kh_ter88     5.650366600000000         1.000000         0.000000    
      race_all     1.200000000000000         1.000000         0.000000    
       rch_all    0.5000000000000000         1.000000         0.000000    
        riv_c1     122.6806200000000         1.000000         0.000000    
     riv_gview     3345.209700000000         1.000000         0.000000    
        riv_h1     1852.315900000000         1.000000         0.000000    
        riv_h2     1959.296800000000         1.000000         0.000000    
        riv_h3     5236.911700000000         1.000000         0.000000    
      riv_john     50.00000000000000         1.000000         0.000000    
    sy_h_flat1    1.5785885000000001E-03     1.000000         0.000000    
   sy_h_flat10    3.5844096999999998E-02     1.000000         0.000000    
    sy_h_flat2    3.3896066000000002E-02     1.000000         0.000000    
    sy_h_flat3    3.6265446000000000E-03     1.000000         0.000000    
    sy_h_flat4    0.3000000000000000         1.000000         0.000000    
   sy_h_flat45    5.7468959999999996E-04     1.000000         0.000000    
   sy_h_flat46    4.4274943999999997E-02     1.000000         0.000000    
    sy_h_flat5    1.7628169999999999E-02     1.000000         0.000000    
   sy_h_flat51    6.4434744000000002E-02     1.000000         0.000000    
    sy_h_flat6    5.3991465999999998E-03     1.000000         0.000000    
    sy_h_flat7    1.4309404000000000E-02     1.000000         0.000000    
    sy_h_flat8    7.4704335999999996E-02     1.000000         0.000000    
   sy_h_flat89    0.3000000000000000         1.000000         0.000000    
    sy_h_flat9    0.1002535200000000         1.000000         0.000000    
     sy_hill11    3.4872519000000001E-03     1.000000         0.000000    
     sy_hill12    2.7293667999999998E-03     1.000000         0.000000    
     sy_hill13    4.9256133000000002E-03     1.000000         0.000000    
     sy_mang16    1.6894126999999998E-02     1.000000         0.000000    
     sy_mang17    9.0393016000000007E-02     1.000000         0.000000    
     sy_mang18    1.0017457000000000E-02     1.000000         0.000000    
     sy_mang19    2.1901627000000000E-02     1.000000         0.000000    
     sy_mang20    9.2727633000000004E-02     1.000000         0.000000    
     sy_mang21    5.4255444000000002E-03     1.000000         0.000000    
     sy_mang22    4.2983769000000003E-03     1.000000         0.000000    
    sy_riv_g23    4.0806426000000000E-03     1.000000         0.000000    
    sy_riv_g24    5.0380329000000003E-03     1.000000         0.000000    
    sy_riv_g25    0.2801907200000000         1.000000         0.000000    
    sy_riv_g26    0.3000000000000000         1.000000         0.000000    
    sy_riv_g27    5.2229668000000002E-03     1.000000         0.000000    
    sy_riv_g28    9.6690777999999995E-04     1.000000         0.000000    
    sy_riv_g29    4.7167535000000003E-03     1.000000         0.000000    
    sy_riv_g30    3.0130792999999999E-02     1.000000         0.000000    
    sy_riv_g60    6.7961050999999998E-03     1.000000         0.000000    
    sy_riv_g61    5.0372100000000003E-03     1.000000         0.000000    
    sy_riv_g62    4.8553394999999999E-02     1.000000         0.000000    
    sy_riv_g63    1.1371421000000000E-02     1.000000         0.000000    
    sy_sandy31    7.8944189999999997E-03     1.000000         0.000000    
    sy_sandy32    9.0519300999999993E-03     1.000000         0.000000    
    sy_sandy70    1.8513089000000000E-02     1.000000         0.000000    
    sy_sandy71    1.1452270000000001E-02     1.000000         0.000000    
  sy_ss_mor_l0    8.5233264000000004E-05     1.000000         0.000000    
  sy_ss_mor_l1    1.2723003000000000E-04     1.000000         0.000000    
    sy_ss_rest    1.2153741000000001E-05     1.000000         0.000000    
  sy_sy_mor_l0    5.6563384000000001E-02     1.000000         0.000000    
  sy_sy_mor_l1    9.9928060999999991E-04     1.000000         0.000000    
      sy_ter14    1.2759771000000000E-02     1.000000         0.000000    
      sy_ter15    6.4974997000000001E-03     1.000000         0.000000    
      sy_ter33    1.3710540000000000E-02     1.000000         0.000000    
      sy_ter34    0.3000000000000000         1.000000         0.000000    
      sy_ter35    3.3893920000000001E-02     1.000000         0.000000    
      sy_ter36    0.2351673600000000         1.000000         0.000000    
      sy_ter37    0.1518959200000000         1.000000         0.000000    
      sy_ter38    0.3000000000000000         1.000000         0.000000    
      sy_ter39    6.8286158000000000E-03     1.000000         0.000000    
      sy_ter80    1.3804558999999999E-02     1.000000         0.000000    
      sy_ter81    0.3000000000000000         1.000000         0.000000    
      sy_ter82    5.0095028999999998E-03     1.000000         0.000000    
      sy_ter83    0.3000000000000000         1.000000         0.000000    
      sy_ter84    5.3099454999999997E-03     1.000000         0.000000    
      sy_ter85    9.9353804000000004E-02     1.000000         0.000000    
      sy_ter86    1.6361707999999999E-02     1.000000         0.000000    
      sy_ter87    0.3000000000000000         1.000000         0.000000    
      sy_ter88    4.5582551000000002E-03     1.000000         0.000000    
