  single point
     hill_main    0.8000000000000000         1.000000         0.000000    
     hill_mang     1.200000000000000         1.000000         0.000000    
       hill_se     1.200000000000000         1.000000         0.000000    
    kh_h_flat1     65.96746800000000         1.000000         0.000000    
   kh_h_flat10     15.08307000000000         1.000000         0.000000    
    kh_h_flat2     765.0187000000000         1.000000         0.000000    
    kh_h_flat3     1000.000000000000         1.000000         0.000000    
    kh_h_flat4     1000.000000000000         1.000000         0.000000    
   kh_h_flat45     1000.000000000000         1.000000         0.000000    
   kh_h_flat46    0.2149937300000000         1.000000         0.000000    
    kh_h_flat5     1000.000000000000         1.000000         0.000000    
   kh_h_flat51     1000.000000000000         1.000000         0.000000    
    kh_h_flat6     38.45017400000000         1.000000         0.000000    
    kh_h_flat7     1000.000000000000         1.000000         0.000000    
    kh_h_flat8     1000.000000000000         1.000000         0.000000    
   kh_h_flat89     3.668367800000000         1.000000         0.000000    
    kh_h_flat9     472.8715200000000         1.000000         0.000000    
     kh_hill11    0.4475880600000000         1.000000         0.000000    
     kh_hill12     190.6429500000000         1.000000         0.000000    
     kh_hill13     62.05915700000000         1.000000         0.000000    
       kh_lake     21.93947600000000         1.000000         0.000000    
     kh_mang16     20.21940700000000         1.000000         0.000000    
     kh_mang17     47.54789300000000         1.000000         0.000000    
     kh_mang18     62.20145400000000         1.000000         0.000000    
     kh_mang19     3.713656800000000         1.000000         0.000000    
     kh_mang20     54.49034500000000         1.000000         0.000000    
     kh_mang21     67.72495100000000         1.000000         0.000000    
     kh_mang22     16.99315700000000         1.000000         0.000000    
     kh_mor_l0     1000.000000000000         1.000000         0.000000    
     kh_mor_l1    1.1198849000000001E-04     1.000000         0.000000    
    kh_riv_g23     44.29736900000000         1.000000         0.000000    
    kh_riv_g24     68.19979900000000         1.000000         0.000000    
    kh_riv_g25     1000.000000000000         1.000000         0.000000    
    kh_riv_g26     1000.000000000000         1.000000         0.000000    
    kh_riv_g27     74.79213000000000         1.000000         0.000000    
    kh_riv_g28     32.67969500000000         1.000000         0.000000    
    kh_riv_g29     79.36704500000000         1.000000         0.000000    
    kh_riv_g30     957.0753400000000         1.000000         0.000000    
    kh_riv_g60     10.33736900000000         1.000000         0.000000    
    kh_riv_g61     7.558031200000000         1.000000         0.000000    
    kh_riv_g62     45.70002800000000         1.000000         0.000000    
    kh_riv_g63     1000.000000000000         1.000000         0.000000    
    kh_sandy31     6.693488400000000         1.000000         0.000000    
    kh_sandy32     164.8462100000000         1.000000         0.000000    
    kh_sandy70    0.9910373200000000         1.000000         0.000000    
    kh_sandy71     27.52904800000000         1.000000         0.000000    
      kh_ter14     6.026683500000000         1.000000         0.000000    
      kh_ter15     854.2837700000000         1.000000         0.000000    
      kh_ter33     39.87049000000000         1.000000         0.000000    
      kh_ter34     73.98954100000000         1.000000         0.000000    
      kh_ter35     1000.000000000000         1.000000         0.000000    
      kh_ter36     2.996131900000000         1.000000         0.000000    
      kh_ter37     1000.000000000000         1.000000         0.000000    
      kh_ter38    0.1553176300000000         1.000000         0.000000    
      kh_ter39    0.7112377000000000         1.000000         0.000000    
      kh_ter80    0.5880388500000000         1.000000         0.000000    
      kh_ter81     49.90986600000000         1.000000         0.000000    
      kh_ter82     662.5885000000000         1.000000         0.000000    
      kh_ter83     60.05450000000000         1.000000         0.000000    
      kh_ter84     1000.000000000000         1.000000         0.000000    
      kh_ter85     29.25961900000000         1.000000         0.000000    
      kh_ter86     3.193634500000000         1.000000         0.000000    
      kh_ter87     1000.000000000000         1.000000         0.000000    
      kh_ter88     6.402993400000000         1.000000         0.000000    
      race_all     1.200000000000000         1.000000         0.000000    
       rch_all    0.5000000000000000         1.000000         0.000000    
        riv_c1     126.9293000000000         1.000000         0.000000    
     riv_gview     1893.088700000000         1.000000         0.000000    
        riv_h1     1852.315900000000         1.000000         0.000000    
        riv_h2     3013.420600000000         1.000000         0.000000    
        riv_h3     5140.475500000000         1.000000         0.000000    
      riv_john     50.00000000000000         1.000000         0.000000    
    sy_h_flat1    2.3518180999999999E-03     1.000000         0.000000    
   sy_h_flat10    2.1143335999999999E-02     1.000000         0.000000    
    sy_h_flat2    3.1019529000000001E-02     1.000000         0.000000    
    sy_h_flat3    2.6468302999999999E-03     1.000000         0.000000    
    sy_h_flat4    0.3000000000000000         1.000000         0.000000    
   sy_h_flat45    6.2886489000000005E-04     1.000000         0.000000    
   sy_h_flat46    4.4274943999999997E-02     1.000000         0.000000    
    sy_h_flat5    1.7628169999999999E-02     1.000000         0.000000    
   sy_h_flat51    6.3351389999999994E-02     1.000000         0.000000    
    sy_h_flat6    5.2825123999999998E-03     1.000000         0.000000    
    sy_h_flat7    1.6504586000000002E-02     1.000000         0.000000    
    sy_h_flat8    7.4704335999999996E-02     1.000000         0.000000    
   sy_h_flat89    0.3000000000000000         1.000000         0.000000    
    sy_h_flat9    0.1031375900000000         1.000000         0.000000    
     sy_hill11    4.5962006000000001E-03     1.000000         0.000000    
     sy_hill12    3.0169595999999998E-03     1.000000         0.000000    
     sy_hill13    4.9169492000000004E-03     1.000000         0.000000    
     sy_mang16    1.3083198000000001E-02     1.000000         0.000000    
     sy_mang17    6.1456968000000001E-02     1.000000         0.000000    
     sy_mang18    8.5601402000000000E-03     1.000000         0.000000    
     sy_mang19    3.4370580999999997E-02     1.000000         0.000000    
     sy_mang20    6.6292485999999998E-02     1.000000         0.000000    
     sy_mang21    8.2420782000000008E-03     1.000000         0.000000    
     sy_mang22    4.2358051999999997E-03     1.000000         0.000000    
    sy_riv_g23    4.0372797999999998E-03     1.000000         0.000000    
    sy_riv_g24    5.9878539000000003E-03     1.000000         0.000000    
    sy_riv_g25    0.2781875700000000         1.000000         0.000000    
    sy_riv_g26    0.3000000000000000         1.000000         0.000000    
    sy_riv_g27    5.7532525999999997E-03     1.000000         0.000000    
    sy_riv_g28    1.2467705000000001E-03     1.000000         0.000000    
    sy_riv_g29    5.2764387000000003E-03     1.000000         0.000000    
    sy_riv_g30    2.4994018999999999E-02     1.000000         0.000000    
    sy_riv_g60    7.2728252999999998E-03     1.000000         0.000000    
    sy_riv_g61    6.1643868000000003E-03     1.000000         0.000000    
    sy_riv_g62    4.6855099999999997E-02     1.000000         0.000000    
    sy_riv_g63    1.0922932000000000E-02     1.000000         0.000000    
    sy_sandy31    7.8294876000000006E-03     1.000000         0.000000    
    sy_sandy32    1.0179486999999999E-02     1.000000         0.000000    
    sy_sandy70    1.8511522999999998E-02     1.000000         0.000000    
    sy_sandy71    1.1715359999999999E-02     1.000000         0.000000    
  sy_ss_mor_l0    8.3112699999999995E-05     1.000000         0.000000    
  sy_ss_mor_l1    1.2899815000000001E-04     1.000000         0.000000    
    sy_ss_rest    1.2548527000000001E-05     1.000000         0.000000    
  sy_sy_mor_l0    5.6826817000000002E-02     1.000000         0.000000    
  sy_sy_mor_l1    9.9928060999999991E-04     1.000000         0.000000    
      sy_ter14    1.4406396000000000E-02     1.000000         0.000000    
      sy_ter15    6.2064790999999996E-03     1.000000         0.000000    
      sy_ter33    1.5263588999999999E-02     1.000000         0.000000    
      sy_ter34    0.3000000000000000         1.000000         0.000000    
      sy_ter35    5.1597437000000003E-02     1.000000         0.000000    
      sy_ter36    0.2022560400000000         1.000000         0.000000    
      sy_ter37    9.3908740000000004E-02     1.000000         0.000000    
      sy_ter38    0.3000000000000000         1.000000         0.000000    
      sy_ter39    6.5631285999999999E-03     1.000000         0.000000    
      sy_ter80    1.0467082000000001E-02     1.000000         0.000000    
      sy_ter81    0.1888609400000000         1.000000         0.000000    
      sy_ter82    5.4306134000000001E-03     1.000000         0.000000    
      sy_ter83    0.2192714500000000         1.000000         0.000000    
      sy_ter84    5.7817029000000004E-03     1.000000         0.000000    
      sy_ter85    0.1215882000000000         1.000000         0.000000    
      sy_ter86    2.4045400000000001E-02     1.000000         0.000000    
      sy_ter87    0.3000000000000000         1.000000         0.000000    
      sy_ter88    5.2562167000000000E-03     1.000000         0.000000    
