  single point
     hill_main    0.8000000000000000         1.000000         0.000000    
     hill_mang     1.200000000000000         1.000000         0.000000    
       hill_se     1.200000000000000         1.000000         0.000000    
    kh_h_flat1     65.96746800000000         1.000000         0.000000    
   kh_h_flat10     15.08307000000000         1.000000         0.000000    
    kh_h_flat2     772.7051600000000         1.000000         0.000000    
    kh_h_flat3     1000.000000000000         1.000000         0.000000    
    kh_h_flat4     1000.000000000000         1.000000         0.000000    
   kh_h_flat45     1000.000000000000         1.000000         0.000000    
   kh_h_flat46    0.2149937300000000         1.000000         0.000000    
    kh_h_flat5     1000.000000000000         1.000000         0.000000    
   kh_h_flat51     1000.000000000000         1.000000         0.000000    
    kh_h_flat6     38.45017400000000         1.000000         0.000000    
    kh_h_flat7     1000.000000000000         1.000000         0.000000    
    kh_h_flat8     1000.000000000000         1.000000         0.000000    
   kh_h_flat89     3.668367800000000         1.000000         0.000000    
    kh_h_flat9     472.8715200000000         1.000000         0.000000    
     kh_hill11    0.7286786300000000         1.000000         0.000000    
     kh_hill12     209.8886500000000         1.000000         0.000000    
     kh_hill13     44.19765900000000         1.000000         0.000000    
       kh_lake     21.93947600000000         1.000000         0.000000    
     kh_mang16     20.44938500000000         1.000000         0.000000    
     kh_mang17     39.51723600000000         1.000000         0.000000    
     kh_mang18     87.64467100000000         1.000000         0.000000    
     kh_mang19     2.312469700000000         1.000000         0.000000    
     kh_mang20     66.21190100000000         1.000000         0.000000    
     kh_mang21     89.98214000000000         1.000000         0.000000    
     kh_mang22     22.32190700000000         1.000000         0.000000    
     kh_mor_l0     1000.000000000000         1.000000         0.000000    
     kh_mor_l1    1.3147213000000001E-04     1.000000         0.000000    
    kh_riv_g23     44.59122400000000         1.000000         0.000000    
    kh_riv_g24     69.41292199999999         1.000000         0.000000    
    kh_riv_g25     1000.000000000000         1.000000         0.000000    
    kh_riv_g26     1000.000000000000         1.000000         0.000000    
    kh_riv_g27     73.23672900000000         1.000000         0.000000    
    kh_riv_g28     32.44684800000000         1.000000         0.000000    
    kh_riv_g29     75.25271499999999         1.000000         0.000000    
    kh_riv_g30     1000.000000000000         1.000000         0.000000    
    kh_riv_g60     9.974667300000000         1.000000         0.000000    
    kh_riv_g61     7.182714100000000         1.000000         0.000000    
    kh_riv_g62     45.76936500000000         1.000000         0.000000    
    kh_riv_g63     1000.000000000000         1.000000         0.000000    
    kh_sandy31     7.960014400000000         1.000000         0.000000    
    kh_sandy32     169.9582900000000         1.000000         0.000000    
    kh_sandy70    0.7197534100000000         1.000000         0.000000    
    kh_sandy71     28.30068200000000         1.000000         0.000000    
      kh_ter14     6.026683500000000         1.000000         0.000000    
      kh_ter15     587.3806600000000         1.000000         0.000000    
      kh_ter33     41.23927500000000         1.000000         0.000000    
      kh_ter34     73.98954100000000         1.000000         0.000000    
      kh_ter35     1000.000000000000         1.000000         0.000000    
      kh_ter36     2.832162400000000         1.000000         0.000000    
      kh_ter37     1000.000000000000         1.000000         0.000000    
      kh_ter38    0.1614889400000000         1.000000         0.000000    
      kh_ter39    0.6608195600000000         1.000000         0.000000    
      kh_ter80    0.6107317900000000         1.000000         0.000000    
      kh_ter81     51.09571700000000         1.000000         0.000000    
      kh_ter82     744.2286300000000         1.000000         0.000000    
      kh_ter83     62.66553300000000         1.000000         0.000000    
      kh_ter84     1000.000000000000         1.000000         0.000000    
      kh_ter85     31.12578400000000         1.000000         0.000000    
      kh_ter86     3.684252900000000         1.000000         0.000000    
      kh_ter87     1000.000000000000         1.000000         0.000000    
      kh_ter88     6.106641200000000         1.000000         0.000000    
      race_all     1.200000000000000         1.000000         0.000000    
       rch_all    0.5000000000000000         1.000000         0.000000    
        riv_c1     125.7207500000000         1.000000         0.000000    
     riv_gview     2353.396100000000         1.000000         0.000000    
        riv_h1     1852.315900000000         1.000000         0.000000    
        riv_h2     2540.867500000000         1.000000         0.000000    
        riv_h3     5140.475500000000         1.000000         0.000000    
      riv_john     50.00000000000000         1.000000         0.000000    
    sy_h_flat1    2.2357545000000001E-03     1.000000         0.000000    
   sy_h_flat10    2.1143335999999999E-02     1.000000         0.000000    
    sy_h_flat2    3.1019529000000001E-02     1.000000         0.000000    
    sy_h_flat3    2.6468302999999999E-03     1.000000         0.000000    
    sy_h_flat4    0.3000000000000000         1.000000         0.000000    
   sy_h_flat45    6.3148974000000002E-04     1.000000         0.000000    
   sy_h_flat46    4.4274943999999997E-02     1.000000         0.000000    
    sy_h_flat5    1.7628169999999999E-02     1.000000         0.000000    
   sy_h_flat51    6.2135323999999999E-02     1.000000         0.000000    
    sy_h_flat6    5.1794804999999999E-03     1.000000         0.000000    
    sy_h_flat7    1.6670272999999999E-02     1.000000         0.000000    
    sy_h_flat8    7.4704335999999996E-02     1.000000         0.000000    
   sy_h_flat89    0.3000000000000000         1.000000         0.000000    
    sy_h_flat9    0.1049579700000000         1.000000         0.000000    
     sy_hill11    3.5979725999999998E-03     1.000000         0.000000    
     sy_hill12    2.8257520000000000E-03     1.000000         0.000000    
     sy_hill13    4.8714535000000002E-03     1.000000         0.000000    
     sy_mang16    1.3083198000000001E-02     1.000000         0.000000    
     sy_mang17    4.4678467999999999E-02     1.000000         0.000000    
     sy_mang18    8.5601402000000000E-03     1.000000         0.000000    
     sy_mang19    4.2971474000000003E-02     1.000000         0.000000    
     sy_mang20    6.6292485999999998E-02     1.000000         0.000000    
     sy_mang21    7.8062015999999998E-03     1.000000         0.000000    
     sy_mang22    3.8118717999999999E-03     1.000000         0.000000    
    sy_riv_g23    3.7572946000000002E-03     1.000000         0.000000    
    sy_riv_g24    5.1991499999999996E-03     1.000000         0.000000    
    sy_riv_g25    0.2810300000000000         1.000000         0.000000    
    sy_riv_g26    0.3000000000000000         1.000000         0.000000    
    sy_riv_g27    5.4382353999999997E-03     1.000000         0.000000    
    sy_riv_g28    1.1273584999999999E-03     1.000000         0.000000    
    sy_riv_g29    5.1163405999999998E-03     1.000000         0.000000    
    sy_riv_g30    2.5409141999999999E-02     1.000000         0.000000    
    sy_riv_g60    7.2728252999999998E-03     1.000000         0.000000    
    sy_riv_g61    5.3671372999999998E-03     1.000000         0.000000    
    sy_riv_g62    4.7798878000000003E-02     1.000000         0.000000    
    sy_riv_g63    1.1483779000000000E-02     1.000000         0.000000    
    sy_sandy31    7.7527751000000004E-03     1.000000         0.000000    
    sy_sandy32    9.7883729999999995E-03     1.000000         0.000000    
    sy_sandy70    1.8273141999999999E-02     1.000000         0.000000    
    sy_sandy71    1.1284882000000000E-02     1.000000         0.000000    
  sy_ss_mor_l0    8.2796997999999995E-05     1.000000         0.000000    
  sy_ss_mor_l1    1.2796096999999999E-04     1.000000         0.000000    
    sy_ss_rest    1.3107189000000000E-05     1.000000         0.000000    
  sy_sy_mor_l0    5.6747104000000000E-02     1.000000         0.000000    
  sy_sy_mor_l1    9.9928060999999991E-04     1.000000         0.000000    
      sy_ter14    1.3724937000000000E-02     1.000000         0.000000    
      sy_ter15    6.6450976000000002E-03     1.000000         0.000000    
      sy_ter33    1.2770490000000001E-02     1.000000         0.000000    
      sy_ter34    0.3000000000000000         1.000000         0.000000    
      sy_ter35    3.8582406000000000E-02     1.000000         0.000000    
      sy_ter36    0.2059558300000000         1.000000         0.000000    
      sy_ter37    0.1061102700000000         1.000000         0.000000    
      sy_ter38    0.3000000000000000         1.000000         0.000000    
      sy_ter39    6.7381185999999997E-03     1.000000         0.000000    
      sy_ter80    1.2936890000000000E-02     1.000000         0.000000    
      sy_ter81    0.1888609400000000         1.000000         0.000000    
      sy_ter82    5.0741917000000003E-03     1.000000         0.000000    
      sy_ter83    0.3000000000000000         1.000000         0.000000    
      sy_ter84    5.4745890000000002E-03     1.000000         0.000000    
      sy_ter85    0.1191442600000000         1.000000         0.000000    
      sy_ter86    1.9248023999999999E-02     1.000000         0.000000    
      sy_ter87    0.3000000000000000         1.000000         0.000000    
      sy_ter88    4.6208487999999997E-03     1.000000         0.000000    
