  single point
     hill_main    0.9721285700000000         1.000000         0.000000    
     hill_mang    0.8000000000000000         1.000000         0.000000    
       hill_se     1.033270600000000         1.000000         0.000000    
    kh_h_flat1     300.0430700000000         1.000000         0.000000    
   kh_h_flat10     503.2022300000000         1.000000         0.000000    
    kh_h_flat2     199.2375500000000         1.000000         0.000000    
    kh_h_flat3     300.6341200000000         1.000000         0.000000    
    kh_h_flat4     218.4111800000000         1.000000         0.000000    
   kh_h_flat45     325.1698200000000         1.000000         0.000000    
   kh_h_flat46     288.0287700000000         1.000000         0.000000    
    kh_h_flat5     389.7628200000000         1.000000         0.000000    
   kh_h_flat51     369.6526600000000         1.000000         0.000000    
    kh_h_flat6     715.4969700000000         1.000000         0.000000    
    kh_h_flat7     395.8009600000000         1.000000         0.000000    
    kh_h_flat8     418.7337100000000         1.000000         0.000000    
   kh_h_flat89     304.2376600000000         1.000000         0.000000    
    kh_h_flat9     297.9030100000000         1.000000         0.000000    
     kh_hill11     240.7740500000000         1.000000         0.000000    
     kh_hill12     326.7979300000000         1.000000         0.000000    
     kh_hill13     295.1936500000000         1.000000         0.000000    
       kh_lake     213.7653000000000         1.000000         0.000000    
     kh_mang16     213.8748500000000         1.000000         0.000000    
     kh_mang17     488.9238300000000         1.000000         0.000000    
     kh_mang18     313.8198900000000         1.000000         0.000000    
     kh_mang19     189.2861100000000         1.000000         0.000000    
     kh_mang20     229.5556500000000         1.000000         0.000000    
     kh_mang21     143.5838400000000         1.000000         0.000000    
     kh_mang22     254.5127600000000         1.000000         0.000000    
     kh_mor_l0     326.2896300000000         1.000000         0.000000    
     kh_mor_l1    1.0982123999999999E-04     1.000000         0.000000    
    kh_riv_g23     293.6777500000000         1.000000         0.000000    
    kh_riv_g24     280.1450900000000         1.000000         0.000000    
    kh_riv_g25     296.7036300000000         1.000000         0.000000    
    kh_riv_g26     227.1972300000000         1.000000         0.000000    
    kh_riv_g27     251.0098100000000         1.000000         0.000000    
    kh_riv_g28     262.5874300000000         1.000000         0.000000    
    kh_riv_g29     202.2998900000000         1.000000         0.000000    
    kh_riv_g30     369.3075300000000         1.000000         0.000000    
    kh_riv_g60     195.9080000000000         1.000000         0.000000    
    kh_riv_g61     138.2803800000000         1.000000         0.000000    
    kh_riv_g62     229.8434900000000         1.000000         0.000000    
    kh_riv_g63     332.0266400000000         1.000000         0.000000    
    kh_sandy31     171.3827800000000         1.000000         0.000000    
    kh_sandy32     266.0051600000000         1.000000         0.000000    
    kh_sandy70     183.5240700000000         1.000000         0.000000    
    kh_sandy71     210.8827400000000         1.000000         0.000000    
      kh_ter14     34.93064800000000         1.000000         0.000000    
      kh_ter15     78.19622699999999         1.000000         0.000000    
      kh_ter33     61.87442900000000         1.000000         0.000000    
      kh_ter34     57.16711500000000         1.000000         0.000000    
      kh_ter35     185.8812700000000         1.000000         0.000000    
      kh_ter36     31.68418100000000         1.000000         0.000000    
      kh_ter37     79.01791299999999         1.000000         0.000000    
      kh_ter38     17.60693200000000         1.000000         0.000000    
      kh_ter39     31.39998000000000         1.000000         0.000000    
      kh_ter80     50.11038500000000         1.000000         0.000000    
      kh_ter81     51.85903900000000         1.000000         0.000000    
      kh_ter82     60.35400000000000         1.000000         0.000000    
      kh_ter83     90.84757600000000         1.000000         0.000000    
      kh_ter84     143.5510500000000         1.000000         0.000000    
      kh_ter85     40.04625300000000         1.000000         0.000000    
      kh_ter86     42.11251900000000         1.000000         0.000000    
      kh_ter87     80.30164400000000         1.000000         0.000000    
      kh_ter88     29.46006500000000         1.000000         0.000000    
      race_all    0.9313475100000000         1.000000         0.000000    
       rch_all    0.9968345000000000         1.000000         0.000000    
        riv_c1     1055.075900000000         1.000000         0.000000    
     riv_gview     87.97956800000000         1.000000         0.000000    
        riv_h1     1125.467100000000         1.000000         0.000000    
        riv_h2     935.3066600000000         1.000000         0.000000    
        riv_h3     1061.656700000000         1.000000         0.000000    
      riv_john     76.51905400000000         1.000000         0.000000    
    sy_h_flat1    1.1740515999999999E-02     1.000000         0.000000    
   sy_h_flat10    1.0492321000000001E-02     1.000000         0.000000    
    sy_h_flat2    9.8691839999999996E-03     1.000000         0.000000    
    sy_h_flat3    9.1871819000000007E-03     1.000000         0.000000    
    sy_h_flat4    1.4473213000000000E-02     1.000000         0.000000    
   sy_h_flat45    1.0075143999999999E-02     1.000000         0.000000    
   sy_h_flat46    9.7932399000000003E-03     1.000000         0.000000    
    sy_h_flat5    1.1140952000000001E-02     1.000000         0.000000    
   sy_h_flat51    9.8077272999999993E-03     1.000000         0.000000    
    sy_h_flat6    8.6956755999999993E-03     1.000000         0.000000    
    sy_h_flat7    7.2490226999999997E-03     1.000000         0.000000    
    sy_h_flat8    1.7599205999999999E-02     1.000000         0.000000    
   sy_h_flat89    1.0437805000000000E-02     1.000000         0.000000    
    sy_h_flat9    1.2297559000000000E-02     1.000000         0.000000    
     sy_hill11    8.5187995999999998E-03     1.000000         0.000000    
     sy_hill12    7.4482717000000000E-03     1.000000         0.000000    
     sy_hill13    8.7029323000000006E-03     1.000000         0.000000    
     sy_mang16    8.8457989000000001E-03     1.000000         0.000000    
     sy_mang17    1.7052985999999999E-02     1.000000         0.000000    
     sy_mang18    8.2902688000000002E-03     1.000000         0.000000    
     sy_mang19    7.0893913000000001E-03     1.000000         0.000000    
     sy_mang20    1.0976324000000001E-02     1.000000         0.000000    
     sy_mang21    1.1285936999999999E-02     1.000000         0.000000    
     sy_mang22    8.7931655000000001E-03     1.000000         0.000000    
    sy_riv_g23    1.1705706999999999E-02     1.000000         0.000000    
    sy_riv_g24    1.0069445000000000E-02     1.000000         0.000000    
    sy_riv_g25    1.5985823000000000E-02     1.000000         0.000000    
    sy_riv_g26    1.8269928000000001E-02     1.000000         0.000000    
    sy_riv_g27    9.2610968000000002E-03     1.000000         0.000000    
    sy_riv_g28    8.4727437000000003E-03     1.000000         0.000000    
    sy_riv_g29    9.8790271999999995E-03     1.000000         0.000000    
    sy_riv_g30    1.1254465000000000E-02     1.000000         0.000000    
    sy_riv_g60    1.0498037999999999E-02     1.000000         0.000000    
    sy_riv_g61    1.0245196999999999E-02     1.000000         0.000000    
    sy_riv_g62    1.0803122000000000E-02     1.000000         0.000000    
    sy_riv_g63    9.9402095999999995E-03     1.000000         0.000000    
    sy_sandy31    1.0000524000000000E-02     1.000000         0.000000    
    sy_sandy32    1.0011130000000000E-02     1.000000         0.000000    
    sy_sandy70    1.0057078000000001E-02     1.000000         0.000000    
    sy_sandy71    9.8286564000000000E-03     1.000000         0.000000    
  sy_ss_mor_l0    9.5391738000000001E-05     1.000000         0.000000    
  sy_ss_mor_l1    1.1594344000000000E-04     1.000000         0.000000    
    sy_ss_rest    6.9618263000000003E-05     1.000000         0.000000    
  sy_sy_mor_l0    1.8449805000000000E-02     1.000000         0.000000    
  sy_sy_mor_l1    1.0000000000000000E-03     1.000000         0.000000    
      sy_ter14    1.0264338000000000E-02     1.000000         0.000000    
      sy_ter15    1.1092242000000000E-02     1.000000         0.000000    
      sy_ter33    9.7137061000000004E-03     1.000000         0.000000    
      sy_ter34    1.4096381000000000E-02     1.000000         0.000000    
      sy_ter35    2.1098170999999999E-02     1.000000         0.000000    
      sy_ter36    1.3015732000000000E-02     1.000000         0.000000    
      sy_ter37    1.2213165000000000E-02     1.000000         0.000000    
      sy_ter38    1.3195887000000000E-02     1.000000         0.000000    
      sy_ter39    1.3857236000000000E-02     1.000000         0.000000    
      sy_ter80    8.7729465999999996E-03     1.000000         0.000000    
      sy_ter81    1.1999390000000000E-02     1.000000         0.000000    
      sy_ter82    9.7965684000000004E-03     1.000000         0.000000    
      sy_ter83    1.1514348000000001E-02     1.000000         0.000000    
      sy_ter84    9.6786758999999993E-03     1.000000         0.000000    
      sy_ter85    1.1598000000000001E-02     1.000000         0.000000    
      sy_ter86    9.1240521999999998E-03     1.000000         0.000000    
      sy_ter87    9.6284927999999992E-03     1.000000         0.000000    
      sy_ter88    1.1093174000000001E-02     1.000000         0.000000    
