  single point
     hill_main    0.8000000000000000         1.000000         0.000000    
     hill_mang     1.200000000000000         1.000000         0.000000    
       hill_se     1.200000000000000         1.000000         0.000000    
    kh_h_flat1     65.96746800000000         1.000000         0.000000    
   kh_h_flat10     15.08307000000000         1.000000         0.000000    
    kh_h_flat2     614.3596300000000         1.000000         0.000000    
    kh_h_flat3     1000.000000000000         1.000000         0.000000    
    kh_h_flat4     1000.000000000000         1.000000         0.000000    
   kh_h_flat45     1000.000000000000         1.000000         0.000000    
   kh_h_flat46    0.2149937300000000         1.000000         0.000000    
    kh_h_flat5     1000.000000000000         1.000000         0.000000    
   kh_h_flat51     1000.000000000000         1.000000         0.000000    
    kh_h_flat6     38.45017400000000         1.000000         0.000000    
    kh_h_flat7     1000.000000000000         1.000000         0.000000    
    kh_h_flat8     1000.000000000000         1.000000         0.000000    
   kh_h_flat89     3.668367800000000         1.000000         0.000000    
    kh_h_flat9     472.8715200000000         1.000000         0.000000    
     kh_hill11     4.468261300000000         1.000000         0.000000    
     kh_hill12     611.9344800000000         1.000000         0.000000    
     kh_hill13     82.74102499999999         1.000000         0.000000    
       kh_lake     21.93947600000000         1.000000         0.000000    
     kh_mang16     23.56013600000000         1.000000         0.000000    
     kh_mang17     33.66122200000000         1.000000         0.000000    
     kh_mang18     58.01672800000000         1.000000         0.000000    
     kh_mang19     5.258439100000000         1.000000         0.000000    
     kh_mang20     44.99908300000000         1.000000         0.000000    
     kh_mang21     42.96741100000000         1.000000         0.000000    
     kh_mang22     28.07431700000000         1.000000         0.000000    
     kh_mor_l0     1000.000000000000         1.000000         0.000000    
     kh_mor_l1    1.2675562000000000E-04     1.000000         0.000000    
    kh_riv_g23     53.48416600000000         1.000000         0.000000    
    kh_riv_g24     64.55610100000000         1.000000         0.000000    
    kh_riv_g25     1000.000000000000         1.000000         0.000000    
    kh_riv_g26     1000.000000000000         1.000000         0.000000    
    kh_riv_g27     85.98514700000000         1.000000         0.000000    
    kh_riv_g28     32.24388500000000         1.000000         0.000000    
    kh_riv_g29     61.09255800000000         1.000000         0.000000    
    kh_riv_g30     1000.000000000000         1.000000         0.000000    
    kh_riv_g60     7.798144200000000         1.000000         0.000000    
    kh_riv_g61     8.863668900000000         1.000000         0.000000    
    kh_riv_g62     40.69470000000000         1.000000         0.000000    
    kh_riv_g63     999.3975400000000         1.000000         0.000000    
    kh_sandy31     6.364411600000000         1.000000         0.000000    
    kh_sandy32     180.6797700000000         1.000000         0.000000    
    kh_sandy70     1.558419600000000         1.000000         0.000000    
    kh_sandy71     42.71341000000000         1.000000         0.000000    
      kh_ter14     6.014679100000000         1.000000         0.000000    
      kh_ter15     711.0151200000000         1.000000         0.000000    
      kh_ter33     71.55743699999999         1.000000         0.000000    
      kh_ter34     76.37007600000000         1.000000         0.000000    
      kh_ter35     1000.000000000000         1.000000         0.000000    
      kh_ter36     3.564075300000000         1.000000         0.000000    
      kh_ter37     1000.000000000000         1.000000         0.000000    
      kh_ter38    0.1573063700000000         1.000000         0.000000    
      kh_ter39    0.5797857600000000         1.000000         0.000000    
      kh_ter80    0.7523905300000000         1.000000         0.000000    
      kh_ter81     37.48822800000000         1.000000         0.000000    
      kh_ter82     998.6506600000000         1.000000         0.000000    
      kh_ter83     61.50139500000000         1.000000         0.000000    
      kh_ter84     1000.000000000000         1.000000         0.000000    
      kh_ter85     22.87775400000000         1.000000         0.000000    
      kh_ter86     5.431955900000000         1.000000         0.000000    
      kh_ter87     1000.000000000000         1.000000         0.000000    
      kh_ter88     6.787605100000000         1.000000         0.000000    
      race_all     1.200000000000000         1.000000         0.000000    
       rch_all    0.5000000000000000         1.000000         0.000000    
        riv_c1     127.8969600000000         1.000000         0.000000    
     riv_gview     383.5062200000000         1.000000         0.000000    
        riv_h1     1852.315900000000         1.000000         0.000000    
        riv_h2     3876.781400000000         1.000000         0.000000    
        riv_h3     5143.893800000000         1.000000         0.000000    
      riv_john     50.00000000000000         1.000000         0.000000    
    sy_h_flat1    2.5524505000000001E-03     1.000000         0.000000    
   sy_h_flat10    2.1165943999999999E-02     1.000000         0.000000    
    sy_h_flat2    3.1181334000000002E-02     1.000000         0.000000    
    sy_h_flat3    2.6484684999999999E-03     1.000000         0.000000    
    sy_h_flat4    0.3000000000000000         1.000000         0.000000    
   sy_h_flat45    4.6685879000000000E-04     1.000000         0.000000    
   sy_h_flat46    4.4274943999999997E-02     1.000000         0.000000    
    sy_h_flat5    1.7628169999999999E-02     1.000000         0.000000    
   sy_h_flat51    6.0314090000000001E-02     1.000000         0.000000    
    sy_h_flat6    5.8941578999999996E-03     1.000000         0.000000    
    sy_h_flat7    1.4685877000000000E-02     1.000000         0.000000    
    sy_h_flat8    7.4704335999999996E-02     1.000000         0.000000    
   sy_h_flat89    0.3000000000000000         1.000000         0.000000    
    sy_h_flat9    0.1040635300000000         1.000000         0.000000    
     sy_hill11    5.5438264999999997E-03     1.000000         0.000000    
     sy_hill12    3.4782493999999998E-03     1.000000         0.000000    
     sy_hill13    5.1798796000000003E-03     1.000000         0.000000    
     sy_mang16    1.3089897000000000E-02     1.000000         0.000000    
     sy_mang17    8.2510504999999998E-02     1.000000         0.000000    
     sy_mang18    8.5780934000000003E-03     1.000000         0.000000    
     sy_mang19    2.6090452000000000E-02     1.000000         0.000000    
     sy_mang20    6.6122140999999995E-02     1.000000         0.000000    
     sy_mang21    6.8879149999999997E-03     1.000000         0.000000    
     sy_mang22    4.4317113000000002E-03     1.000000         0.000000    
    sy_riv_g23    5.4095764000000003E-03     1.000000         0.000000    
    sy_riv_g24    5.6325500999999997E-03     1.000000         0.000000    
    sy_riv_g25    0.2684279000000000         1.000000         0.000000    
    sy_riv_g26    0.3000000000000000         1.000000         0.000000    
    sy_riv_g27    5.8124251000000000E-03     1.000000         0.000000    
    sy_riv_g28    1.7508805000000000E-03     1.000000         0.000000    
    sy_riv_g29    6.5234320999999996E-03     1.000000         0.000000    
    sy_riv_g30    3.2722503999999999E-02     1.000000         0.000000    
    sy_riv_g60    7.2722940999999999E-03     1.000000         0.000000    
    sy_riv_g61    5.4566162000000001E-03     1.000000         0.000000    
    sy_riv_g62    4.4028245000000001E-02     1.000000         0.000000    
    sy_riv_g63    1.1471733000000000E-02     1.000000         0.000000    
    sy_sandy31    7.7524624000000000E-03     1.000000         0.000000    
    sy_sandy32    8.9599451000000000E-03     1.000000         0.000000    
    sy_sandy70    1.4360675000000000E-02     1.000000         0.000000    
    sy_sandy71    1.1072034999999999E-02     1.000000         0.000000    
  sy_ss_mor_l0    8.3240334999999999E-05     1.000000         0.000000    
  sy_ss_mor_l1    1.2717699000000000E-04     1.000000         0.000000    
    sy_ss_rest    1.1107180000000000E-05     1.000000         0.000000    
  sy_sy_mor_l0    6.5651668999999996E-02     1.000000         0.000000    
  sy_sy_mor_l1    9.9928060999999991E-04     1.000000         0.000000    
      sy_ter14    1.2783170000000000E-02     1.000000         0.000000    
      sy_ter15    5.0619480000000001E-03     1.000000         0.000000    
      sy_ter33    1.0135030999999999E-02     1.000000         0.000000    
      sy_ter34    0.3000000000000000         1.000000         0.000000    
      sy_ter35    3.3816713999999998E-02     1.000000         0.000000    
      sy_ter36    0.1319263800000000         1.000000         0.000000    
      sy_ter37    8.9570232000000000E-02     1.000000         0.000000    
      sy_ter38    0.3000000000000000         1.000000         0.000000    
      sy_ter39    9.8251299000000000E-03     1.000000         0.000000    
      sy_ter80    1.9058819000000000E-03     1.000000         0.000000    
      sy_ter81    0.1890025700000000         1.000000         0.000000    
      sy_ter82    5.8264394000000002E-03     1.000000         0.000000    
      sy_ter83    3.9352360000000003E-02     1.000000         0.000000    
      sy_ter84    5.6528057000000001E-03     1.000000         0.000000    
      sy_ter85    0.1753284800000000         1.000000         0.000000    
      sy_ter86    1.2424617000000001E-02     1.000000         0.000000    
      sy_ter87    0.3000000000000000         1.000000         0.000000    
      sy_ter88    5.9653273000000000E-03     1.000000         0.000000    
