  single point
     hill_main    0.8000000000000000         1.000000         0.000000    
     hill_mang     1.200000000000000         1.000000         0.000000    
       hill_se     1.200000000000000         1.000000         0.000000    
    kh_h_flat1     65.96746800000000         1.000000         0.000000    
   kh_h_flat10     15.08307000000000         1.000000         0.000000    
    kh_h_flat2     609.1944000000000         1.000000         0.000000    
    kh_h_flat3     1000.000000000000         1.000000         0.000000    
    kh_h_flat4     1000.000000000000         1.000000         0.000000    
   kh_h_flat45     1000.000000000000         1.000000         0.000000    
   kh_h_flat46    0.2149937300000000         1.000000         0.000000    
    kh_h_flat5     1000.000000000000         1.000000         0.000000    
   kh_h_flat51     1000.000000000000         1.000000         0.000000    
    kh_h_flat6     38.45017400000000         1.000000         0.000000    
    kh_h_flat7     1000.000000000000         1.000000         0.000000    
    kh_h_flat8     1000.000000000000         1.000000         0.000000    
   kh_h_flat89     3.668367800000000         1.000000         0.000000    
    kh_h_flat9     472.8715200000000         1.000000         0.000000    
     kh_hill11     4.444701900000000         1.000000         0.000000    
     kh_hill12     611.2951200000000         1.000000         0.000000    
     kh_hill13     83.31495300000000         1.000000         0.000000    
       kh_lake     21.93947600000000         1.000000         0.000000    
     kh_mang16     23.48521400000000         1.000000         0.000000    
     kh_mang17     34.02369600000000         1.000000         0.000000    
     kh_mang18     57.89726600000000         1.000000         0.000000    
     kh_mang19     5.296612700000000         1.000000         0.000000    
     kh_mang20     44.51981500000000         1.000000         0.000000    
     kh_mang21     43.03695500000000         1.000000         0.000000    
     kh_mang22     27.99699000000000         1.000000         0.000000    
     kh_mor_l0     1000.000000000000         1.000000         0.000000    
     kh_mor_l1    1.2651095000000001E-04     1.000000         0.000000    
    kh_riv_g23     52.92476400000000         1.000000         0.000000    
    kh_riv_g24     65.11277800000001         1.000000         0.000000    
    kh_riv_g25     1000.000000000000         1.000000         0.000000    
    kh_riv_g26     1000.000000000000         1.000000         0.000000    
    kh_riv_g27     86.69144000000000         1.000000         0.000000    
    kh_riv_g28     31.97318100000000         1.000000         0.000000    
    kh_riv_g29     61.13661600000000         1.000000         0.000000    
    kh_riv_g30     1000.000000000000         1.000000         0.000000    
    kh_riv_g60     7.769748700000000         1.000000         0.000000    
    kh_riv_g61     8.979313400000001         1.000000         0.000000    
    kh_riv_g62     40.95260200000000         1.000000         0.000000    
    kh_riv_g63     1000.000000000000         1.000000         0.000000    
    kh_sandy31     6.399565900000000         1.000000         0.000000    
    kh_sandy32     180.6758600000000         1.000000         0.000000    
    kh_sandy70     1.560639400000000         1.000000         0.000000    
    kh_sandy71     42.64300500000000         1.000000         0.000000    
      kh_ter14     5.981857800000000         1.000000         0.000000    
      kh_ter15     711.1608600000000         1.000000         0.000000    
      kh_ter33     71.17848600000001         1.000000         0.000000    
      kh_ter34     73.09419500000000         1.000000         0.000000    
      kh_ter35     1000.000000000000         1.000000         0.000000    
      kh_ter36     3.582750300000000         1.000000         0.000000    
      kh_ter37     1000.000000000000         1.000000         0.000000    
      kh_ter38    0.1526388800000000         1.000000         0.000000    
      kh_ter39    0.5729251900000000         1.000000         0.000000    
      kh_ter80    0.7827266400000000         1.000000         0.000000    
      kh_ter81     38.39903000000000         1.000000         0.000000    
      kh_ter82     1000.000000000000         1.000000         0.000000    
      kh_ter83     61.29943800000000         1.000000         0.000000    
      kh_ter84     1000.000000000000         1.000000         0.000000    
      kh_ter85     23.25761400000000         1.000000         0.000000    
      kh_ter86     5.395262600000000         1.000000         0.000000    
      kh_ter87     1000.000000000000         1.000000         0.000000    
      kh_ter88     6.659209700000000         1.000000         0.000000    
      race_all     1.200000000000000         1.000000         0.000000    
       rch_all    0.5000000000000000         1.000000         0.000000    
        riv_c1     129.7993700000000         1.000000         0.000000    
     riv_gview     384.1215900000000         1.000000         0.000000    
        riv_h1     1852.315900000000         1.000000         0.000000    
        riv_h2     3879.962700000000         1.000000         0.000000    
        riv_h3     5146.894600000000         1.000000         0.000000    
      riv_john     50.00000000000000         1.000000         0.000000    
    sy_h_flat1    2.5527223000000000E-03     1.000000         0.000000    
   sy_h_flat10    2.1227649000000001E-02     1.000000         0.000000    
    sy_h_flat2    3.0984514000000001E-02     1.000000         0.000000    
    sy_h_flat3    2.6533868000000000E-03     1.000000         0.000000    
    sy_h_flat4    0.3000000000000000         1.000000         0.000000    
   sy_h_flat45    4.6654584000000002E-04     1.000000         0.000000    
   sy_h_flat46    4.4274943999999997E-02     1.000000         0.000000    
    sy_h_flat5    1.7628169999999999E-02     1.000000         0.000000    
   sy_h_flat51    6.0202226999999997E-02     1.000000         0.000000    
    sy_h_flat6    5.8877384000000001E-03     1.000000         0.000000    
    sy_h_flat7    1.4912526000000001E-02     1.000000         0.000000    
    sy_h_flat8    7.4704335999999996E-02     1.000000         0.000000    
   sy_h_flat89    0.3000000000000000         1.000000         0.000000    
    sy_h_flat9    0.1044202300000000         1.000000         0.000000    
     sy_hill11    5.5381908000000004E-03     1.000000         0.000000    
     sy_hill12    3.4745530000000000E-03     1.000000         0.000000    
     sy_hill13    5.1753750999999999E-03     1.000000         0.000000    
     sy_mang16    1.3111951000000000E-02     1.000000         0.000000    
     sy_mang17    8.2308927000000004E-02     1.000000         0.000000    
     sy_mang18    8.6304980000000003E-03     1.000000         0.000000    
     sy_mang19    2.5914301000000001E-02     1.000000         0.000000    
     sy_mang20    6.5665580000000001E-02     1.000000         0.000000    
     sy_mang21    6.8595108000000004E-03     1.000000         0.000000    
     sy_mang22    4.4296275000000000E-03     1.000000         0.000000    
    sy_riv_g23    5.4082084000000004E-03     1.000000         0.000000    
    sy_riv_g24    5.6325259999999997E-03     1.000000         0.000000    
    sy_riv_g25    0.2699974000000000         1.000000         0.000000    
    sy_riv_g26    0.3000000000000000         1.000000         0.000000    
    sy_riv_g27    5.8088150000000002E-03     1.000000         0.000000    
    sy_riv_g28    1.7498781999999999E-03     1.000000         0.000000    
    sy_riv_g29    6.5215491000000002E-03     1.000000         0.000000    
    sy_riv_g30    3.2729751000000001E-02     1.000000         0.000000    
    sy_riv_g60    7.2701420000000003E-03     1.000000         0.000000    
    sy_riv_g61    5.4663072999999998E-03     1.000000         0.000000    
    sy_riv_g62    4.4445864000000002E-02     1.000000         0.000000    
    sy_riv_g63    1.1499614999999999E-02     1.000000         0.000000    
    sy_sandy31    7.7503236999999997E-03     1.000000         0.000000    
    sy_sandy32    8.9590390999999998E-03     1.000000         0.000000    
    sy_sandy70    1.4362679999999999E-02     1.000000         0.000000    
    sy_sandy71    1.1071233000000000E-02     1.000000         0.000000    
  sy_ss_mor_l0    8.3244615999999996E-05     1.000000         0.000000    
  sy_ss_mor_l1    1.2718914000000000E-04     1.000000         0.000000    
    sy_ss_rest    1.1111140000000000E-05     1.000000         0.000000    
  sy_sy_mor_l0    6.5874171999999995E-02     1.000000         0.000000    
  sy_sy_mor_l1    9.9928089000000009E-04     1.000000         0.000000    
      sy_ter14    1.2764223000000000E-02     1.000000         0.000000    
      sy_ter15    5.0588849999999999E-03     1.000000         0.000000    
      sy_ter33    1.0128685000000000E-02     1.000000         0.000000    
      sy_ter34    0.3000000000000000         1.000000         0.000000    
      sy_ter35    3.3844511000000001E-02     1.000000         0.000000    
      sy_ter36    0.1327933600000000         1.000000         0.000000    
      sy_ter37    8.9697737999999999E-02     1.000000         0.000000    
      sy_ter38    0.3000000000000000         1.000000         0.000000    
      sy_ter39    9.7550481999999997E-03     1.000000         0.000000    
      sy_ter80    1.9060122000000000E-03     1.000000         0.000000    
      sy_ter81    0.1893818900000000         1.000000         0.000000    
      sy_ter82    5.8254446999999997E-03     1.000000         0.000000    
      sy_ter83    3.9416510000000002E-02     1.000000         0.000000    
      sy_ter84    5.6529333999999999E-03     1.000000         0.000000    
      sy_ter85    0.1758420900000000         1.000000         0.000000    
      sy_ter86    1.2425538999999999E-02     1.000000         0.000000    
      sy_ter87    0.3000000000000000         1.000000         0.000000    
      sy_ter88    5.9643526000000002E-03     1.000000         0.000000    
