  single point
     hill_main    0.8000000000000000         1.000000         0.000000    
     hill_mang     1.200000000000000         1.000000         0.000000    
       hill_se     1.200000000000000         1.000000         0.000000    
    kh_h_flat1     65.96746800000000         1.000000         0.000000    
   kh_h_flat10     15.08307000000000         1.000000         0.000000    
    kh_h_flat2     612.5319300000000         1.000000         0.000000    
    kh_h_flat3     1000.000000000000         1.000000         0.000000    
    kh_h_flat4     1000.000000000000         1.000000         0.000000    
   kh_h_flat45     1000.000000000000         1.000000         0.000000    
   kh_h_flat46    0.2149937300000000         1.000000         0.000000    
    kh_h_flat5     1000.000000000000         1.000000         0.000000    
   kh_h_flat51     1000.000000000000         1.000000         0.000000    
    kh_h_flat6     38.45017400000000         1.000000         0.000000    
    kh_h_flat7     1000.000000000000         1.000000         0.000000    
    kh_h_flat8     1000.000000000000         1.000000         0.000000    
   kh_h_flat89     3.668367800000000         1.000000         0.000000    
    kh_h_flat9     472.8715200000000         1.000000         0.000000    
     kh_hill11     4.469134000000000         1.000000         0.000000    
     kh_hill12     611.9393200000000         1.000000         0.000000    
     kh_hill13     82.68981700000001         1.000000         0.000000    
       kh_lake     21.93947600000000         1.000000         0.000000    
     kh_mang16     23.59457700000000         1.000000         0.000000    
     kh_mang17     33.64286500000000         1.000000         0.000000    
     kh_mang18     58.03831300000000         1.000000         0.000000    
     kh_mang19     5.265318000000000         1.000000         0.000000    
     kh_mang20     45.16558000000000         1.000000         0.000000    
     kh_mang21     42.96239500000000         1.000000         0.000000    
     kh_mang22     28.09300400000000         1.000000         0.000000    
     kh_mor_l0     1000.000000000000         1.000000         0.000000    
     kh_mor_l1    1.2677808999999999E-04     1.000000         0.000000    
    kh_riv_g23     53.57729800000000         1.000000         0.000000    
    kh_riv_g24     64.57267000000000         1.000000         0.000000    
    kh_riv_g25     1000.000000000000         1.000000         0.000000    
    kh_riv_g26     1000.000000000000         1.000000         0.000000    
    kh_riv_g27     85.95196300000001         1.000000         0.000000    
    kh_riv_g28     32.30500400000000         1.000000         0.000000    
    kh_riv_g29     61.01776400000000         1.000000         0.000000    
    kh_riv_g30     1000.000000000000         1.000000         0.000000    
    kh_riv_g60     7.807087900000000         1.000000         0.000000    
    kh_riv_g61     8.862438900000001         1.000000         0.000000    
    kh_riv_g62     40.75888200000000         1.000000         0.000000    
    kh_riv_g63     998.6430000000000         1.000000         0.000000    
    kh_sandy31     6.360324100000000         1.000000         0.000000    
    kh_sandy32     180.6769400000000         1.000000         0.000000    
    kh_sandy70     1.557912100000000         1.000000         0.000000    
    kh_sandy71     42.72212800000000         1.000000         0.000000    
      kh_ter14     6.017840100000000         1.000000         0.000000    
      kh_ter15     710.9203600000000         1.000000         0.000000    
      kh_ter33     71.59188399999999         1.000000         0.000000    
      kh_ter34     75.83818900000000         1.000000         0.000000    
      kh_ter35     998.3049200000000         1.000000         0.000000    
      kh_ter36     3.567614200000000         1.000000         0.000000    
      kh_ter37     1000.000000000000         1.000000         0.000000    
      kh_ter38    0.1567495700000000         1.000000         0.000000    
      kh_ter39    0.5807794400000000         1.000000         0.000000    
      kh_ter80    0.7504351200000000         1.000000         0.000000    
      kh_ter81     37.46313700000000         1.000000         0.000000    
      kh_ter82     998.6736600000000         1.000000         0.000000    
      kh_ter83     61.52695600000000         1.000000         0.000000    
      kh_ter84     1000.000000000000         1.000000         0.000000    
      kh_ter85     22.87763700000000         1.000000         0.000000    
      kh_ter86     5.436118800000000         1.000000         0.000000    
      kh_ter87     1000.000000000000         1.000000         0.000000    
      kh_ter88     6.726970400000000         1.000000         0.000000    
      race_all     1.200000000000000         1.000000         0.000000    
       rch_all    0.5000000000000000         1.000000         0.000000    
        riv_c1     127.7771500000000         1.000000         0.000000    
     riv_gview     383.4129300000000         1.000000         0.000000    
        riv_h1     1852.315900000000         1.000000         0.000000    
        riv_h2     3876.000800000000         1.000000         0.000000    
        riv_h3     5143.044600000000         1.000000         0.000000    
      riv_john     50.00000000000000         1.000000         0.000000    
    sy_h_flat1    2.5521113999999998E-03     1.000000         0.000000    
   sy_h_flat10    2.1159532000000002E-02     1.000000         0.000000    
    sy_h_flat2    3.1138800000000001E-02     1.000000         0.000000    
    sy_h_flat3    2.6480666999999999E-03     1.000000         0.000000    
    sy_h_flat4    0.3000000000000000         1.000000         0.000000    
   sy_h_flat45    4.6678981000000002E-04     1.000000         0.000000    
   sy_h_flat46    4.4274943999999997E-02     1.000000         0.000000    
    sy_h_flat5    1.7628169999999999E-02     1.000000         0.000000    
   sy_h_flat51    6.0291369999999997E-02     1.000000         0.000000    
    sy_h_flat6    5.8948710000000003E-03     1.000000         0.000000    
    sy_h_flat7    1.4662144000000000E-02     1.000000         0.000000    
    sy_h_flat8    7.4704335999999996E-02     1.000000         0.000000    
   sy_h_flat89    0.3000000000000000         1.000000         0.000000    
    sy_h_flat9    0.1039921000000000         1.000000         0.000000    
     sy_hill11    5.5444544999999996E-03     1.000000         0.000000    
     sy_hill12    3.4787360000000001E-03     1.000000         0.000000    
     sy_hill13    5.1804073000000003E-03     1.000000         0.000000    
     sy_mang16    1.3087708000000000E-02     1.000000         0.000000    
     sy_mang17    8.2529565999999999E-02     1.000000         0.000000    
     sy_mang18    8.5731863000000005E-03     1.000000         0.000000    
     sy_mang19    2.6107739000000001E-02     1.000000         0.000000    
     sy_mang20    6.6168011999999998E-02     1.000000         0.000000    
     sy_mang21    6.8909844999999999E-03     1.000000         0.000000    
     sy_mang22    4.4319149999999998E-03     1.000000         0.000000    
    sy_riv_g23    5.4119071999999997E-03     1.000000         0.000000    
    sy_riv_g24    5.6326574000000003E-03     1.000000         0.000000    
    sy_riv_g25    0.2682580600000000         1.000000         0.000000    
    sy_riv_g26    0.3000000000000000         1.000000         0.000000    
    sy_riv_g27    5.8128763000000003E-03     1.000000         0.000000    
    sy_riv_g28    1.7508637000000001E-03     1.000000         0.000000    
    sy_riv_g29    6.5228507000000000E-03     1.000000         0.000000    
    sy_riv_g30    3.2720299000000001E-02     1.000000         0.000000    
    sy_riv_g60    7.2725098000000002E-03     1.000000         0.000000    
    sy_riv_g61    5.4558777000000003E-03     1.000000         0.000000    
    sy_riv_g62    4.3987941000000003E-02     1.000000         0.000000    
    sy_riv_g63    1.1469020000000000E-02     1.000000         0.000000    
    sy_sandy31    7.7526404999999996E-03     1.000000         0.000000    
    sy_sandy32    8.9601530999999998E-03     1.000000         0.000000    
    sy_sandy70    1.4360561000000001E-02     1.000000         0.000000    
    sy_sandy71    1.1071872999999999E-02     1.000000         0.000000    
  sy_ss_mor_l0    8.3240470999999998E-05     1.000000         0.000000    
  sy_ss_mor_l1    1.2717558999999999E-04     1.000000         0.000000    
    sy_ss_rest    1.1106856999999999E-05     1.000000         0.000000    
  sy_sy_mor_l0    6.5627639000000002E-02     1.000000         0.000000    
  sy_sy_mor_l1    9.9928060999999991E-04     1.000000         0.000000    
      sy_ter14    1.2785041000000000E-02     1.000000         0.000000    
      sy_ter15    5.0623240000000000E-03     1.000000         0.000000    
      sy_ter33    1.0135286000000000E-02     1.000000         0.000000    
      sy_ter34    0.3000000000000000         1.000000         0.000000    
      sy_ter35    3.3813581000000002E-02     1.000000         0.000000    
      sy_ter36    0.1318371300000000         1.000000         0.000000    
      sy_ter37    8.9556370999999996E-02     1.000000         0.000000    
      sy_ter38    0.3000000000000000         1.000000         0.000000    
      sy_ter39    9.8318873999999994E-03     1.000000         0.000000    
      sy_ter80    1.9058408000000001E-03     1.000000         0.000000    
      sy_ter81    0.1889651500000000         1.000000         0.000000    
      sy_ter82    5.8266205999999996E-03     1.000000         0.000000    
      sy_ter83    3.9345305999999997E-02     1.000000         0.000000    
      sy_ter84    5.6528637000000000E-03     1.000000         0.000000    
      sy_ter85    0.1752697900000000         1.000000         0.000000    
      sy_ter86    1.2424490000000000E-02     1.000000         0.000000    
      sy_ter87    0.3000000000000000         1.000000         0.000000    
      sy_ter88    5.9655081999999996E-03     1.000000         0.000000    
