  single point
     hill_main    0.8000000000000000         1.000000         0.000000    
     hill_mang     1.200000000000000         1.000000         0.000000    
       hill_se     1.200000000000000         1.000000         0.000000    
    kh_h_flat1     65.96746800000000         1.000000         0.000000    
   kh_h_flat10     15.08307000000000         1.000000         0.000000    
    kh_h_flat2     1000.000000000000         1.000000         0.000000    
    kh_h_flat3     1000.000000000000         1.000000         0.000000    
    kh_h_flat4     1000.000000000000         1.000000         0.000000    
   kh_h_flat45     1000.000000000000         1.000000         0.000000    
   kh_h_flat46    0.2149937300000000         1.000000         0.000000    
    kh_h_flat5     1000.000000000000         1.000000         0.000000    
   kh_h_flat51     1000.000000000000         1.000000         0.000000    
    kh_h_flat6     38.45017400000000         1.000000         0.000000    
    kh_h_flat7     1000.000000000000         1.000000         0.000000    
    kh_h_flat8     1000.000000000000         1.000000         0.000000    
   kh_h_flat89     3.668367800000000         1.000000         0.000000    
    kh_h_flat9     472.8715200000000         1.000000         0.000000    
     kh_hill11     1.086638600000000         1.000000         0.000000    
     kh_hill12     486.9874000000000         1.000000         0.000000    
     kh_hill13     97.60702400000000         1.000000         0.000000    
       kh_lake     21.93947600000000         1.000000         0.000000    
     kh_mang16     13.93843400000000         1.000000         0.000000    
     kh_mang17     121.0936200000000         1.000000         0.000000    
     kh_mang18     40.01001200000000         1.000000         0.000000    
     kh_mang19     5.296612700000000         1.000000         0.000000    
     kh_mang20     13.02676200000000         1.000000         0.000000    
     kh_mang21     56.23747800000000         1.000000         0.000000    
     kh_mang22     12.25428800000000         1.000000         0.000000    
     kh_mor_l0     1000.000000000000         1.000000         0.000000    
     kh_mor_l1    1.0199465000000000E-04     1.000000         0.000000    
    kh_riv_g23     14.54979300000000         1.000000         0.000000    
    kh_riv_g24     23.66243100000000         1.000000         0.000000    
    kh_riv_g25     1000.000000000000         1.000000         0.000000    
    kh_riv_g26     1000.000000000000         1.000000         0.000000    
    kh_riv_g27     138.8086300000000         1.000000         0.000000    
    kh_riv_g28     27.88462500000000         1.000000         0.000000    
    kh_riv_g29     176.4311500000000         1.000000         0.000000    
    kh_riv_g30     1000.000000000000         1.000000         0.000000    
    kh_riv_g60     8.742188199999999         1.000000         0.000000    
    kh_riv_g61     17.26167300000000         1.000000         0.000000    
    kh_riv_g62     146.0571300000000         1.000000         0.000000    
    kh_riv_g63     1000.000000000000         1.000000         0.000000    
    kh_sandy31     8.122598800000000         1.000000         0.000000    
    kh_sandy32     176.9088400000000         1.000000         0.000000    
    kh_sandy70    0.8010807200000000         1.000000         0.000000    
    kh_sandy71     29.40522300000000         1.000000         0.000000    
      kh_ter14     3.104386800000000         1.000000         0.000000    
      kh_ter15     996.2375700000000         1.000000         0.000000    
      kh_ter33     24.65997100000000         1.000000         0.000000    
      kh_ter34     73.09419500000000         1.000000         0.000000    
      kh_ter35     1000.000000000000         1.000000         0.000000    
      kh_ter36     1.700704600000000         1.000000         0.000000    
      kh_ter37     1000.000000000000         1.000000         0.000000    
      kh_ter38    0.1526388800000000         1.000000         0.000000    
      kh_ter39    0.5904842300000001         1.000000         0.000000    
      kh_ter80     2.475098800000000         1.000000         0.000000    
      kh_ter81     73.83068400000001         1.000000         0.000000    
      kh_ter82     1000.000000000000         1.000000         0.000000    
      kh_ter83     67.15011800000001         1.000000         0.000000    
      kh_ter84     1000.000000000000         1.000000         0.000000    
      kh_ter85     56.88718800000000         1.000000         0.000000    
      kh_ter86     2.821994600000000         1.000000         0.000000    
      kh_ter87     1000.000000000000         1.000000         0.000000    
      kh_ter88     11.46345000000000         1.000000         0.000000    
      race_all     1.200000000000000         1.000000         0.000000    
       rch_all    0.5000000000000000         1.000000         0.000000    
        riv_c1     122.2787000000000         1.000000         0.000000    
     riv_gview     3835.260000000000         1.000000         0.000000    
        riv_h1     1852.315900000000         1.000000         0.000000    
        riv_h2     4864.524100000000         1.000000         0.000000    
        riv_h3     5253.953800000000         1.000000         0.000000    
      riv_john     50.00000000000000         1.000000         0.000000    
    sy_h_flat1    2.3224335999999998E-03     1.000000         0.000000    
   sy_h_flat10    3.0973137000000001E-02     1.000000         0.000000    
    sy_h_flat2    3.0984514000000001E-02     1.000000         0.000000    
    sy_h_flat3    2.8058135000000001E-03     1.000000         0.000000    
    sy_h_flat4    0.3000000000000000         1.000000         0.000000    
   sy_h_flat45    4.6654584000000002E-04     1.000000         0.000000    
   sy_h_flat46    4.4274943999999997E-02     1.000000         0.000000    
    sy_h_flat5    1.7628169999999999E-02     1.000000         0.000000    
   sy_h_flat51    6.0202226999999997E-02     1.000000         0.000000    
    sy_h_flat6    5.6006551000000000E-03     1.000000         0.000000    
    sy_h_flat7    3.1591604000000002E-02     1.000000         0.000000    
    sy_h_flat8    7.4704335999999996E-02     1.000000         0.000000    
   sy_h_flat89    0.3000000000000000         1.000000         0.000000    
    sy_h_flat9    0.1529680000000000         1.000000         0.000000    
     sy_hill11    3.2245752000000000E-03     1.000000         0.000000    
     sy_hill12    2.8301257000000000E-03     1.000000         0.000000    
     sy_hill13    4.8547588000000001E-03     1.000000         0.000000    
     sy_mang16    1.8884860000000000E-02     1.000000         0.000000    
     sy_mang17    5.0720881000000002E-02     1.000000         0.000000    
     sy_mang18    3.8166046000000002E-02     1.000000         0.000000    
     sy_mang19    1.5121933000000001E-02     1.000000         0.000000    
     sy_mang20    0.1338647900000000         1.000000         0.000000    
     sy_mang21    4.4187187000000001E-03     1.000000         0.000000    
     sy_mang22    3.8008359000000001E-03     1.000000         0.000000    
    sy_riv_g23    3.4251909000000001E-03     1.000000         0.000000    
    sy_riv_g24    5.0366265000000004E-03     1.000000         0.000000    
    sy_riv_g25    0.3000000000000000         1.000000         0.000000    
    sy_riv_g26    0.3000000000000000         1.000000         0.000000    
    sy_riv_g27    4.5508898999999997E-03     1.000000         0.000000    
    sy_riv_g28    1.3333465000000000E-03     1.000000         0.000000    
    sy_riv_g29    5.3367539000000004E-03     1.000000         0.000000    
    sy_riv_g30    3.3295606999999998E-02     1.000000         0.000000    
    sy_riv_g60    6.3866449000000002E-03     1.000000         0.000000    
    sy_riv_g61    6.3504191999999996E-03     1.000000         0.000000    
    sy_riv_g62    7.4793705000000002E-02     1.000000         0.000000    
    sy_riv_g63    1.3849718000000000E-02     1.000000         0.000000    
    sy_sandy31    7.7563984000000004E-03     1.000000         0.000000    
    sy_sandy32    8.7730697999999999E-03     1.000000         0.000000    
    sy_sandy70    1.6851688000000000E-02     1.000000         0.000000    
    sy_sandy71    1.0762768000000001E-02     1.000000         0.000000    
  sy_ss_mor_l0    8.6019652999999997E-05     1.000000         0.000000    
  sy_ss_mor_l1    1.2045792000000000E-04     1.000000         0.000000    
    sy_ss_rest    1.2247545000000001E-05     1.000000         0.000000    
  sy_sy_mor_l0    3.6809055000000000E-02     1.000000         0.000000    
  sy_sy_mor_l1    9.9928089000000009E-04     1.000000         0.000000    
      sy_ter14    1.1480023000000001E-02     1.000000         0.000000    
      sy_ter15    5.1533270000000001E-03     1.000000         0.000000    
      sy_ter33    9.2882976000000003E-03     1.000000         0.000000    
      sy_ter34    0.3000000000000000         1.000000         0.000000    
      sy_ter35    4.5526925000000003E-02     1.000000         0.000000    
      sy_ter36    0.3000000000000000         1.000000         0.000000    
      sy_ter37    9.5221352999999995E-02     1.000000         0.000000    
      sy_ter38    0.3000000000000000         1.000000         0.000000    
      sy_ter39    3.4468135000000001E-03     1.000000         0.000000    
      sy_ter80    5.9335487000000001E-03     1.000000         0.000000    
      sy_ter81    0.3000000000000000         1.000000         0.000000    
      sy_ter82    5.1803745999999999E-03     1.000000         0.000000    
      sy_ter83    0.2165325700000000         1.000000         0.000000    
      sy_ter84    6.0581942000000003E-03     1.000000         0.000000    
      sy_ter85    0.1538924700000000         1.000000         0.000000    
      sy_ter86    1.3456611000000000E-02     1.000000         0.000000    
      sy_ter87    0.3000000000000000         1.000000         0.000000    
      sy_ter88    5.1068857000000000E-03     1.000000         0.000000    
