  single point
     hill_main    0.8000000000000000         1.000000         0.000000    
     hill_mang     1.200000000000000         1.000000         0.000000    
       hill_se     1.200000000000000         1.000000         0.000000    
    kh_h_flat1     65.96746800000000         1.000000         0.000000    
   kh_h_flat10     15.08307000000000         1.000000         0.000000    
    kh_h_flat2     796.3952100000000         1.000000         0.000000    
    kh_h_flat3     1000.000000000000         1.000000         0.000000    
    kh_h_flat4     1000.000000000000         1.000000         0.000000    
   kh_h_flat45     1000.000000000000         1.000000         0.000000    
   kh_h_flat46    0.2149937300000000         1.000000         0.000000    
    kh_h_flat5     1000.000000000000         1.000000         0.000000    
   kh_h_flat51     1000.000000000000         1.000000         0.000000    
    kh_h_flat6     38.45017400000000         1.000000         0.000000    
    kh_h_flat7     1000.000000000000         1.000000         0.000000    
    kh_h_flat8     1000.000000000000         1.000000         0.000000    
   kh_h_flat89     3.668367800000000         1.000000         0.000000    
    kh_h_flat9     472.8715200000000         1.000000         0.000000    
     kh_hill11    0.9920321500000000         1.000000         0.000000    
     kh_hill12     209.7270800000000         1.000000         0.000000    
     kh_hill13     29.55100400000000         1.000000         0.000000    
       kh_lake     21.93947600000000         1.000000         0.000000    
     kh_mang16     20.45955800000000         1.000000         0.000000    
     kh_mang17     40.60501200000000         1.000000         0.000000    
     kh_mang18     76.87334900000000         1.000000         0.000000    
     kh_mang19     2.652260600000000         1.000000         0.000000    
     kh_mang20     56.50174700000000         1.000000         0.000000    
     kh_mang21     108.9562100000000         1.000000         0.000000    
     kh_mang22     27.56792000000000         1.000000         0.000000    
     kh_mor_l0     1000.000000000000         1.000000         0.000000    
     kh_mor_l1    1.4786013999999999E-04     1.000000         0.000000    
    kh_riv_g23     47.01060400000000         1.000000         0.000000    
    kh_riv_g24     56.18955600000000         1.000000         0.000000    
    kh_riv_g25     1000.000000000000         1.000000         0.000000    
    kh_riv_g26     1000.000000000000         1.000000         0.000000    
    kh_riv_g27     101.9925700000000         1.000000         0.000000    
    kh_riv_g28     31.71347800000000         1.000000         0.000000    
    kh_riv_g29     94.70221400000000         1.000000         0.000000    
    kh_riv_g30     1000.000000000000         1.000000         0.000000    
    kh_riv_g60     8.229799300000000         1.000000         0.000000    
    kh_riv_g61     8.358958200000000         1.000000         0.000000    
    kh_riv_g62     47.65494200000000         1.000000         0.000000    
    kh_riv_g63     1000.000000000000         1.000000         0.000000    
    kh_sandy31     8.033089300000000         1.000000         0.000000    
    kh_sandy32     205.9767200000000         1.000000         0.000000    
    kh_sandy70    0.7139971800000000         1.000000         0.000000    
    kh_sandy71     22.36844600000000         1.000000         0.000000    
      kh_ter14     4.137395700000000         1.000000         0.000000    
      kh_ter15     734.8040300000000         1.000000         0.000000    
      kh_ter33     44.37133200000000         1.000000         0.000000    
      kh_ter34     84.82367600000001         1.000000         0.000000    
      kh_ter35     1000.000000000000         1.000000         0.000000    
      kh_ter36     2.886180400000000         1.000000         0.000000    
      kh_ter37     1000.000000000000         1.000000         0.000000    
      kh_ter38    0.1619240600000000         1.000000         0.000000    
      kh_ter39    0.6967789000000000         1.000000         0.000000    
      kh_ter80    0.6114431400000000         1.000000         0.000000    
      kh_ter81     50.18676700000000         1.000000         0.000000    
      kh_ter82     1000.000000000000         1.000000         0.000000    
      kh_ter83     72.68227300000000         1.000000         0.000000    
      kh_ter84     1000.000000000000         1.000000         0.000000    
      kh_ter85     28.66335600000000         1.000000         0.000000    
      kh_ter86     3.262306700000000         1.000000         0.000000    
      kh_ter87     1000.000000000000         1.000000         0.000000    
      kh_ter88     6.787605100000000         1.000000         0.000000    
      race_all     1.200000000000000         1.000000         0.000000    
       rch_all    0.5000000000000000         1.000000         0.000000    
        riv_c1     122.8668700000000         1.000000         0.000000    
     riv_gview     3812.864700000000         1.000000         0.000000    
        riv_h1     1852.315900000000         1.000000         0.000000    
        riv_h2     2082.749200000000         1.000000         0.000000    
        riv_h3     4862.726100000000         1.000000         0.000000    
      riv_john     50.00000000000000         1.000000         0.000000    
    sy_h_flat1    1.5112853999999999E-03     1.000000         0.000000    
   sy_h_flat10    3.7906957999999998E-02     1.000000         0.000000    
    sy_h_flat2    3.3873847999999998E-02     1.000000         0.000000    
    sy_h_flat3    3.9763871999999997E-03     1.000000         0.000000    
    sy_h_flat4    0.3000000000000000         1.000000         0.000000    
   sy_h_flat45    6.0182241999999996E-04     1.000000         0.000000    
   sy_h_flat46    4.4274943999999997E-02     1.000000         0.000000    
    sy_h_flat5    1.7628169999999999E-02     1.000000         0.000000    
   sy_h_flat51    6.4019622999999998E-02     1.000000         0.000000    
    sy_h_flat6    5.2672958000000002E-03     1.000000         0.000000    
    sy_h_flat7    1.4499203000000000E-02     1.000000         0.000000    
    sy_h_flat8    7.4704335999999996E-02     1.000000         0.000000    
   sy_h_flat89    0.3000000000000000         1.000000         0.000000    
    sy_h_flat9    0.1006497600000000         1.000000         0.000000    
     sy_hill11    2.8980345000000000E-03     1.000000         0.000000    
     sy_hill12    2.6754560000000001E-03     1.000000         0.000000    
     sy_hill13    4.8446425000000003E-03     1.000000         0.000000    
     sy_mang16    1.3763819000000000E-02     1.000000         0.000000    
     sy_mang17    8.2026607000000001E-02     1.000000         0.000000    
     sy_mang18    9.3158550999999992E-03     1.000000         0.000000    
     sy_mang19    2.6066712999999998E-02     1.000000         0.000000    
     sy_mang20    9.6822996999999994E-02     1.000000         0.000000    
     sy_mang21    4.5506378999999996E-03     1.000000         0.000000    
     sy_mang22    4.4225486000000003E-03     1.000000         0.000000    
    sy_riv_g23    5.4095764000000003E-03     1.000000         0.000000    
    sy_riv_g24    5.1278314000000004E-03     1.000000         0.000000    
    sy_riv_g25    0.2870870600000000         1.000000         0.000000    
    sy_riv_g26    0.3000000000000000         1.000000         0.000000    
    sy_riv_g27    5.3626858000000001E-03     1.000000         0.000000    
    sy_riv_g28    1.0968613000000001E-03     1.000000         0.000000    
    sy_riv_g29    4.5492073999999997E-03     1.000000         0.000000    
    sy_riv_g30    2.3198383000000000E-02     1.000000         0.000000    
    sy_riv_g60    6.6160699000000003E-03     1.000000         0.000000    
    sy_riv_g61    5.2353529000000003E-03     1.000000         0.000000    
    sy_riv_g62    4.9105575999999998E-02     1.000000         0.000000    
    sy_riv_g63    1.0599449000000000E-02     1.000000         0.000000    
    sy_sandy31    7.7444285999999996E-03     1.000000         0.000000    
    sy_sandy32    9.2304786999999992E-03     1.000000         0.000000    
    sy_sandy70    1.6961331999999999E-02     1.000000         0.000000    
    sy_sandy71    1.0940834000000000E-02     1.000000         0.000000    
  sy_ss_mor_l0    8.2162614000000003E-05     1.000000         0.000000    
  sy_ss_mor_l1    1.2871281999999999E-04     1.000000         0.000000    
    sy_ss_rest    1.1645780999999999E-05     1.000000         0.000000    
  sy_sy_mor_l0    5.3769487999999997E-02     1.000000         0.000000    
  sy_sy_mor_l1    9.9928060999999991E-04     1.000000         0.000000    
      sy_ter14    1.2772128000000001E-02     1.000000         0.000000    
      sy_ter15    5.8299325000000001E-03     1.000000         0.000000    
      sy_ter33    1.3841727000000000E-02     1.000000         0.000000    
      sy_ter34    0.3000000000000000         1.000000         0.000000    
      sy_ter35    3.6826090999999998E-02     1.000000         0.000000    
      sy_ter36    0.2749110000000000         1.000000         0.000000    
      sy_ter37    0.1288571500000000         1.000000         0.000000    
      sy_ter38    0.3000000000000000         1.000000         0.000000    
      sy_ter39    7.6791497000000004E-03     1.000000         0.000000    
      sy_ter80    1.3589214000000001E-02     1.000000         0.000000    
      sy_ter81    0.3000000000000000         1.000000         0.000000    
      sy_ter82    5.0282076000000000E-03     1.000000         0.000000    
      sy_ter83    0.3000000000000000         1.000000         0.000000    
      sy_ter84    5.4644374999999997E-03     1.000000         0.000000    
      sy_ter85    9.8079004999999997E-02     1.000000         0.000000    
      sy_ter86    1.5572126000000000E-02     1.000000         0.000000    
      sy_ter87    0.3000000000000000         1.000000         0.000000    
      sy_ter88    4.3530143000000002E-03     1.000000         0.000000    
