  single point
     hill_main    0.8000000000000000         1.000000         0.000000    
     hill_mang     1.200000000000000         1.000000         0.000000    
       hill_se     1.200000000000000         1.000000         0.000000    
    kh_h_flat1     65.96746800000000         1.000000         0.000000    
   kh_h_flat10     15.08307000000000         1.000000         0.000000    
    kh_h_flat2     764.4045599999999         1.000000         0.000000    
    kh_h_flat3     1000.000000000000         1.000000         0.000000    
    kh_h_flat4     1000.000000000000         1.000000         0.000000    
   kh_h_flat45     1000.000000000000         1.000000         0.000000    
   kh_h_flat46    0.2149937300000000         1.000000         0.000000    
    kh_h_flat5     1000.000000000000         1.000000         0.000000    
   kh_h_flat51     1000.000000000000         1.000000         0.000000    
    kh_h_flat6     38.45017400000000         1.000000         0.000000    
    kh_h_flat7     1000.000000000000         1.000000         0.000000    
    kh_h_flat8     1000.000000000000         1.000000         0.000000    
   kh_h_flat89     3.668367800000000         1.000000         0.000000    
    kh_h_flat9     472.8715200000000         1.000000         0.000000    
     kh_hill11    0.4475880600000000         1.000000         0.000000    
     kh_hill12     189.2733100000000         1.000000         0.000000    
     kh_hill13     61.78969300000000         1.000000         0.000000    
       kh_lake     21.93947600000000         1.000000         0.000000    
     kh_mang16     20.24840300000000         1.000000         0.000000    
     kh_mang17     47.42579700000000         1.000000         0.000000    
     kh_mang18     62.16698500000000         1.000000         0.000000    
     kh_mang19     3.724647300000000         1.000000         0.000000    
     kh_mang20     54.45629300000000         1.000000         0.000000    
     kh_mang21     67.74744200000001         1.000000         0.000000    
     kh_mang22     17.01072000000000         1.000000         0.000000    
     kh_mor_l0     1000.000000000000         1.000000         0.000000    
     kh_mor_l1    1.1198657999999999E-04     1.000000         0.000000    
    kh_riv_g23     44.46328100000000         1.000000         0.000000    
    kh_riv_g24     68.20346700000000         1.000000         0.000000    
    kh_riv_g25     1000.000000000000         1.000000         0.000000    
    kh_riv_g26     1000.000000000000         1.000000         0.000000    
    kh_riv_g27     74.86380200000001         1.000000         0.000000    
    kh_riv_g28     32.68259300000000         1.000000         0.000000    
    kh_riv_g29     79.12609900000000         1.000000         0.000000    
    kh_riv_g30     959.8767400000000         1.000000         0.000000    
    kh_riv_g60     10.31657500000000         1.000000         0.000000    
    kh_riv_g61     7.565157700000000         1.000000         0.000000    
    kh_riv_g62     45.64228900000000         1.000000         0.000000    
    kh_riv_g63     1000.000000000000         1.000000         0.000000    
    kh_sandy31     6.676946700000000         1.000000         0.000000    
    kh_sandy32     164.7147500000000         1.000000         0.000000    
    kh_sandy70    0.9961376800000000         1.000000         0.000000    
    kh_sandy71     27.52772400000000         1.000000         0.000000    
      kh_ter14     6.026683500000000         1.000000         0.000000    
      kh_ter15     858.1601899999999         1.000000         0.000000    
      kh_ter33     39.87711400000000         1.000000         0.000000    
      kh_ter34     73.98954100000000         1.000000         0.000000    
      kh_ter35     1000.000000000000         1.000000         0.000000    
      kh_ter36     3.002110700000000         1.000000         0.000000    
      kh_ter37     1000.000000000000         1.000000         0.000000    
      kh_ter38    0.1552771900000000         1.000000         0.000000    
      kh_ter39    0.7120092800000000         1.000000         0.000000    
      kh_ter80    0.5875785200000000         1.000000         0.000000    
      kh_ter81     49.87940700000000         1.000000         0.000000    
      kh_ter82     663.7252600000000         1.000000         0.000000    
      kh_ter83     60.11733100000000         1.000000         0.000000    
      kh_ter84     1000.000000000000         1.000000         0.000000    
      kh_ter85     29.19525300000000         1.000000         0.000000    
      kh_ter86     3.190025800000000         1.000000         0.000000    
      kh_ter87     1000.000000000000         1.000000         0.000000    
      kh_ter88     6.402134700000000         1.000000         0.000000    
      race_all     1.200000000000000         1.000000         0.000000    
       rch_all    0.5000000000000000         1.000000         0.000000    
        riv_c1     126.9466700000000         1.000000         0.000000    
     riv_gview     1881.122600000000         1.000000         0.000000    
        riv_h1     1852.315900000000         1.000000         0.000000    
        riv_h2     3008.778200000000         1.000000         0.000000    
        riv_h3     5140.475500000000         1.000000         0.000000    
      riv_john     50.00000000000000         1.000000         0.000000    
    sy_h_flat1    2.3524342000000001E-03     1.000000         0.000000    
   sy_h_flat10    2.1143335999999999E-02     1.000000         0.000000    
    sy_h_flat2    3.1019529000000001E-02     1.000000         0.000000    
    sy_h_flat3    2.6468302999999999E-03     1.000000         0.000000    
    sy_h_flat4    0.3000000000000000         1.000000         0.000000    
   sy_h_flat45    6.2931811000000002E-04     1.000000         0.000000    
   sy_h_flat46    4.4274943999999997E-02     1.000000         0.000000    
    sy_h_flat5    1.7628169999999999E-02     1.000000         0.000000    
   sy_h_flat51    6.3365732999999994E-02     1.000000         0.000000    
    sy_h_flat6    5.2829321000000002E-03     1.000000         0.000000    
    sy_h_flat7    1.6494683000000000E-02     1.000000         0.000000    
    sy_h_flat8    7.4704335999999996E-02     1.000000         0.000000    
   sy_h_flat89    0.3000000000000000         1.000000         0.000000    
    sy_h_flat9    0.1030831500000000         1.000000         0.000000    
     sy_hill11    4.6059991000000000E-03     1.000000         0.000000    
     sy_hill12    3.0185038999999999E-03     1.000000         0.000000    
     sy_hill13    4.9175890000000000E-03     1.000000         0.000000    
     sy_mang16    1.3083198000000001E-02     1.000000         0.000000    
     sy_mang17    6.1530904999999997E-02     1.000000         0.000000    
     sy_mang18    8.5601402000000000E-03     1.000000         0.000000    
     sy_mang19    3.4316458000000001E-02     1.000000         0.000000    
     sy_mang20    6.6292485999999998E-02     1.000000         0.000000    
     sy_mang21    8.2332750000000000E-03     1.000000         0.000000    
     sy_mang22    4.2376202999999998E-03     1.000000         0.000000    
    sy_riv_g23    4.0391105000000000E-03     1.000000         0.000000    
    sy_riv_g24    5.9921052000000002E-03     1.000000         0.000000    
    sy_riv_g25    0.2780690400000000         1.000000         0.000000    
    sy_riv_g26    0.3000000000000000         1.000000         0.000000    
    sy_riv_g27    5.7552992000000002E-03     1.000000         0.000000    
    sy_riv_g28    1.2483284000000001E-03     1.000000         0.000000    
    sy_riv_g29    5.2786018000000002E-03     1.000000         0.000000    
    sy_riv_g30    2.4990925000000001E-02     1.000000         0.000000    
    sy_riv_g60    7.2728252999999998E-03     1.000000         0.000000    
    sy_riv_g61    6.1689066999999998E-03     1.000000         0.000000    
    sy_riv_g62    4.6812144999999999E-02     1.000000         0.000000    
    sy_riv_g63    1.0927088999999999E-02     1.000000         0.000000    
    sy_sandy31    7.8305179000000003E-03     1.000000         0.000000    
    sy_sandy32    1.0183279999999999E-02     1.000000         0.000000    
    sy_sandy70    1.8523445999999999E-02     1.000000         0.000000    
    sy_sandy71    1.1719965000000001E-02     1.000000         0.000000    
  sy_ss_mor_l0    8.3116453000000001E-05     1.000000         0.000000    
  sy_ss_mor_l1    1.2901003999999999E-04     1.000000         0.000000    
    sy_ss_rest    1.2541394000000000E-05     1.000000         0.000000    
  sy_sy_mor_l0    5.6859284000000003E-02     1.000000         0.000000    
  sy_sy_mor_l1    9.9928060999999991E-04     1.000000         0.000000    
      sy_ter14    1.4409755999999999E-02     1.000000         0.000000    
      sy_ter15    6.1958261999999998E-03     1.000000         0.000000    
      sy_ter33    1.5302316999999999E-02     1.000000         0.000000    
      sy_ter34    0.3000000000000000         1.000000         0.000000    
      sy_ter35    5.1700558000000001E-02     1.000000         0.000000    
      sy_ter36    0.2017263300000000         1.000000         0.000000    
      sy_ter37    9.4012287000000000E-02     1.000000         0.000000    
      sy_ter38    0.3000000000000000         1.000000         0.000000    
      sy_ter39    6.5683850000000004E-03     1.000000         0.000000    
      sy_ter80    1.0417208000000001E-02     1.000000         0.000000    
      sy_ter81    0.1888609400000000         1.000000         0.000000    
      sy_ter82    5.4342703000000003E-03     1.000000         0.000000    
      sy_ter83    0.2174555500000000         1.000000         0.000000    
      sy_ter84    5.7838604000000002E-03     1.000000         0.000000    
      sy_ter85    0.1216392900000000         1.000000         0.000000    
      sy_ter86    2.4105042000000000E-02     1.000000         0.000000    
      sy_ter87    0.3000000000000000         1.000000         0.000000    
      sy_ter88    5.2634272999999999E-03     1.000000         0.000000    
