  single point
     hill_main    0.9697756600000000         1.000000         0.000000    
     hill_mang    0.8000000000000000         1.000000         0.000000    
       hill_se     1.023514300000000         1.000000         0.000000    
    kh_h_flat1     298.4110800000000         1.000000         0.000000    
   kh_h_flat10     507.6082600000000         1.000000         0.000000    
    kh_h_flat2     213.1625300000000         1.000000         0.000000    
    kh_h_flat3     311.6223500000000         1.000000         0.000000    
    kh_h_flat4     230.4417100000000         1.000000         0.000000    
   kh_h_flat45     314.5382800000000         1.000000         0.000000    
   kh_h_flat46     284.6729200000000         1.000000         0.000000    
    kh_h_flat5     367.8638800000000         1.000000         0.000000    
   kh_h_flat51     357.3013700000000         1.000000         0.000000    
    kh_h_flat6     748.7907800000000         1.000000         0.000000    
    kh_h_flat7     368.5437800000000         1.000000         0.000000    
    kh_h_flat8     403.1395500000000         1.000000         0.000000    
   kh_h_flat89     302.7183700000000         1.000000         0.000000    
    kh_h_flat9     294.3311500000000         1.000000         0.000000    
     kh_hill11     230.3760900000000         1.000000         0.000000    
     kh_hill12     327.1327700000000         1.000000         0.000000    
     kh_hill13     293.4962400000000         1.000000         0.000000    
       kh_lake     197.0746000000000         1.000000         0.000000    
     kh_mang16     224.2567800000000         1.000000         0.000000    
     kh_mang17     458.3045500000000         1.000000         0.000000    
     kh_mang18     313.8705800000000         1.000000         0.000000    
     kh_mang19     180.1243800000000         1.000000         0.000000    
     kh_mang20     261.5148100000000         1.000000         0.000000    
     kh_mang21     124.8752800000000         1.000000         0.000000    
     kh_mang22     258.8313700000000         1.000000         0.000000    
     kh_mor_l0     323.0239000000000         1.000000         0.000000    
     kh_mor_l1    1.1113789000000000E-04     1.000000         0.000000    
    kh_riv_g23     308.5835100000000         1.000000         0.000000    
    kh_riv_g24     294.7131900000000         1.000000         0.000000    
    kh_riv_g25     310.5826500000000         1.000000         0.000000    
    kh_riv_g26     244.4757600000000         1.000000         0.000000    
    kh_riv_g27     253.9479800000000         1.000000         0.000000    
    kh_riv_g28     272.5123700000000         1.000000         0.000000    
    kh_riv_g29     202.9771900000000         1.000000         0.000000    
    kh_riv_g30     388.9295400000000         1.000000         0.000000    
    kh_riv_g60     197.3552700000000         1.000000         0.000000    
    kh_riv_g61     145.2751900000000         1.000000         0.000000    
    kh_riv_g62     230.0952200000000         1.000000         0.000000    
    kh_riv_g63     351.1674500000000         1.000000         0.000000    
    kh_sandy31     188.0611400000000         1.000000         0.000000    
    kh_sandy32     265.9651900000000         1.000000         0.000000    
    kh_sandy70     193.9864100000000         1.000000         0.000000    
    kh_sandy71     200.5775900000000         1.000000         0.000000    
      kh_ter14     34.88718000000000         1.000000         0.000000    
      kh_ter15     73.10161300000000         1.000000         0.000000    
      kh_ter33     60.61204900000000         1.000000         0.000000    
      kh_ter34     58.96522000000000         1.000000         0.000000    
      kh_ter35     169.5296500000000         1.000000         0.000000    
      kh_ter36     30.39173900000000         1.000000         0.000000    
      kh_ter37     84.42919800000000         1.000000         0.000000    
      kh_ter38     19.78725500000000         1.000000         0.000000    
      kh_ter39     31.88459300000000         1.000000         0.000000    
      kh_ter80     46.67608200000000         1.000000         0.000000    
      kh_ter81     49.09547500000000         1.000000         0.000000    
      kh_ter82     63.30890100000000         1.000000         0.000000    
      kh_ter83     94.90883599999999         1.000000         0.000000    
      kh_ter84     139.4962100000000         1.000000         0.000000    
      kh_ter85     40.36607900000000         1.000000         0.000000    
      kh_ter86     43.01271200000000         1.000000         0.000000    
      kh_ter87     78.27996000000000         1.000000         0.000000    
      kh_ter88     27.99532500000000         1.000000         0.000000    
      race_all    0.9445770400000000         1.000000         0.000000    
       rch_all    0.9966094100000000         1.000000         0.000000    
        riv_c1     1045.521300000000         1.000000         0.000000    
     riv_gview     89.76408000000001         1.000000         0.000000    
        riv_h1     1098.491200000000         1.000000         0.000000    
        riv_h2     945.4794500000000         1.000000         0.000000    
        riv_h3     1031.178600000000         1.000000         0.000000    
      riv_john     74.73101699999999         1.000000         0.000000    
    sy_h_flat1    1.1740515999999999E-02     1.000000         0.000000    
   sy_h_flat10    1.0696574000000000E-02     1.000000         0.000000    
    sy_h_flat2    9.8609605999999995E-03     1.000000         0.000000    
    sy_h_flat3    8.9177106999999995E-03     1.000000         0.000000    
    sy_h_flat4    1.4373689000000000E-02     1.000000         0.000000    
   sy_h_flat45    8.9994810000000001E-03     1.000000         0.000000    
   sy_h_flat46    9.2266236000000008E-03     1.000000         0.000000    
    sy_h_flat5    1.0852327000000000E-02     1.000000         0.000000    
   sy_h_flat51    9.5684419999999999E-03     1.000000         0.000000    
    sy_h_flat6    8.5002529999999993E-03     1.000000         0.000000    
    sy_h_flat7    6.7477694000000000E-03     1.000000         0.000000    
    sy_h_flat8    1.7482494000000001E-02     1.000000         0.000000    
   sy_h_flat89    1.0437805000000000E-02     1.000000         0.000000    
    sy_h_flat9    1.2178268000000001E-02     1.000000         0.000000    
     sy_hill11    8.3530063000000002E-03     1.000000         0.000000    
     sy_hill12    7.1208952000000004E-03     1.000000         0.000000    
     sy_hill13    8.5155278000000004E-03     1.000000         0.000000    
     sy_mang16    8.4500076000000000E-03     1.000000         0.000000    
     sy_mang17    1.7052985999999999E-02     1.000000         0.000000    
     sy_mang18    8.2902688000000002E-03     1.000000         0.000000    
     sy_mang19    7.4653684000000001E-03     1.000000         0.000000    
     sy_mang20    1.0976324000000001E-02     1.000000         0.000000    
     sy_mang21    1.1285936999999999E-02     1.000000         0.000000    
     sy_mang22    8.5130976999999997E-03     1.000000         0.000000    
    sy_riv_g23    1.1191839000000000E-02     1.000000         0.000000    
    sy_riv_g24    1.0022006999999999E-02     1.000000         0.000000    
    sy_riv_g25    1.6302918999999999E-02     1.000000         0.000000    
    sy_riv_g26    1.9487128999999999E-02     1.000000         0.000000    
    sy_riv_g27    9.0511201000000006E-03     1.000000         0.000000    
    sy_riv_g28    8.2873211999999995E-03     1.000000         0.000000    
    sy_riv_g29    9.7563479999999998E-03     1.000000         0.000000    
    sy_riv_g30    1.1608659000000000E-02     1.000000         0.000000    
    sy_riv_g60    1.0531749000000000E-02     1.000000         0.000000    
    sy_riv_g61    1.0175362000000000E-02     1.000000         0.000000    
    sy_riv_g62    1.0608184999999999E-02     1.000000         0.000000    
    sy_riv_g63    9.9549543000000008E-03     1.000000         0.000000    
    sy_sandy31    1.0071376000000000E-02     1.000000         0.000000    
    sy_sandy32    9.9567139000000006E-03     1.000000         0.000000    
    sy_sandy70    1.0015948000000000E-02     1.000000         0.000000    
    sy_sandy71    9.8070816999999994E-03     1.000000         0.000000    
  sy_ss_mor_l0    9.5417393999999996E-05     1.000000         0.000000    
  sy_ss_mor_l1    1.1868854000000000E-04     1.000000         0.000000    
    sy_ss_rest    6.9618263000000003E-05     1.000000         0.000000    
  sy_sy_mor_l0    1.8459952000000002E-02     1.000000         0.000000    
  sy_sy_mor_l1    1.0000000000000000E-03     1.000000         0.000000    
      sy_ter14    1.0162549999999999E-02     1.000000         0.000000    
      sy_ter15    1.1460568000000001E-02     1.000000         0.000000    
      sy_ter33    9.3825612999999999E-03     1.000000         0.000000    
      sy_ter34    1.3463398000000000E-02     1.000000         0.000000    
      sy_ter35    2.0670746000000000E-02     1.000000         0.000000    
      sy_ter36    1.3053054000000000E-02     1.000000         0.000000    
      sy_ter37    1.2575378999999999E-02     1.000000         0.000000    
      sy_ter38    1.3082965000000000E-02     1.000000         0.000000    
      sy_ter39    1.3081288000000000E-02     1.000000         0.000000    
      sy_ter80    8.9761003999999991E-03     1.000000         0.000000    
      sy_ter81    1.1351015000000001E-02     1.000000         0.000000    
      sy_ter82    9.6617574999999997E-03     1.000000         0.000000    
      sy_ter83    1.1900651000000000E-02     1.000000         0.000000    
      sy_ter84    9.4630748000000004E-03     1.000000         0.000000    
      sy_ter85    1.0881132000000000E-02     1.000000         0.000000    
      sy_ter86    8.8800778000000004E-03     1.000000         0.000000    
      sy_ter87    9.5718863000000005E-03     1.000000         0.000000    
      sy_ter88    1.0905175000000000E-02     1.000000         0.000000    
