  single point
     hill_main    0.8000000000000000         1.000000         0.000000    
     hill_mang     1.200000000000000         1.000000         0.000000    
       hill_se     1.200000000000000         1.000000         0.000000    
    kh_h_flat1     65.96746800000000         1.000000         0.000000    
   kh_h_flat10     15.08307000000000         1.000000         0.000000    
    kh_h_flat2     611.2452000000000         1.000000         0.000000    
    kh_h_flat3     1000.000000000000         1.000000         0.000000    
    kh_h_flat4     1000.000000000000         1.000000         0.000000    
   kh_h_flat45     1000.000000000000         1.000000         0.000000    
   kh_h_flat46    0.2149937300000000         1.000000         0.000000    
    kh_h_flat5     1000.000000000000         1.000000         0.000000    
   kh_h_flat51     1000.000000000000         1.000000         0.000000    
    kh_h_flat6     38.45017400000000         1.000000         0.000000    
    kh_h_flat7     1000.000000000000         1.000000         0.000000    
    kh_h_flat8     1000.000000000000         1.000000         0.000000    
   kh_h_flat89     3.668367800000000         1.000000         0.000000    
    kh_h_flat9     472.8715200000000         1.000000         0.000000    
     kh_hill11     4.475880600000000         1.000000         0.000000    
     kh_hill12     612.0508900000000         1.000000         0.000000    
     kh_hill13     82.50062100000000         1.000000         0.000000    
       kh_lake     21.93947600000000         1.000000         0.000000    
     kh_mang16     23.74213300000000         1.000000         0.000000    
     kh_mang17     33.60764100000000         1.000000         0.000000    
     kh_mang18     58.14538300000000         1.000000         0.000000    
     kh_mang19     5.290712000000000         1.000000         0.000000    
     kh_mang20     45.20226600000000         1.000000         0.000000    
     kh_mang21     42.94013400000000         1.000000         0.000000    
     kh_mang22     28.17274600000000         1.000000         0.000000    
     kh_mor_l0     1000.000000000000         1.000000         0.000000    
     kh_mor_l1    1.2686109000000000E-04     1.000000         0.000000    
    kh_riv_g23     53.96800300000000         1.000000         0.000000    
    kh_riv_g24     64.71861300000000         1.000000         0.000000    
    kh_riv_g25     1000.000000000000         1.000000         0.000000    
    kh_riv_g26     1000.000000000000         1.000000         0.000000    
    kh_riv_g27     85.91175300000000         1.000000         0.000000    
    kh_riv_g28     32.56465500000000         1.000000         0.000000    
    kh_riv_g29     60.67486200000000         1.000000         0.000000    
    kh_riv_g30     1000.000000000000         1.000000         0.000000    
    kh_riv_g60     7.845601800000000         1.000000         0.000000    
    kh_riv_g61     8.870620900000000         1.000000         0.000000    
    kh_riv_g62     40.68299700000000         1.000000         0.000000    
    kh_riv_g63     997.8774100000001         1.000000         0.000000    
    kh_sandy31     6.344819800000000         1.000000         0.000000    
    kh_sandy32     180.6766400000000         1.000000         0.000000    
    kh_sandy70     1.556619000000000         1.000000         0.000000    
    kh_sandy71     42.74869300000000         1.000000         0.000000    
      kh_ter14     6.026683500000000         1.000000         0.000000    
      kh_ter15     710.8107100000000         1.000000         0.000000    
      kh_ter33     71.70916699999999         1.000000         0.000000    
      kh_ter34     73.98954100000000         1.000000         0.000000    
      kh_ter35     1000.000000000000         1.000000         0.000000    
      kh_ter36     3.579036900000000         1.000000         0.000000    
      kh_ter37     1000.000000000000         1.000000         0.000000    
      kh_ter38    0.1538898900000000         1.000000         0.000000    
      kh_ter39    0.5840312600000001         1.000000         0.000000    
      kh_ter80    0.7412610800000000         1.000000         0.000000    
      kh_ter81     37.31982600000000         1.000000         0.000000    
      kh_ter82     999.4049300000000         1.000000         0.000000    
      kh_ter83     61.53418600000000         1.000000         0.000000    
      kh_ter84     999.6574400000000         1.000000         0.000000    
      kh_ter85     22.83554100000000         1.000000         0.000000    
      kh_ter86     5.450054000000000         1.000000         0.000000    
      kh_ter87     1000.000000000000         1.000000         0.000000    
      kh_ter88     6.820173100000000         1.000000         0.000000    
      race_all     1.200000000000000         1.000000         0.000000    
       rch_all    0.5000000000000000         1.000000         0.000000    
        riv_c1     127.9721400000000         1.000000         0.000000    
     riv_gview     383.1548700000000         1.000000         0.000000    
        riv_h1     1852.315900000000         1.000000         0.000000    
        riv_h2     3871.482100000000         1.000000         0.000000    
        riv_h3     5140.475500000000         1.000000         0.000000    
      riv_john     50.00000000000000         1.000000         0.000000    
    sy_h_flat1    2.5507519999999999E-03     1.000000         0.000000    
   sy_h_flat10    2.1143335999999999E-02     1.000000         0.000000    
    sy_h_flat2    3.1019529000000001E-02     1.000000         0.000000    
    sy_h_flat3    2.6468302999999999E-03     1.000000         0.000000    
    sy_h_flat4    0.3000000000000000         1.000000         0.000000    
   sy_h_flat45    4.6659421000000000E-04     1.000000         0.000000    
   sy_h_flat46    4.4274943999999997E-02     1.000000         0.000000    
    sy_h_flat5    1.7628169999999999E-02     1.000000         0.000000    
   sy_h_flat51    6.0202226999999997E-02     1.000000         0.000000    
    sy_h_flat6    5.8974081999999999E-03     1.000000         0.000000    
    sy_h_flat7    1.4578786999999999E-02     1.000000         0.000000    
    sy_h_flat8    7.4704335999999996E-02     1.000000         0.000000    
   sy_h_flat89    0.3000000000000000         1.000000         0.000000    
    sy_h_flat9    0.1037253300000000         1.000000         0.000000    
     sy_hill11    5.5466889000000000E-03     1.000000         0.000000    
     sy_hill12    3.4801889999999999E-03     1.000000         0.000000    
     sy_hill13    5.1821799000000002E-03     1.000000         0.000000    
     sy_mang16    1.3083198000000001E-02     1.000000         0.000000    
     sy_mang17    8.2590779000000003E-02     1.000000         0.000000    
     sy_mang18    8.5601402000000000E-03     1.000000         0.000000    
     sy_mang19    2.6170036000000001E-02     1.000000         0.000000    
     sy_mang20    6.6292485999999998E-02     1.000000         0.000000    
     sy_mang21    6.9012357000000002E-03     1.000000         0.000000    
     sy_mang22    4.4329145999999998E-03     1.000000         0.000000    
    sy_riv_g23    5.4082597000000001E-03     1.000000         0.000000    
    sy_riv_g24    5.6330186999999999E-03     1.000000         0.000000    
    sy_riv_g25    0.2676640400000000         1.000000         0.000000    
    sy_riv_g26    0.3000000000000000         1.000000         0.000000    
    sy_riv_g27    5.8139786000000002E-03     1.000000         0.000000    
    sy_riv_g28    1.7509733000000000E-03     1.000000         0.000000    
    sy_riv_g29    6.5197221000000000E-03     1.000000         0.000000    
    sy_riv_g30    3.2713728999999997E-02     1.000000         0.000000    
    sy_riv_g60    7.2728252999999998E-03     1.000000         0.000000    
    sy_riv_g61    5.4530465999999998E-03     1.000000         0.000000    
    sy_riv_g62    4.3845341000000003E-02     1.000000         0.000000    
    sy_riv_g63    1.1459542000000000E-02     1.000000         0.000000    
    sy_sandy31    7.7535069999999998E-03     1.000000         0.000000    
    sy_sandy32    8.9603300000000007E-03     1.000000         0.000000    
    sy_sandy70    1.4360484000000000E-02     1.000000         0.000000    
    sy_sandy71    1.1072050000000000E-02     1.000000         0.000000    
  sy_ss_mor_l0    8.3239622999999998E-05     1.000000         0.000000    
  sy_ss_mor_l1    1.2717031000000000E-04     1.000000         0.000000    
    sy_ss_rest    1.1104657000000000E-05     1.000000         0.000000    
  sy_sy_mor_l0    6.5544906000000000E-02     1.000000         0.000000    
  sy_sy_mor_l1    9.9928060999999991E-04     1.000000         0.000000    
      sy_ter14    1.2791818000000000E-02     1.000000         0.000000    
      sy_ter15    5.0633559999999998E-03     1.000000         0.000000    
      sy_ter33    1.0137016000000000E-02     1.000000         0.000000    
      sy_ter34    0.3000000000000000         1.000000         0.000000    
      sy_ter35    3.3808639000000001E-02     1.000000         0.000000    
      sy_ter36    0.1315355400000000         1.000000         0.000000    
      sy_ter37    8.9506130000000003E-02     1.000000         0.000000    
      sy_ter38    0.3000000000000000         1.000000         0.000000    
      sy_ter39    9.8557551000000004E-03     1.000000         0.000000    
      sy_ter80    1.9058406000000000E-03     1.000000         0.000000    
      sy_ter81    0.1888609400000000         1.000000         0.000000    
      sy_ter82    5.8272074999999998E-03     1.000000         0.000000    
      sy_ter83    3.9322048999999998E-02     1.000000         0.000000    
      sy_ter84    5.6532376000000004E-03     1.000000         0.000000    
      sy_ter85    0.1750841400000000         1.000000         0.000000    
      sy_ter86    1.2424457000000000E-02     1.000000         0.000000    
      sy_ter87    0.3000000000000000         1.000000         0.000000    
      sy_ter88    5.9656057000000004E-03     1.000000         0.000000    
