  single point
     hill_main    0.8000000000000000         1.000000         0.000000    
     hill_mang    0.8000000000000000         1.000000         0.000000    
       hill_se     1.000001700000000         1.000000         0.000000    
    kh_h_flat1     332.8874500000000         1.000000         0.000000    
   kh_h_flat10     1000.000000000000         1.000000         0.000000    
    kh_h_flat2     60.11372400000000         1.000000         0.000000    
    kh_h_flat3     468.6251500000000         1.000000         0.000000    
    kh_h_flat4     156.3218800000000         1.000000         0.000000    
   kh_h_flat45     505.9641200000000         1.000000         0.000000    
   kh_h_flat46     102.7069500000000         1.000000         0.000000    
    kh_h_flat5     1000.000000000000         1.000000         0.000000    
   kh_h_flat51     1000.000000000000         1.000000         0.000000    
    kh_h_flat6     1000.000000000000         1.000000         0.000000    
    kh_h_flat7     1000.000000000000         1.000000         0.000000    
    kh_h_flat8     1000.000000000000         1.000000         0.000000    
   kh_h_flat89     395.7266600000000         1.000000         0.000000    
    kh_h_flat9     845.8901600000000         1.000000         0.000000    
     kh_hill11     150.9759700000000         1.000000         0.000000    
     kh_hill12     369.3677700000000         1.000000         0.000000    
     kh_hill13     223.3885000000000         1.000000         0.000000    
       kh_lake     62.84128800000000         1.000000         0.000000    
     kh_mang16     87.96555100000000         1.000000         0.000000    
     kh_mang17     170.6993500000000         1.000000         0.000000    
     kh_mang18     114.0494500000000         1.000000         0.000000    
     kh_mang19     155.0224600000000         1.000000         0.000000    
     kh_mang20     199.4507900000000         1.000000         0.000000    
     kh_mang21     42.05406800000000         1.000000         0.000000    
     kh_mang22     117.0245500000000         1.000000         0.000000    
     kh_mor_l0     610.8685300000000         1.000000         0.000000    
     kh_mor_l1    1.1449615999999999E-04     1.000000         0.000000    
    kh_riv_g23     175.4318700000000         1.000000         0.000000    
    kh_riv_g24     243.1419200000000         1.000000         0.000000    
    kh_riv_g25     305.1497600000000         1.000000         0.000000    
    kh_riv_g26     235.9134400000000         1.000000         0.000000    
    kh_riv_g27     179.6933000000000         1.000000         0.000000    
    kh_riv_g28     118.3175500000000         1.000000         0.000000    
    kh_riv_g29     56.34201000000000         1.000000         0.000000    
    kh_riv_g30     287.5657800000000         1.000000         0.000000    
    kh_riv_g60     27.72323100000000         1.000000         0.000000    
    kh_riv_g61     29.53354900000000         1.000000         0.000000    
    kh_riv_g62     38.76073900000000         1.000000         0.000000    
    kh_riv_g63     452.6601000000000         1.000000         0.000000    
    kh_sandy31     80.16797600000000         1.000000         0.000000    
    kh_sandy32     168.7694400000000         1.000000         0.000000    
    kh_sandy70     44.57318600000000         1.000000         0.000000    
    kh_sandy71     77.19666800000000         1.000000         0.000000    
      kh_ter14     13.97735000000000         1.000000         0.000000    
      kh_ter15     261.1675100000000         1.000000         0.000000    
      kh_ter33     253.8874700000000         1.000000         0.000000    
      kh_ter34     24.96727900000000         1.000000         0.000000    
      kh_ter35     1000.000000000000         1.000000         0.000000    
      kh_ter36     13.50555100000000         1.000000         0.000000    
      kh_ter37     454.2850400000000         1.000000         0.000000    
      kh_ter38     1.067848000000000         1.000000         0.000000    
      kh_ter39     6.443081100000000         1.000000         0.000000    
      kh_ter80     9.449994400000000         1.000000         0.000000    
      kh_ter81     81.85523800000000         1.000000         0.000000    
      kh_ter82     202.7776400000000         1.000000         0.000000    
      kh_ter83     179.0824000000000         1.000000         0.000000    
      kh_ter84     409.3141300000000         1.000000         0.000000    
      kh_ter85     28.10278300000000         1.000000         0.000000    
      kh_ter86     16.77874800000000         1.000000         0.000000    
      kh_ter87     88.83065900000000         1.000000         0.000000    
      kh_ter88     8.941527799999999         1.000000         0.000000    
      race_all     1.009966600000000         1.000000         0.000000    
       rch_all     1.005594900000000         1.000000         0.000000    
        riv_c1     502.4775300000000         1.000000         0.000000    
     riv_gview     89.27315700000000         1.000000         0.000000    
        riv_h1     2095.176800000000         1.000000         0.000000    
        riv_h2     643.2722100000000         1.000000         0.000000    
        riv_h3     1684.099000000000         1.000000         0.000000    
      riv_john     51.28668400000000         1.000000         0.000000    
    sy_h_flat1    1.4454524000000000E-02     1.000000         0.000000    
   sy_h_flat10    9.1913086999999994E-03     1.000000         0.000000    
    sy_h_flat2    8.4062744999999998E-03     1.000000         0.000000    
    sy_h_flat3    2.7457822000000001E-03     1.000000         0.000000    
    sy_h_flat4    2.3952309000000001E-02     1.000000         0.000000    
   sy_h_flat45    2.0647421000000001E-03     1.000000         0.000000    
   sy_h_flat46    8.4917276999999999E-03     1.000000         0.000000    
    sy_h_flat5    1.6183895000000000E-02     1.000000         0.000000    
   sy_h_flat51    1.3278016000000000E-02     1.000000         0.000000    
    sy_h_flat6    6.8173681000000003E-03     1.000000         0.000000    
    sy_h_flat7    6.7276154999999999E-03     1.000000         0.000000    
    sy_h_flat8    0.1193472900000000         1.000000         0.000000    
   sy_h_flat89    3.5552477999999998E-02     1.000000         0.000000    
    sy_h_flat9    2.4584294000000000E-02     1.000000         0.000000    
     sy_hill11    5.1262820000000002E-03     1.000000         0.000000    
     sy_hill12    4.1399864999999998E-03     1.000000         0.000000    
     sy_hill13    5.7920119000000004E-03     1.000000         0.000000    
     sy_mang16    6.6924234000000004E-03     1.000000         0.000000    
     sy_mang17    9.7248477999999999E-02     1.000000         0.000000    
     sy_mang18    2.0552616999999999E-03     1.000000         0.000000    
     sy_mang19    1.7739787000000001E-03     1.000000         0.000000    
     sy_mang20    1.0741657999999999E-02     1.000000         0.000000    
     sy_mang21    6.0070534000000002E-03     1.000000         0.000000    
     sy_mang22    5.5663294000000002E-03     1.000000         0.000000    
    sy_riv_g23    9.9496033000000001E-03     1.000000         0.000000    
    sy_riv_g24    9.4810463000000005E-03     1.000000         0.000000    
    sy_riv_g25    0.1310264800000000         1.000000         0.000000    
    sy_riv_g26    0.2528729700000000         1.000000         0.000000    
    sy_riv_g27    7.8196844000000005E-03     1.000000         0.000000    
    sy_riv_g28    6.4301126000000002E-03     1.000000         0.000000    
    sy_riv_g29    7.6593338999999998E-03     1.000000         0.000000    
    sy_riv_g30    1.4795388000000000E-02     1.000000         0.000000    
    sy_riv_g60    8.9917967000000005E-03     1.000000         0.000000    
    sy_riv_g61    8.8813112000000003E-03     1.000000         0.000000    
    sy_riv_g62    1.4198451000000001E-02     1.000000         0.000000    
    sy_riv_g63    7.8515869000000005E-03     1.000000         0.000000    
    sy_sandy31    6.8767784000000002E-03     1.000000         0.000000    
    sy_sandy32    8.5970360000000006E-03     1.000000         0.000000    
    sy_sandy70    6.9074267999999998E-03     1.000000         0.000000    
    sy_sandy71    7.8799023999999995E-03     1.000000         0.000000    
  sy_ss_mor_l0    8.0997033999999997E-05     1.000000         0.000000    
  sy_ss_mor_l1    1.3926887000000000E-04     1.000000         0.000000    
    sy_ss_rest    1.2441248999999999E-05     1.000000         0.000000    
  sy_sy_mor_l0    0.2036126300000000         1.000000         0.000000    
  sy_sy_mor_l1    9.9935108000000000E-04     1.000000         0.000000    
      sy_ter14    8.0879399000000005E-03     1.000000         0.000000    
      sy_ter15    7.8734209000000006E-03     1.000000         0.000000    
      sy_ter33    6.1233099000000003E-03     1.000000         0.000000    
      sy_ter34    6.2032283000000001E-02     1.000000         0.000000    
      sy_ter35    0.1432774500000000         1.000000         0.000000    
      sy_ter36    4.5383662999999998E-02     1.000000         0.000000    
      sy_ter37    1.2785402000000000E-02     1.000000         0.000000    
      sy_ter38    3.5130506999999998E-02     1.000000         0.000000    
      sy_ter39    3.5731796000000003E-02     1.000000         0.000000    
      sy_ter80    1.4719863999999999E-02     1.000000         0.000000    
      sy_ter81    2.3955539000000001E-02     1.000000         0.000000    
      sy_ter82    8.0548857999999997E-03     1.000000         0.000000    
      sy_ter83    1.3203398999999999E-02     1.000000         0.000000    
      sy_ter84    8.2432927000000000E-03     1.000000         0.000000    
      sy_ter85    2.2771603000000001E-02     1.000000         0.000000    
      sy_ter86    5.2722563000000000E-03     1.000000         0.000000    
      sy_ter87    1.8849002000000000E-02     1.000000         0.000000    
      sy_ter88    1.2034829000000000E-02     1.000000         0.000000    
