  single point
     hill_main    0.8000000000000000         1.000000         0.000000    
     hill_mang    0.8905058000000000         1.000000         0.000000    
       hill_se     1.023391500000000         1.000000         0.000000    
    kh_h_flat1     132.3424100000000         1.000000         0.000000    
   kh_h_flat10     1000.000000000000         1.000000         0.000000    
    kh_h_flat2     265.9522800000000         1.000000         0.000000    
    kh_h_flat3     543.3793800000000         1.000000         0.000000    
    kh_h_flat4     177.5133100000000         1.000000         0.000000    
   kh_h_flat45     579.1669800000000         1.000000         0.000000    
   kh_h_flat46     99.69262100000000         1.000000         0.000000    
    kh_h_flat5     1000.000000000000         1.000000         0.000000    
   kh_h_flat51     1000.000000000000         1.000000         0.000000    
    kh_h_flat6     1000.000000000000         1.000000         0.000000    
    kh_h_flat7     1000.000000000000         1.000000         0.000000    
    kh_h_flat8     1000.000000000000         1.000000         0.000000    
   kh_h_flat89     255.8281500000000         1.000000         0.000000    
    kh_h_flat9     1000.000000000000         1.000000         0.000000    
     kh_hill11     160.0765700000000         1.000000         0.000000    
     kh_hill12     390.3265000000000         1.000000         0.000000    
     kh_hill13     215.7636500000000         1.000000         0.000000    
       kh_lake     47.09680200000000         1.000000         0.000000    
     kh_mang16     34.05859300000000         1.000000         0.000000    
     kh_mang17     167.2454800000000         1.000000         0.000000    
     kh_mang18     56.37277900000000         1.000000         0.000000    
     kh_mang19     129.2002400000000         1.000000         0.000000    
     kh_mang20     192.2221700000000         1.000000         0.000000    
     kh_mang21     42.32597500000000         1.000000         0.000000    
     kh_mang22     102.5880500000000         1.000000         0.000000    
     kh_mor_l0     1000.000000000000         1.000000         0.000000    
     kh_mor_l1    1.1481716000000001E-04     1.000000         0.000000    
    kh_riv_g23     155.0798300000000         1.000000         0.000000    
    kh_riv_g24     202.1700700000000         1.000000         0.000000    
    kh_riv_g25     301.4764300000000         1.000000         0.000000    
    kh_riv_g26     270.3382200000000         1.000000         0.000000    
    kh_riv_g27     165.6806800000000         1.000000         0.000000    
    kh_riv_g28     82.76589199999999         1.000000         0.000000    
    kh_riv_g29     55.49608900000000         1.000000         0.000000    
    kh_riv_g30     312.1259800000000         1.000000         0.000000    
    kh_riv_g60     26.31908700000000         1.000000         0.000000    
    kh_riv_g61     23.16171400000000         1.000000         0.000000    
    kh_riv_g62     26.52877300000000         1.000000         0.000000    
    kh_riv_g63     386.4078200000000         1.000000         0.000000    
    kh_sandy31     62.25007900000000         1.000000         0.000000    
    kh_sandy32     166.4350000000000         1.000000         0.000000    
    kh_sandy70     39.19174000000000         1.000000         0.000000    
    kh_sandy71     77.35601500000000         1.000000         0.000000    
      kh_ter14     13.81890100000000         1.000000         0.000000    
      kh_ter15     256.6322400000000         1.000000         0.000000    
      kh_ter33     274.7264100000000         1.000000         0.000000    
      kh_ter34     10.40780400000000         1.000000         0.000000    
      kh_ter35     1000.000000000000         1.000000         0.000000    
      kh_ter36     13.74545400000000         1.000000         0.000000    
      kh_ter37     422.3659900000000         1.000000         0.000000    
      kh_ter38    0.4834987700000000         1.000000         0.000000    
      kh_ter39     4.739408000000000         1.000000         0.000000    
      kh_ter80     5.306917900000000         1.000000         0.000000    
      kh_ter81     57.85560600000000         1.000000         0.000000    
      kh_ter82     197.1868200000000         1.000000         0.000000    
      kh_ter83     189.0325300000000         1.000000         0.000000    
      kh_ter84     386.6937300000000         1.000000         0.000000    
      kh_ter85     30.41296400000000         1.000000         0.000000    
      kh_ter86     16.71718100000000         1.000000         0.000000    
      kh_ter87     61.76741000000000         1.000000         0.000000    
      kh_ter88     9.498766000000000         1.000000         0.000000    
      race_all     1.200000000000000         1.000000         0.000000    
       rch_all    0.9759482600000000         1.000000         0.000000    
        riv_c1     350.1421700000000         1.000000         0.000000    
     riv_gview     86.06931299999999         1.000000         0.000000    
        riv_h1     2277.136800000000         1.000000         0.000000    
        riv_h2     772.5921200000000         1.000000         0.000000    
        riv_h3     1899.144900000000         1.000000         0.000000    
      riv_john     51.26783400000000         1.000000         0.000000    
    sy_h_flat1    1.5261300000000000E-02     1.000000         0.000000    
   sy_h_flat10    9.2284810999999998E-03     1.000000         0.000000    
    sy_h_flat2    9.5861548999999994E-03     1.000000         0.000000    
    sy_h_flat3    2.7692506999999998E-03     1.000000         0.000000    
    sy_h_flat4    2.4849136000000001E-02     1.000000         0.000000    
   sy_h_flat45    2.0715641000000002E-03     1.000000         0.000000    
   sy_h_flat46    8.8530693000000004E-03     1.000000         0.000000    
    sy_h_flat5    1.6715747000000000E-02     1.000000         0.000000    
   sy_h_flat51    1.5654734000000000E-02     1.000000         0.000000    
    sy_h_flat6    6.7904584999999998E-03     1.000000         0.000000    
    sy_h_flat7    7.1837489999999997E-03     1.000000         0.000000    
    sy_h_flat8    0.1500195300000000         1.000000         0.000000    
   sy_h_flat89    4.7102763999999998E-02     1.000000         0.000000    
    sy_h_flat9    3.2885150000000002E-02     1.000000         0.000000    
     sy_hill11    5.0953938000000004E-03     1.000000         0.000000    
     sy_hill12    4.1087030999999996E-03     1.000000         0.000000    
     sy_hill13    5.7688265000000001E-03     1.000000         0.000000    
     sy_mang16    6.9958297000000001E-03     1.000000         0.000000    
     sy_mang17    0.1736397200000000         1.000000         0.000000    
     sy_mang18    2.3820147999999998E-03     1.000000         0.000000    
     sy_mang19    2.0576222999999999E-03     1.000000         0.000000    
     sy_mang20    1.1673395000000000E-02     1.000000         0.000000    
     sy_mang21    6.4744818999999997E-03     1.000000         0.000000    
     sy_mang22    5.9337920999999998E-03     1.000000         0.000000    
    sy_riv_g23    9.8423373000000001E-03     1.000000         0.000000    
    sy_riv_g24    9.4908644999999996E-03     1.000000         0.000000    
    sy_riv_g25    0.1392993100000000         1.000000         0.000000    
    sy_riv_g26    0.2687552500000000         1.000000         0.000000    
    sy_riv_g27    7.7976901000000000E-03     1.000000         0.000000    
    sy_riv_g28    6.4058075000000001E-03     1.000000         0.000000    
    sy_riv_g29    7.4852147000000003E-03     1.000000         0.000000    
    sy_riv_g30    1.5192354000000000E-02     1.000000         0.000000    
    sy_riv_g60    8.9655077000000000E-03     1.000000         0.000000    
    sy_riv_g61    8.9345629999999995E-03     1.000000         0.000000    
    sy_riv_g62    1.4777636000000000E-02     1.000000         0.000000    
    sy_riv_g63    7.9071956999999995E-03     1.000000         0.000000    
    sy_sandy31    6.8758287999999999E-03     1.000000         0.000000    
    sy_sandy32    8.5905750999999992E-03     1.000000         0.000000    
    sy_sandy70    6.9369621999999997E-03     1.000000         0.000000    
    sy_sandy71    7.8944668999999992E-03     1.000000         0.000000    
  sy_ss_mor_l0    8.0989582999999995E-05     1.000000         0.000000    
  sy_ss_mor_l1    1.3950869999999999E-04     1.000000         0.000000    
    sy_ss_rest    1.2939678000000001E-05     1.000000         0.000000    
  sy_sy_mor_l0    0.2185536700000000         1.000000         0.000000    
  sy_sy_mor_l1    9.9935108000000000E-04     1.000000         0.000000    
      sy_ter14    8.0864288999999995E-03     1.000000         0.000000    
      sy_ter15    7.8049640999999998E-03     1.000000         0.000000    
      sy_ter33    6.1846758000000000E-03     1.000000         0.000000    
      sy_ter34    7.7827952000000006E-02     1.000000         0.000000    
      sy_ter35    0.1692831700000000         1.000000         0.000000    
      sy_ter36    4.9906789000000000E-02     1.000000         0.000000    
      sy_ter37    1.3467326999999999E-02     1.000000         0.000000    
      sy_ter38    5.2658828999999997E-02     1.000000         0.000000    
      sy_ter39    3.5077151000000001E-02     1.000000         0.000000    
      sy_ter80    1.5428644000000000E-02     1.000000         0.000000    
      sy_ter81    2.6516594000000001E-02     1.000000         0.000000    
      sy_ter82    8.0340548000000008E-03     1.000000         0.000000    
      sy_ter83    1.3998478999999999E-02     1.000000         0.000000    
      sy_ter84    8.2601814999999999E-03     1.000000         0.000000    
      sy_ter85    2.6884215999999999E-02     1.000000         0.000000    
      sy_ter86    5.3824179999999999E-03     1.000000         0.000000    
      sy_ter87    2.5140584000000001E-02     1.000000         0.000000    
      sy_ter88    1.2146743000000000E-02     1.000000         0.000000    
