  single point
     hill_main    0.8000000000000000         1.000000         0.000000    
     hill_mang     1.200000000000000         1.000000         0.000000    
       hill_se     1.200000000000000         1.000000         0.000000    
    kh_h_flat1     65.96746800000000         1.000000         0.000000    
   kh_h_flat10     15.08307000000000         1.000000         0.000000    
    kh_h_flat2     613.8790600000000         1.000000         0.000000    
    kh_h_flat3     1000.000000000000         1.000000         0.000000    
    kh_h_flat4     1000.000000000000         1.000000         0.000000    
   kh_h_flat45     1000.000000000000         1.000000         0.000000    
   kh_h_flat46    0.2149937300000000         1.000000         0.000000    
    kh_h_flat5     1000.000000000000         1.000000         0.000000    
   kh_h_flat51     1000.000000000000         1.000000         0.000000    
    kh_h_flat6     38.45017400000000         1.000000         0.000000    
    kh_h_flat7     1000.000000000000         1.000000         0.000000    
    kh_h_flat8     1000.000000000000         1.000000         0.000000    
   kh_h_flat89     3.668367800000000         1.000000         0.000000    
    kh_h_flat9     472.8715200000000         1.000000         0.000000    
     kh_hill11     4.478961000000000         1.000000         0.000000    
     kh_hill12     612.1468900000000         1.000000         0.000000    
     kh_hill13     82.45131800000000         1.000000         0.000000    
       kh_lake     21.93947600000000         1.000000         0.000000    
     kh_mang16     23.78921300000000         1.000000         0.000000    
     kh_mang17     33.61096100000000         1.000000         0.000000    
     kh_mang18     58.18003500000000         1.000000         0.000000    
     kh_mang19     5.296612700000000         1.000000         0.000000    
     kh_mang20     45.23998200000000         1.000000         0.000000    
     kh_mang21     42.93449200000000         1.000000         0.000000    
     kh_mang22     28.19422700000000         1.000000         0.000000    
     kh_mor_l0     1000.000000000000         1.000000         0.000000    
     kh_mor_l1    1.2688103000000001E-04     1.000000         0.000000    
    kh_riv_g23     54.03267500000000         1.000000         0.000000    
    kh_riv_g24     64.85851300000000         1.000000         0.000000    
    kh_riv_g25     1000.000000000000         1.000000         0.000000    
    kh_riv_g26     1000.000000000000         1.000000         0.000000    
    kh_riv_g27     85.94756500000000         1.000000         0.000000    
    kh_riv_g28     32.63150200000000         1.000000         0.000000    
    kh_riv_g29     60.58133400000000         1.000000         0.000000    
    kh_riv_g30     1000.000000000000         1.000000         0.000000    
    kh_riv_g60     7.849728500000000         1.000000         0.000000    
    kh_riv_g61     8.890347600000000         1.000000         0.000000    
    kh_riv_g62     40.90072800000000         1.000000         0.000000    
    kh_riv_g63     1000.000000000000         1.000000         0.000000    
    kh_sandy31     6.341316100000000         1.000000         0.000000    
    kh_sandy32     180.6611600000000         1.000000         0.000000    
    kh_sandy70     1.556885400000000         1.000000         0.000000    
    kh_sandy71     42.75741600000000         1.000000         0.000000    
      kh_ter14     6.029395600000000         1.000000         0.000000    
      kh_ter15     710.9432800000000         1.000000         0.000000    
      kh_ter33     71.73820300000000         1.000000         0.000000    
      kh_ter34     73.09419500000000         1.000000         0.000000    
      kh_ter35     1000.000000000000         1.000000         0.000000    
      kh_ter36     3.563102200000000         1.000000         0.000000    
      kh_ter37     1000.000000000000         1.000000         0.000000    
      kh_ter38    0.1526388800000000         1.000000         0.000000    
      kh_ter39    0.5847167000000000         1.000000         0.000000    
      kh_ter80    0.7377250900000000         1.000000         0.000000    
      kh_ter81     37.19140700000000         1.000000         0.000000    
      kh_ter82     1000.000000000000         1.000000         0.000000    
      kh_ter83     61.53418600000000         1.000000         0.000000    
      kh_ter84     1000.000000000000         1.000000         0.000000    
      kh_ter85     22.62275200000000         1.000000         0.000000    
      kh_ter86     5.453474800000000         1.000000         0.000000    
      kh_ter87     1000.000000000000         1.000000         0.000000    
      kh_ter88     6.820173100000000         1.000000         0.000000    
      race_all     1.200000000000000         1.000000         0.000000    
       rch_all    0.5000000000000000         1.000000         0.000000    
        riv_c1     130.2454200000000         1.000000         0.000000    
     riv_gview     383.1265700000000         1.000000         0.000000    
        riv_h1     1852.315900000000         1.000000         0.000000    
        riv_h2     3869.902500000000         1.000000         0.000000    
        riv_h3     5139.403100000000         1.000000         0.000000    
      riv_john     50.00000000000000         1.000000         0.000000    
    sy_h_flat1    2.5503836000000000E-03     1.000000         0.000000    
   sy_h_flat10    2.1138641000000000E-02     1.000000         0.000000    
    sy_h_flat2    3.0984514000000001E-02     1.000000         0.000000    
    sy_h_flat3    2.6464752999999998E-03     1.000000         0.000000    
    sy_h_flat4    0.3000000000000000         1.000000         0.000000    
   sy_h_flat45    4.6654584000000002E-04     1.000000         0.000000    
   sy_h_flat46    4.4274943999999997E-02     1.000000         0.000000    
    sy_h_flat5    1.7628169999999999E-02     1.000000         0.000000    
   sy_h_flat51    6.0202226999999997E-02     1.000000         0.000000    
    sy_h_flat6    5.8979634999999997E-03     1.000000         0.000000    
    sy_h_flat7    1.4560310999999999E-02     1.000000         0.000000    
    sy_h_flat8    7.4704335999999996E-02     1.000000         0.000000    
   sy_h_flat89    0.3000000000000000         1.000000         0.000000    
    sy_h_flat9    0.1036600900000000         1.000000         0.000000    
     sy_hill11    5.5471955999999998E-03     1.000000         0.000000    
     sy_hill12    3.4805195999999998E-03     1.000000         0.000000    
     sy_hill13    5.1825593000000003E-03     1.000000         0.000000    
     sy_mang16    1.3082000000000000E-02     1.000000         0.000000    
     sy_mang17    8.2604100999999999E-02     1.000000         0.000000    
     sy_mang18    8.5564356000000005E-03     1.000000         0.000000    
     sy_mang19    2.6183103999999999E-02     1.000000         0.000000    
     sy_mang20    6.6326602999999998E-02     1.000000         0.000000    
     sy_mang21    6.9034274000000003E-03     1.000000         0.000000    
     sy_mang22    4.4331205999999998E-03     1.000000         0.000000    
    sy_riv_g23    5.4071192999999998E-03     1.000000         0.000000    
    sy_riv_g24    5.6330449000000001E-03     1.000000         0.000000    
    sy_riv_g25    0.2675320200000000         1.000000         0.000000    
    sy_riv_g26    0.3000000000000000         1.000000         0.000000    
    sy_riv_g27    5.8142310000000004E-03     1.000000         0.000000    
    sy_riv_g28    1.7509614000000000E-03     1.000000         0.000000    
    sy_riv_g29    6.5186845000000000E-03     1.000000         0.000000    
    sy_riv_g30    3.2712048000000001E-02     1.000000         0.000000    
    sy_riv_g60    7.2728929000000003E-03     1.000000         0.000000    
    sy_riv_g61    5.4523751999999998E-03     1.000000         0.000000    
    sy_riv_g62    4.3813382999999997E-02     1.000000         0.000000    
    sy_riv_g63    1.1457413000000000E-02     1.000000         0.000000    
    sy_sandy31    7.7536858000000000E-03     1.000000         0.000000    
    sy_sandy32    8.9603706999999994E-03     1.000000         0.000000    
    sy_sandy70    1.4360454999999999E-02     1.000000         0.000000    
    sy_sandy71    1.1072060999999999E-02     1.000000         0.000000    
  sy_ss_mor_l0    8.3239473000000001E-05     1.000000         0.000000    
  sy_ss_mor_l1    1.2716916000000001E-04     1.000000         0.000000    
    sy_ss_rest    1.1103922000000001E-05     1.000000         0.000000    
  sy_sy_mor_l0    6.5526213999999999E-02     1.000000         0.000000    
  sy_sy_mor_l1    9.9928089000000009E-04     1.000000         0.000000    
      sy_ter14    1.2793305000000000E-02     1.000000         0.000000    
      sy_ter15    5.0636008999999996E-03     1.000000         0.000000    
      sy_ter33    1.0137373999999999E-02     1.000000         0.000000    
      sy_ter34    0.3000000000000000         1.000000         0.000000    
      sy_ter35    3.3807903000000000E-02     1.000000         0.000000    
      sy_ter36    0.1314684200000000         1.000000         0.000000    
      sy_ter37    8.9494749999999998E-02     1.000000         0.000000    
      sy_ter38    0.3000000000000000         1.000000         0.000000    
      sy_ter39    9.8611923000000001E-03     1.000000         0.000000    
      sy_ter80    1.9058335000000000E-03     1.000000         0.000000    
      sy_ter81    0.1888316700000000         1.000000         0.000000    
      sy_ter82    5.8272795999999996E-03     1.000000         0.000000    
      sy_ter83    3.9316889000000001E-02     1.000000         0.000000    
      sy_ter84    5.6532980000000002E-03     1.000000         0.000000    
      sy_ter85    0.1750478300000000         1.000000         0.000000    
      sy_ter86    1.2424423000000000E-02     1.000000         0.000000    
      sy_ter87    0.3000000000000000         1.000000         0.000000    
      sy_ter88    5.9656170000000003E-03     1.000000         0.000000    
