  single point
     hill_main    0.8000000000000000         1.000000         0.000000    
     hill_mang     1.200000000000000         1.000000         0.000000    
       hill_se     1.200000000000000         1.000000         0.000000    
    kh_h_flat1     96.68699300000000         1.000000         0.000000    
   kh_h_flat10     60.97846100000000         1.000000         0.000000    
    kh_h_flat2     518.6656500000000         1.000000         0.000000    
    kh_h_flat3     1000.000000000000         1.000000         0.000000    
    kh_h_flat4     1000.000000000000         1.000000         0.000000    
   kh_h_flat45     1000.000000000000         1.000000         0.000000    
   kh_h_flat46     2.113401100000000         1.000000         0.000000    
    kh_h_flat5     1000.000000000000         1.000000         0.000000    
   kh_h_flat51     1000.000000000000         1.000000         0.000000    
    kh_h_flat6     108.1487100000000         1.000000         0.000000    
    kh_h_flat7     1000.000000000000         1.000000         0.000000    
    kh_h_flat8     1000.000000000000         1.000000         0.000000    
   kh_h_flat89     5.450095500000000         1.000000         0.000000    
    kh_h_flat9     426.3076300000000         1.000000         0.000000    
     kh_hill11     10.67064000000000         1.000000         0.000000    
     kh_hill12     432.2507900000000         1.000000         0.000000    
     kh_hill13     96.47168200000000         1.000000         0.000000    
       kh_lake     3.451932000000000         1.000000         0.000000    
     kh_mang16     20.52442100000000         1.000000         0.000000    
     kh_mang17     52.06260300000000         1.000000         0.000000    
     kh_mang18     34.71923500000000         1.000000         0.000000    
     kh_mang19     12.38937200000000         1.000000         0.000000    
     kh_mang20     67.19638300000000         1.000000         0.000000    
     kh_mang21     49.50605700000000         1.000000         0.000000    
     kh_mang22     43.16456200000000         1.000000         0.000000    
     kh_mor_l0     1000.000000000000         1.000000         0.000000    
     kh_mor_l1    1.2043899000000000E-04     1.000000         0.000000    
    kh_riv_g23     48.30250400000000         1.000000         0.000000    
    kh_riv_g24     61.62443700000000         1.000000         0.000000    
    kh_riv_g25     678.1518200000000         1.000000         0.000000    
    kh_riv_g26     1000.000000000000         1.000000         0.000000    
    kh_riv_g27     102.7369300000000         1.000000         0.000000    
    kh_riv_g28     33.30067300000000         1.000000         0.000000    
    kh_riv_g29     131.6074900000000         1.000000         0.000000    
    kh_riv_g30     461.5412500000000         1.000000         0.000000    
    kh_riv_g60     19.25112200000000         1.000000         0.000000    
    kh_riv_g61     12.85441400000000         1.000000         0.000000    
    kh_riv_g62     27.96206800000000         1.000000         0.000000    
    kh_riv_g63     613.4301000000000         1.000000         0.000000    
    kh_sandy31     2.551981800000000         1.000000         0.000000    
    kh_sandy32     109.8013500000000         1.000000         0.000000    
    kh_sandy70     9.939977600000001         1.000000         0.000000    
    kh_sandy71     80.37118000000000         1.000000         0.000000    
      kh_ter14     8.480793999999999         1.000000         0.000000    
      kh_ter15     728.9021100000000         1.000000         0.000000    
      kh_ter33     170.2606800000000         1.000000         0.000000    
      kh_ter34     27.36505800000000         1.000000         0.000000    
      kh_ter35     1000.000000000000         1.000000         0.000000    
      kh_ter36     5.712720500000000         1.000000         0.000000    
      kh_ter37     1000.000000000000         1.000000         0.000000    
      kh_ter38    0.1248530200000000         1.000000         0.000000    
      kh_ter39    0.5932373900000000         1.000000         0.000000    
      kh_ter80     2.106976100000000         1.000000         0.000000    
      kh_ter81     52.53431300000000         1.000000         0.000000    
      kh_ter82     429.3074600000000         1.000000         0.000000    
      kh_ter83     47.59804700000000         1.000000         0.000000    
      kh_ter84     1000.000000000000         1.000000         0.000000    
      kh_ter85     14.39685600000000         1.000000         0.000000    
      kh_ter86     6.961820600000000         1.000000         0.000000    
      kh_ter87     217.2062800000000         1.000000         0.000000    
      kh_ter88     5.316558700000000         1.000000         0.000000    
      race_all     1.200000000000000         1.000000         0.000000    
       rch_all    0.5000000000000000         1.000000         0.000000    
        riv_c1     145.2725600000000         1.000000         0.000000    
     riv_gview     50.00000000000000         1.000000         0.000000    
        riv_h1     1542.182200000000         1.000000         0.000000    
        riv_h2     1728.359500000000         1.000000         0.000000    
        riv_h3     2798.042000000000         1.000000         0.000000    
      riv_john     50.00000000000000         1.000000         0.000000    
    sy_h_flat1    4.3879495999999997E-03     1.000000         0.000000    
   sy_h_flat10    1.5437938999999999E-02     1.000000         0.000000    
    sy_h_flat2    1.6168967999999999E-02     1.000000         0.000000    
    sy_h_flat3    2.3820489000000002E-03     1.000000         0.000000    
    sy_h_flat4    0.2254475100000000         1.000000         0.000000    
   sy_h_flat45    3.8118599999999999E-04     1.000000         0.000000    
   sy_h_flat46    1.2433407000000000E-02     1.000000         0.000000    
    sy_h_flat5    2.7742138999999999E-02     1.000000         0.000000    
   sy_h_flat51    4.0646929999999998E-02     1.000000         0.000000    
    sy_h_flat6    6.3281416999999996E-03     1.000000         0.000000    
    sy_h_flat7    1.4891405999999999E-02     1.000000         0.000000    
    sy_h_flat8    0.1701590100000000         1.000000         0.000000    
   sy_h_flat89    0.3000000000000000         1.000000         0.000000    
    sy_h_flat9    0.1279605400000000         1.000000         0.000000    
     sy_hill11    6.7053792000000001E-03     1.000000         0.000000    
     sy_hill12    3.7779739999999999E-03     1.000000         0.000000    
     sy_hill13    5.3926844999999998E-03     1.000000         0.000000    
     sy_mang16    2.1159714999999999E-02     1.000000         0.000000    
     sy_mang17    0.2104796000000000         1.000000         0.000000    
     sy_mang18    6.9650071999999997E-03     1.000000         0.000000    
     sy_mang19    1.3195727000000001E-02     1.000000         0.000000    
     sy_mang20    8.1906263000000007E-02     1.000000         0.000000    
     sy_mang21    6.2669737000000001E-03     1.000000         0.000000    
     sy_mang22    5.3129552000000003E-03     1.000000         0.000000    
    sy_riv_g23    6.5581735999999998E-03     1.000000         0.000000    
    sy_riv_g24    5.6002960000000003E-03     1.000000         0.000000    
    sy_riv_g25    0.1470529200000000         1.000000         0.000000    
    sy_riv_g26    0.3000000000000000         1.000000         0.000000    
    sy_riv_g27    5.5782577000000003E-03     1.000000         0.000000    
    sy_riv_g28    4.6182107999999996E-03     1.000000         0.000000    
    sy_riv_g29    7.7209720000000004E-03     1.000000         0.000000    
    sy_riv_g30    3.6340404000000000E-02     1.000000         0.000000    
    sy_riv_g60    7.5364993999999996E-03     1.000000         0.000000    
    sy_riv_g61    7.7767436999999998E-03     1.000000         0.000000    
    sy_riv_g62    3.2674545999999999E-02     1.000000         0.000000    
    sy_riv_g63    8.8770889999999995E-03     1.000000         0.000000    
    sy_sandy31    7.6117342000000003E-03     1.000000         0.000000    
    sy_sandy32    8.8863229999999998E-03     1.000000         0.000000    
    sy_sandy70    1.0255304000000000E-02     1.000000         0.000000    
    sy_sandy71    1.0171563000000000E-02     1.000000         0.000000    
  sy_ss_mor_l0    8.2293897999999996E-05     1.000000         0.000000    
  sy_ss_mor_l1    1.3496531000000000E-04     1.000000         0.000000    
    sy_ss_rest    1.0826149000000000E-05     1.000000         0.000000    
  sy_sy_mor_l0    0.1040751400000000         1.000000         0.000000    
  sy_sy_mor_l1    9.9931845000000006E-04     1.000000         0.000000    
      sy_ter14    1.0508679000000000E-02     1.000000         0.000000    
      sy_ter15    5.0869816000000002E-03     1.000000         0.000000    
      sy_ter33    8.4477957999999995E-03     1.000000         0.000000    
      sy_ter34    0.3000000000000000         1.000000         0.000000    
      sy_ter35    7.0717519000000006E-02     1.000000         0.000000    
      sy_ter36    6.8622689000000001E-02     1.000000         0.000000    
      sy_ter37    4.0649201000000003E-02     1.000000         0.000000    
      sy_ter38    0.3000000000000000         1.000000         0.000000    
      sy_ter39    1.1442622000000000E-02     1.000000         0.000000    
      sy_ter80    2.3912410000000001E-03     1.000000         0.000000    
      sy_ter81    0.1193499000000000         1.000000         0.000000    
      sy_ter82    6.2279741999999999E-03     1.000000         0.000000    
      sy_ter83    3.0134161000000000E-02     1.000000         0.000000    
      sy_ter84    6.5388677999999997E-03     1.000000         0.000000    
      sy_ter85    0.1974865700000000         1.000000         0.000000    
      sy_ter86    1.0641407000000000E-02     1.000000         0.000000    
      sy_ter87    5.6480359000000001E-02     1.000000         0.000000    
      sy_ter88    7.6769281999999996E-03     1.000000         0.000000    
