  single point
     hill_main    0.8235151000000001         1.000000         0.000000    
     hill_mang    0.9634128700000000         1.000000         0.000000    
       hill_se     1.078080300000000         1.000000         0.000000    
    kh_h_flat1     182.2578600000000         1.000000         0.000000    
   kh_h_flat10     1000.000000000000         1.000000         0.000000    
    kh_h_flat2     383.8369900000000         1.000000         0.000000    
    kh_h_flat3     883.1988800000000         1.000000         0.000000    
    kh_h_flat4     243.5957000000000         1.000000         0.000000    
   kh_h_flat45     781.3751000000000         1.000000         0.000000    
   kh_h_flat46     63.81281700000000         1.000000         0.000000    
    kh_h_flat5     1000.000000000000         1.000000         0.000000    
   kh_h_flat51     774.9267200000000         1.000000         0.000000    
    kh_h_flat6     981.5646700000000         1.000000         0.000000    
    kh_h_flat7     1000.000000000000         1.000000         0.000000    
    kh_h_flat8     1000.000000000000         1.000000         0.000000    
   kh_h_flat89     79.68136400000000         1.000000         0.000000    
    kh_h_flat9     1000.000000000000         1.000000         0.000000    
     kh_hill11     166.3989100000000         1.000000         0.000000    
     kh_hill12     408.7881700000000         1.000000         0.000000    
     kh_hill13     209.3530800000000         1.000000         0.000000    
       kh_lake     27.92247900000000         1.000000         0.000000    
     kh_mang16     14.89833700000000         1.000000         0.000000    
     kh_mang17     100.4104000000000         1.000000         0.000000    
     kh_mang18     39.86966000000000         1.000000         0.000000    
     kh_mang19     107.0661500000000         1.000000         0.000000    
     kh_mang20     183.2497700000000         1.000000         0.000000    
     kh_mang21     42.02733800000000         1.000000         0.000000    
     kh_mang22     92.76133700000000         1.000000         0.000000    
     kh_mor_l0     852.3740400000000         1.000000         0.000000    
     kh_mor_l1    1.1505236999999999E-04     1.000000         0.000000    
    kh_riv_g23     138.4156400000000         1.000000         0.000000    
    kh_riv_g24     150.2999300000000         1.000000         0.000000    
    kh_riv_g25     295.6781200000000         1.000000         0.000000    
    kh_riv_g26     288.1194800000000         1.000000         0.000000    
    kh_riv_g27     133.5107400000000         1.000000         0.000000    
    kh_riv_g28     59.81745100000000         1.000000         0.000000    
    kh_riv_g29     62.73889600000000         1.000000         0.000000    
    kh_riv_g30     359.7006500000000         1.000000         0.000000    
    kh_riv_g60     22.46194800000000         1.000000         0.000000    
    kh_riv_g61     18.67209800000000         1.000000         0.000000    
    kh_riv_g62     25.37334800000000         1.000000         0.000000    
    kh_riv_g63     369.8066900000000         1.000000         0.000000    
    kh_sandy31     37.72596500000000         1.000000         0.000000    
    kh_sandy32     159.1030400000000         1.000000         0.000000    
    kh_sandy70     30.16075300000000         1.000000         0.000000    
    kh_sandy71     77.29034200000000         1.000000         0.000000    
      kh_ter14     13.46726600000000         1.000000         0.000000    
      kh_ter15     269.6893500000000         1.000000         0.000000    
      kh_ter33     299.0138000000000         1.000000         0.000000    
      kh_ter34     8.488967100000000         1.000000         0.000000    
      kh_ter35     898.8072700000000         1.000000         0.000000    
      kh_ter36     11.62283500000000         1.000000         0.000000    
      kh_ter37     403.7820400000000         1.000000         0.000000    
      kh_ter38    0.3655058700000000         1.000000         0.000000    
      kh_ter39     3.357243200000000         1.000000         0.000000    
      kh_ter80     4.197369700000000         1.000000         0.000000    
      kh_ter81     48.37648100000000         1.000000         0.000000    
      kh_ter82     194.0844200000000         1.000000         0.000000    
      kh_ter83     193.6986300000000         1.000000         0.000000    
      kh_ter84     390.4695300000000         1.000000         0.000000    
      kh_ter85     25.87810900000000         1.000000         0.000000    
      kh_ter86     16.15297000000000         1.000000         0.000000    
      kh_ter87     53.35539600000000         1.000000         0.000000    
      kh_ter88     7.687230000000000         1.000000         0.000000    
      race_all     1.200000000000000         1.000000         0.000000    
       rch_all    0.5759482600000000         1.000000         0.000000    
        riv_c1     260.3043200000000         1.000000         0.000000    
     riv_gview     79.55615899999999         1.000000         0.000000    
        riv_h1     2005.080200000000         1.000000         0.000000    
        riv_h2     809.5647200000000         1.000000         0.000000    
        riv_h3     2211.046400000000         1.000000         0.000000    
      riv_john     50.93220800000000         1.000000         0.000000    
    sy_h_flat1    1.6503581000000000E-02     1.000000         0.000000    
   sy_h_flat10    9.2531704999999995E-03     1.000000         0.000000    
    sy_h_flat2    1.1380447000000000E-02     1.000000         0.000000    
    sy_h_flat3    2.7922625000000000E-03     1.000000         0.000000    
    sy_h_flat4    2.5842390999999999E-02     1.000000         0.000000    
   sy_h_flat45    2.0797339000000001E-03     1.000000         0.000000    
   sy_h_flat46    9.3009223000000002E-03     1.000000         0.000000    
    sy_h_flat5    1.7369716000000000E-02     1.000000         0.000000    
   sy_h_flat51    1.8803572000000001E-02     1.000000         0.000000    
    sy_h_flat6    6.7563596999999998E-03     1.000000         0.000000    
    sy_h_flat7    7.7567966999999996E-03     1.000000         0.000000    
    sy_h_flat8    0.2006998300000000         1.000000         0.000000    
   sy_h_flat89    6.8680755999999996E-02     1.000000         0.000000    
    sy_h_flat9    4.6310019000000001E-02     1.000000         0.000000    
     sy_hill11    5.0372834999999998E-03     1.000000         0.000000    
     sy_hill12    4.0630403000000001E-03     1.000000         0.000000    
     sy_hill13    5.7333528000000000E-03     1.000000         0.000000    
     sy_mang16    7.0147988000000003E-03     1.000000         0.000000    
     sy_mang17    0.2545329500000000         1.000000         0.000000    
     sy_mang18    2.9159250999999998E-03     1.000000         0.000000    
     sy_mang19    2.6577698000000002E-03     1.000000         0.000000    
     sy_mang20    1.4488679000000001E-02     1.000000         0.000000    
     sy_mang21    7.6757027999999998E-03     1.000000         0.000000    
     sy_mang22    6.1339949000000001E-03     1.000000         0.000000    
    sy_riv_g23    1.0177968000000001E-02     1.000000         0.000000    
    sy_riv_g24    9.5173520999999994E-03     1.000000         0.000000    
    sy_riv_g25    0.1486946400000000         1.000000         0.000000    
    sy_riv_g26    0.2850452400000000         1.000000         0.000000    
    sy_riv_g27    7.7923556999999997E-03     1.000000         0.000000    
    sy_riv_g28    6.4212931000000003E-03     1.000000         0.000000    
    sy_riv_g29    7.5197179999999999E-03     1.000000         0.000000    
    sy_riv_g30    1.5587752000000000E-02     1.000000         0.000000    
    sy_riv_g60    8.9834544999999998E-03     1.000000         0.000000    
    sy_riv_g61    9.0215079999999993E-03     1.000000         0.000000    
    sy_riv_g62    1.5679539999999999E-02     1.000000         0.000000    
    sy_riv_g63    8.0026317999999999E-03     1.000000         0.000000    
    sy_sandy31    6.8973530000000002E-03     1.000000         0.000000    
    sy_sandy32    8.6015182999999995E-03     1.000000         0.000000    
    sy_sandy70    7.0435966000000003E-03     1.000000         0.000000    
    sy_sandy71    7.9177264000000001E-03     1.000000         0.000000    
  sy_ss_mor_l0    8.1003043000000001E-05     1.000000         0.000000    
  sy_ss_mor_l1    1.3955112999999999E-04     1.000000         0.000000    
    sy_ss_rest    1.3614386000000000E-05     1.000000         0.000000    
  sy_sy_mor_l0    0.2191610400000000         1.000000         0.000000    
  sy_sy_mor_l1    9.9931430999999991E-04     1.000000         0.000000    
      sy_ter14    8.0821026000000001E-03     1.000000         0.000000    
      sy_ter15    7.6052005999999997E-03     1.000000         0.000000    
      sy_ter33    6.3459081000000004E-03     1.000000         0.000000    
      sy_ter34    9.0954595999999999E-02     1.000000         0.000000    
      sy_ter35    0.1942713900000000         1.000000         0.000000    
      sy_ter36    5.5795633999999997E-02     1.000000         0.000000    
      sy_ter37    1.4497286000000000E-02     1.000000         0.000000    
      sy_ter38    7.6755986999999998E-02     1.000000         0.000000    
      sy_ter39    3.3777115000000003E-02     1.000000         0.000000    
      sy_ter80    1.5328101000000000E-02     1.000000         0.000000    
      sy_ter81    2.8913187000000000E-02     1.000000         0.000000    
      sy_ter82    8.0219155000000007E-03     1.000000         0.000000    
      sy_ter83    1.4841139000000000E-02     1.000000         0.000000    
      sy_ter84    8.2635395999999996E-03     1.000000         0.000000    
      sy_ter85    3.2269326000000001E-02     1.000000         0.000000    
      sy_ter86    5.6085631999999996E-03     1.000000         0.000000    
      sy_ter87    3.0409408999999998E-02     1.000000         0.000000    
      sy_ter88    1.2231824000000001E-02     1.000000         0.000000    
