  single point
     hill_main    0.8000000000000000         1.000000         0.000000    
     hill_mang     1.181021200000000         1.000000         0.000000    
       hill_se     1.200000000000000         1.000000         0.000000    
    kh_h_flat1     169.8040900000000         1.000000         0.000000    
   kh_h_flat10     848.9176600000000         1.000000         0.000000    
    kh_h_flat2     357.4292600000000         1.000000         0.000000    
    kh_h_flat3     1000.000000000000         1.000000         0.000000    
    kh_h_flat4     633.1413300000000         1.000000         0.000000    
   kh_h_flat45     1000.000000000000         1.000000         0.000000    
   kh_h_flat46     19.18469900000000         1.000000         0.000000    
    kh_h_flat5     1000.000000000000         1.000000         0.000000    
   kh_h_flat51     883.7825800000001         1.000000         0.000000    
    kh_h_flat6     769.8393400000000         1.000000         0.000000    
    kh_h_flat7     1000.000000000000         1.000000         0.000000    
    kh_h_flat8     1000.000000000000         1.000000         0.000000    
   kh_h_flat89     13.43452500000000         1.000000         0.000000    
    kh_h_flat9     577.8187700000000         1.000000         0.000000    
     kh_hill11     157.1784400000000         1.000000         0.000000    
     kh_hill12     459.6692700000000         1.000000         0.000000    
     kh_hill13     195.4522700000000         1.000000         0.000000    
       kh_lake     9.920394099999999         1.000000         0.000000    
     kh_mang16     16.76901200000000         1.000000         0.000000    
     kh_mang17     52.37123800000000         1.000000         0.000000    
     kh_mang18     20.62478600000000         1.000000         0.000000    
     kh_mang19     61.86947300000000         1.000000         0.000000    
     kh_mang20     155.6995400000000         1.000000         0.000000    
     kh_mang21     41.33449000000000         1.000000         0.000000    
     kh_mang22     83.24258200000000         1.000000         0.000000    
     kh_mor_l0     761.5161600000000         1.000000         0.000000    
     kh_mor_l1    1.1600614000000000E-04     1.000000         0.000000    
    kh_riv_g23     98.31577700000000         1.000000         0.000000    
    kh_riv_g24     88.03689199999999         1.000000         0.000000    
    kh_riv_g25     325.3962000000000         1.000000         0.000000    
    kh_riv_g26     334.4755600000000         1.000000         0.000000    
    kh_riv_g27     103.5821200000000         1.000000         0.000000    
    kh_riv_g28     41.78420300000000         1.000000         0.000000    
    kh_riv_g29     71.75967799999999         1.000000         0.000000    
    kh_riv_g30     418.0590800000000         1.000000         0.000000    
    kh_riv_g60     17.98612300000000         1.000000         0.000000    
    kh_riv_g61     15.63423500000000         1.000000         0.000000    
    kh_riv_g62     28.71090700000000         1.000000         0.000000    
    kh_riv_g63     317.0030100000000         1.000000         0.000000    
    kh_sandy31     7.329326600000000         1.000000         0.000000    
    kh_sandy32     141.0491600000000         1.000000         0.000000    
    kh_sandy70     11.32356100000000         1.000000         0.000000    
    kh_sandy71     75.03008199999999         1.000000         0.000000    
      kh_ter14     12.89838300000000         1.000000         0.000000    
      kh_ter15     396.7211300000000         1.000000         0.000000    
      kh_ter33     324.2327900000000         1.000000         0.000000    
      kh_ter34     11.22131300000000         1.000000         0.000000    
      kh_ter35     976.8215700000000         1.000000         0.000000    
      kh_ter36     8.375352599999999         1.000000         0.000000    
      kh_ter37     394.3109000000000         1.000000         0.000000    
      kh_ter38    0.2100572000000000         1.000000         0.000000    
      kh_ter39     1.267687500000000         1.000000         0.000000    
      kh_ter80     3.871649600000000         1.000000         0.000000    
      kh_ter81     35.27077700000000         1.000000         0.000000    
      kh_ter82     240.1756200000000         1.000000         0.000000    
      kh_ter83     192.0692900000000         1.000000         0.000000    
      kh_ter84     571.6549700000000         1.000000         0.000000    
      kh_ter85     16.32996600000000         1.000000         0.000000    
      kh_ter86     14.26797200000000         1.000000         0.000000    
      kh_ter87     39.60816300000000         1.000000         0.000000    
      kh_ter88     7.092439400000000         1.000000         0.000000    
      race_all     1.200000000000000         1.000000         0.000000    
       rch_all    0.5000000000000000         1.000000         0.000000    
        riv_c1     162.5672200000000         1.000000         0.000000    
     riv_gview     62.36848500000000         1.000000         0.000000    
        riv_h1     1781.302100000000         1.000000         0.000000    
        riv_h2     876.7296900000000         1.000000         0.000000    
        riv_h3     2975.695900000000         1.000000         0.000000    
      riv_john     50.00000000000000         1.000000         0.000000    
    sy_h_flat1    1.8508792999999999E-02     1.000000         0.000000    
   sy_h_flat10    9.3464268999999996E-03     1.000000         0.000000    
    sy_h_flat2    1.3651194000000000E-02     1.000000         0.000000    
    sy_h_flat3    2.8337853999999998E-03     1.000000         0.000000    
    sy_h_flat4    2.6795254000000001E-02     1.000000         0.000000    
   sy_h_flat45    2.1186145000000002E-03     1.000000         0.000000    
   sy_h_flat46    9.8141037999999996E-03     1.000000         0.000000    
    sy_h_flat5    1.8200015000000000E-02     1.000000         0.000000    
   sy_h_flat51    2.6343030000000000E-02     1.000000         0.000000    
    sy_h_flat6    6.7458689999999998E-03     1.000000         0.000000    
    sy_h_flat7    8.0979044999999993E-03     1.000000         0.000000    
    sy_h_flat8    0.2426092800000000         1.000000         0.000000    
   sy_h_flat89    0.1525334400000000         1.000000         0.000000    
    sy_h_flat9    9.4544846000000002E-02     1.000000         0.000000    
     sy_hill11    4.9422444000000003E-03     1.000000         0.000000    
     sy_hill12    4.0037396999999999E-03     1.000000         0.000000    
     sy_hill13    5.7035779999999999E-03     1.000000         0.000000    
     sy_mang16    6.8318082000000000E-03     1.000000         0.000000    
     sy_mang17    0.2919403400000000         1.000000         0.000000    
     sy_mang18    5.5401660000000000E-03     1.000000         0.000000    
     sy_mang19    6.1409256000000004E-03     1.000000         0.000000    
     sy_mang20    3.7903462999999998E-02     1.000000         0.000000    
     sy_mang21    1.5246810000000000E-02     1.000000         0.000000    
     sy_mang22    5.8482743999999998E-03     1.000000         0.000000    
    sy_riv_g23    1.0315559000000000E-02     1.000000         0.000000    
    sy_riv_g24    9.6194821999999996E-03     1.000000         0.000000    
    sy_riv_g25    0.1778250800000000         1.000000         0.000000    
    sy_riv_g26    0.3000000000000000         1.000000         0.000000    
    sy_riv_g27    7.7091154999999996E-03     1.000000         0.000000    
    sy_riv_g28    6.3742939000000004E-03     1.000000         0.000000    
    sy_riv_g29    7.5892204000000000E-03     1.000000         0.000000    
    sy_riv_g30    1.5970610999999999E-02     1.000000         0.000000    
    sy_riv_g60    8.8762370000000004E-03     1.000000         0.000000    
    sy_riv_g61    9.5261271999999998E-03     1.000000         0.000000    
    sy_riv_g62    2.0736688999999999E-02     1.000000         0.000000    
    sy_riv_g63    8.6112672999999994E-03     1.000000         0.000000    
    sy_sandy31    7.2196641999999998E-03     1.000000         0.000000    
    sy_sandy32    8.9279615999999992E-03     1.000000         0.000000    
    sy_sandy70    7.9136806000000004E-03     1.000000         0.000000    
    sy_sandy71    8.0836867000000003E-03     1.000000         0.000000    
  sy_ss_mor_l0    8.1047022000000005E-05     1.000000         0.000000    
  sy_ss_mor_l1    1.3939644000000000E-04     1.000000         0.000000    
    sy_ss_rest    1.5456381000000001E-05     1.000000         0.000000    
  sy_sy_mor_l0    0.1291734600000000         1.000000         0.000000    
  sy_sy_mor_l1    9.9931430999999991E-04     1.000000         0.000000    
      sy_ter14    7.7238091000000004E-03     1.000000         0.000000    
      sy_ter15    7.1037683000000004E-03     1.000000         0.000000    
      sy_ter33    7.2111870999999996E-03     1.000000         0.000000    
      sy_ter34    0.1288349400000000         1.000000         0.000000    
      sy_ter35    0.2507149900000000         1.000000         0.000000    
      sy_ter36    8.5324146000000003E-02     1.000000         0.000000    
      sy_ter37    1.9510822000000001E-02     1.000000         0.000000    
      sy_ter38    0.1926258200000000         1.000000         0.000000    
      sy_ter39    2.9578560000000000E-02     1.000000         0.000000    
      sy_ter80    1.5607410000000000E-02     1.000000         0.000000    
      sy_ter81    3.3735987000000002E-02     1.000000         0.000000    
      sy_ter82    7.9840959000000000E-03     1.000000         0.000000    
      sy_ter83    1.6953312000000002E-02     1.000000         0.000000    
      sy_ter84    8.2186289999999999E-03     1.000000         0.000000    
      sy_ter85    5.9073595000000000E-02     1.000000         0.000000    
      sy_ter86    6.6131895000000000E-03     1.000000         0.000000    
      sy_ter87    4.6981641999999997E-02     1.000000         0.000000    
      sy_ter88    1.2303443000000001E-02     1.000000         0.000000    
