  single point
     hill_main    0.9802497400000000         1.000000         0.000000    
     hill_mang    0.9000000000000000         1.000000         0.000000    
       hill_se     1.028906500000000         1.000000         0.000000    
    kh_h_flat1     300.7118700000000         1.000000         0.000000    
   kh_h_flat10     414.7521900000000         1.000000         0.000000    
    kh_h_flat2     246.0029200000000         1.000000         0.000000    
    kh_h_flat3     304.3080400000000         1.000000         0.000000    
    kh_h_flat4     261.7864900000000         1.000000         0.000000    
   kh_h_flat45     311.3694000000000         1.000000         0.000000    
   kh_h_flat46     286.3282100000000         1.000000         0.000000    
    kh_h_flat5     341.9098700000000         1.000000         0.000000    
   kh_h_flat51     328.9412400000000         1.000000         0.000000    
    kh_h_flat6     518.1416600000000         1.000000         0.000000    
    kh_h_flat7     332.6319000000000         1.000000         0.000000    
    kh_h_flat8     356.2134500000000         1.000000         0.000000    
   kh_h_flat89     301.7457000000000         1.000000         0.000000    
    kh_h_flat9     298.0160900000000         1.000000         0.000000    
     kh_hill11     248.6311300000000         1.000000         0.000000    
     kh_hill12     309.2772200000000         1.000000         0.000000    
     kh_hill13     292.3438800000000         1.000000         0.000000    
       kh_lake     244.4127600000000         1.000000         0.000000    
     kh_mang16     285.4332500000000         1.000000         0.000000    
     kh_mang17     336.9466600000000         1.000000         0.000000    
     kh_mang18     249.2585200000000         1.000000         0.000000    
     kh_mang19     261.6127800000000         1.000000         0.000000    
     kh_mang20     249.0352400000000         1.000000         0.000000    
     kh_mang21     224.5964600000000         1.000000         0.000000    
     kh_mang22     267.5929200000000         1.000000         0.000000    
     kh_mor_l0     308.6577300000000         1.000000         0.000000    
     kh_mor_l1    1.0537281000000000E-04     1.000000         0.000000    
    kh_riv_g23     308.0359400000000         1.000000         0.000000    
    kh_riv_g24     296.4330200000000         1.000000         0.000000    
    kh_riv_g25     298.4543400000000         1.000000         0.000000    
    kh_riv_g26     270.9382000000000         1.000000         0.000000    
    kh_riv_g27     274.3019100000000         1.000000         0.000000    
    kh_riv_g28     276.6609600000000         1.000000         0.000000    
    kh_riv_g29     221.3694400000000         1.000000         0.000000    
    kh_riv_g30     319.3841500000000         1.000000         0.000000    
    kh_riv_g60     233.0030700000000         1.000000         0.000000    
    kh_riv_g61     183.6804400000000         1.000000         0.000000    
    kh_riv_g62     256.6283900000000         1.000000         0.000000    
    kh_riv_g63     332.4639300000000         1.000000         0.000000    
    kh_sandy31     221.7090800000000         1.000000         0.000000    
    kh_sandy32     271.5215200000000         1.000000         0.000000    
    kh_sandy70     233.8982000000000         1.000000         0.000000    
    kh_sandy71     243.5860600000000         1.000000         0.000000    
      kh_ter14     38.77165200000000         1.000000         0.000000    
      kh_ter15     60.53691800000000         1.000000         0.000000    
      kh_ter33     55.88660000000000         1.000000         0.000000    
      kh_ter34     54.48624400000000         1.000000         0.000000    
      kh_ter35     105.9643600000000         1.000000         0.000000    
      kh_ter36     35.22085600000000         1.000000         0.000000    
      kh_ter37     65.59267400000000         1.000000         0.000000    
      kh_ter38     27.96964300000000         1.000000         0.000000    
      kh_ter39     39.07857800000000         1.000000         0.000000    
      kh_ter80     48.98854400000000         1.000000         0.000000    
      kh_ter81     49.08330700000000         1.000000         0.000000    
      kh_ter82     58.41922700000000         1.000000         0.000000    
      kh_ter83     69.14095900000000         1.000000         0.000000    
      kh_ter84     99.62196299999999         1.000000         0.000000    
      kh_ter85     44.39526500000000         1.000000         0.000000    
      kh_ter86     44.94948700000000         1.000000         0.000000    
      kh_ter87     67.31571500000000         1.000000         0.000000    
      kh_ter88     35.20128400000000         1.000000         0.000000    
      race_all    0.9673065900000000         1.000000         0.000000    
       rch_all    0.9960716900000000         1.000000         0.000000    
        riv_c1     1018.282200000000         1.000000         0.000000    
     riv_gview     93.69603400000000         1.000000         0.000000    
        riv_h1     1051.377000000000         1.000000         0.000000    
        riv_h2     968.1559400000000         1.000000         0.000000    
        riv_h3     986.4641300000000         1.000000         0.000000    
      riv_john     82.28844900000000         1.000000         0.000000    
    sy_h_flat1    1.1740515999999999E-02     1.000000         0.000000    
   sy_h_flat10    1.0255169000000000E-02     1.000000         0.000000    
    sy_h_flat2    9.9404155000000008E-03     1.000000         0.000000    
    sy_h_flat3    9.3436826000000001E-03     1.000000         0.000000    
    sy_h_flat4    1.3230245000000000E-02     1.000000         0.000000    
   sy_h_flat45    1.0645645000000000E-02     1.000000         0.000000    
   sy_h_flat46    9.6702565000000001E-03     1.000000         0.000000    
    sy_h_flat5    1.0248228999999999E-02     1.000000         0.000000    
   sy_h_flat51    1.0055015000000000E-02     1.000000         0.000000    
    sy_h_flat6    8.9972388999999993E-03     1.000000         0.000000    
    sy_h_flat7    8.2355452999999992E-03     1.000000         0.000000    
    sy_h_flat8    1.4439386000000000E-02     1.000000         0.000000    
   sy_h_flat89    1.0437805000000000E-02     1.000000         0.000000    
    sy_h_flat9    1.1398095000000000E-02     1.000000         0.000000    
     sy_hill11    8.8662481999999994E-03     1.000000         0.000000    
     sy_hill12    8.1837109000000002E-03     1.000000         0.000000    
     sy_hill13    9.0270695000000001E-03     1.000000         0.000000    
     sy_mang16    9.4403973000000002E-03     1.000000         0.000000    
     sy_mang17    1.7052985999999999E-02     1.000000         0.000000    
     sy_mang18    8.2902688000000002E-03     1.000000         0.000000    
     sy_mang19    8.9484773000000004E-03     1.000000         0.000000    
     sy_mang20    1.0976324000000001E-02     1.000000         0.000000    
     sy_mang21    1.1285936999999999E-02     1.000000         0.000000    
     sy_mang22    9.2436040000000008E-03     1.000000         0.000000    
    sy_riv_g23    1.0877173000000000E-02     1.000000         0.000000    
    sy_riv_g24    9.9973904999999998E-03     1.000000         0.000000    
    sy_riv_g25    1.3371615000000000E-02     1.000000         0.000000    
    sy_riv_g26    1.4442085000000000E-02     1.000000         0.000000    
    sy_riv_g27    9.6833031000000003E-03     1.000000         0.000000    
    sy_riv_g28    9.0839298999999991E-03     1.000000         0.000000    
    sy_riv_g29    9.8032129999999999E-03     1.000000         0.000000    
    sy_riv_g30    1.0351394999999999E-02     1.000000         0.000000    
    sy_riv_g60    1.0010003000000000E-02     1.000000         0.000000    
    sy_riv_g61    1.0119988999999999E-02     1.000000         0.000000    
    sy_riv_g62    1.0346350000000001E-02     1.000000         0.000000    
    sy_riv_g63    9.8996814000000006E-03     1.000000         0.000000    
    sy_sandy31    1.0047268999999999E-02     1.000000         0.000000    
    sy_sandy32    1.0176192000000001E-02     1.000000         0.000000    
    sy_sandy70    1.0137672000000000E-02     1.000000         0.000000    
    sy_sandy71    9.8670588999999996E-03     1.000000         0.000000    
  sy_ss_mor_l0    9.4892207999999994E-05     1.000000         0.000000    
  sy_ss_mor_l1    1.1016629000000000E-04     1.000000         0.000000    
    sy_ss_rest    6.9618263000000003E-05     1.000000         0.000000    
  sy_sy_mor_l0    1.4860346000000000E-02     1.000000         0.000000    
  sy_sy_mor_l1    1.0000000000000000E-03     1.000000         0.000000    
      sy_ter14    9.9418803000000007E-03     1.000000         0.000000    
      sy_ter15    1.0635070999999999E-02     1.000000         0.000000    
      sy_ter33    1.0049430000000000E-02     1.000000         0.000000    
      sy_ter34    1.2261450000000000E-02     1.000000         0.000000    
      sy_ter35    1.5531896999999999E-02     1.000000         0.000000    
      sy_ter36    1.1573394000000001E-02     1.000000         0.000000    
      sy_ter37    1.1252610000000000E-02     1.000000         0.000000    
      sy_ter38    1.1403706000000000E-02     1.000000         0.000000    
      sy_ter39    1.2011925000000000E-02     1.000000         0.000000    
      sy_ter80    9.5378219000000000E-03     1.000000         0.000000    
      sy_ter81    1.0985141000000000E-02     1.000000         0.000000    
      sy_ter82    9.8599939000000008E-03     1.000000         0.000000    
      sy_ter83    1.2136589000000000E-02     1.000000         0.000000    
      sy_ter84    9.7828036000000007E-03     1.000000         0.000000    
      sy_ter85    1.1116285000000000E-02     1.000000         0.000000    
      sy_ter86    9.4272644999999992E-03     1.000000         0.000000    
      sy_ter87    1.0353749000000001E-02     1.000000         0.000000    
      sy_ter88    1.0424566000000000E-02     1.000000         0.000000    
