  single point
     hill_main    0.8000000000000000         1.000000         0.000000    
     hill_mang     1.200000000000000         1.000000         0.000000    
       hill_se     1.200000000000000         1.000000         0.000000    
    kh_h_flat1     117.0227000000000         1.000000         0.000000    
   kh_h_flat10     69.44148199999999         1.000000         0.000000    
    kh_h_flat2     438.6982600000000         1.000000         0.000000    
    kh_h_flat3     1000.000000000000         1.000000         0.000000    
    kh_h_flat4     1000.000000000000         1.000000         0.000000    
   kh_h_flat45     1000.000000000000         1.000000         0.000000    
   kh_h_flat46     4.131193900000000         1.000000         0.000000    
    kh_h_flat5     1000.000000000000         1.000000         0.000000    
   kh_h_flat51     1000.000000000000         1.000000         0.000000    
    kh_h_flat6     134.5545800000000         1.000000         0.000000    
    kh_h_flat7     1000.000000000000         1.000000         0.000000    
    kh_h_flat8     1000.000000000000         1.000000         0.000000    
   kh_h_flat89     8.057595500000000         1.000000         0.000000    
    kh_h_flat9     370.4943200000000         1.000000         0.000000    
     kh_hill11     106.7064000000000         1.000000         0.000000    
     kh_hill12     460.0773000000000         1.000000         0.000000    
     kh_hill13     173.7066700000000         1.000000         0.000000    
       kh_lake     3.284595100000000         1.000000         0.000000    
     kh_mang16     19.28195300000000         1.000000         0.000000    
     kh_mang17     61.45532900000000         1.000000         0.000000    
     kh_mang18     22.01080900000000         1.000000         0.000000    
     kh_mang19     21.04956400000000         1.000000         0.000000    
     kh_mang20     90.57405799999999         1.000000         0.000000    
     kh_mang21     41.65452800000000         1.000000         0.000000    
     kh_mang22     66.96161100000000         1.000000         0.000000    
     kh_mor_l0     1000.000000000000         1.000000         0.000000    
     kh_mor_l1    1.1761173999999999E-04     1.000000         0.000000    
    kh_riv_g23     73.17177500000000         1.000000         0.000000    
    kh_riv_g24     75.71965800000000         1.000000         0.000000    
    kh_riv_g25     601.5392200000000         1.000000         0.000000    
    kh_riv_g26     1000.000000000000         1.000000         0.000000    
    kh_riv_g27     90.39966200000001         1.000000         0.000000    
    kh_riv_g28     35.41714400000000         1.000000         0.000000    
    kh_riv_g29     103.5967000000000         1.000000         0.000000    
    kh_riv_g30     426.1172500000000         1.000000         0.000000    
    kh_riv_g60     18.21062800000000         1.000000         0.000000    
    kh_riv_g61     13.75493500000000         1.000000         0.000000    
    kh_riv_g62     27.66084300000000         1.000000         0.000000    
    kh_riv_g63     499.5507400000000         1.000000         0.000000    
    kh_sandy31     2.152998200000000         1.000000         0.000000    
    kh_sandy32     104.9138300000000         1.000000         0.000000    
    kh_sandy70     13.09722100000000         1.000000         0.000000    
    kh_sandy71     107.0044600000000         1.000000         0.000000    
      kh_ter14     9.557458900000000         1.000000         0.000000    
      kh_ter15     497.4520100000000         1.000000         0.000000    
      kh_ter33     229.4935600000000         1.000000         0.000000    
      kh_ter34     18.70353000000000         1.000000         0.000000    
      kh_ter35     1000.000000000000         1.000000         0.000000    
      kh_ter36     7.173643900000000         1.000000         0.000000    
      kh_ter37     1000.000000000000         1.000000         0.000000    
      kh_ter38    0.1022844200000000         1.000000         0.000000    
      kh_ter39    0.4751252000000000         1.000000         0.000000    
      kh_ter80     3.491509200000000         1.000000         0.000000    
      kh_ter81     55.63387800000000         1.000000         0.000000    
      kh_ter82     324.0817200000000         1.000000         0.000000    
      kh_ter83     205.5173500000000         1.000000         0.000000    
      kh_ter84     1000.000000000000         1.000000         0.000000    
      kh_ter85     13.08567100000000         1.000000         0.000000    
      kh_ter86     10.15907100000000         1.000000         0.000000    
      kh_ter87     133.7153400000000         1.000000         0.000000    
      kh_ter88     5.754845500000000         1.000000         0.000000    
      race_all     1.200000000000000         1.000000         0.000000    
       rch_all    0.5000000000000000         1.000000         0.000000    
        riv_c1     155.4899500000000         1.000000         0.000000    
     riv_gview     54.47817300000000         1.000000         0.000000    
        riv_h1     1486.583400000000         1.000000         0.000000    
        riv_h2     705.2365700000000         1.000000         0.000000    
        riv_h3     3381.415600000000         1.000000         0.000000    
      riv_john     50.00000000000000         1.000000         0.000000    
    sy_h_flat1    1.0628129000000000E-02     1.000000         0.000000    
   sy_h_flat10    1.1470606000000000E-02     1.000000         0.000000    
    sy_h_flat2    1.1616537000000000E-02     1.000000         0.000000    
    sy_h_flat3    2.2971741000000000E-03     1.000000         0.000000    
    sy_h_flat4    5.8120466000000003E-02     1.000000         0.000000    
   sy_h_flat45    4.7698675999999999E-04     1.000000         0.000000    
   sy_h_flat46    4.6058252000000001E-03     1.000000         0.000000    
    sy_h_flat5    1.6518716999999999E-02     1.000000         0.000000    
   sy_h_flat51    3.3706963999999999E-02     1.000000         0.000000    
    sy_h_flat6    6.4540151000000000E-03     1.000000         0.000000    
    sy_h_flat7    1.4565341000000001E-02     1.000000         0.000000    
    sy_h_flat8    0.2417981400000000         1.000000         0.000000    
   sy_h_flat89    0.3000000000000000         1.000000         0.000000    
    sy_h_flat9    0.1425319200000000         1.000000         0.000000    
     sy_hill11    5.1188453999999996E-03     1.000000         0.000000    
     sy_hill12    3.7265134000000000E-03     1.000000         0.000000    
     sy_hill13    5.5173412999999999E-03     1.000000         0.000000    
     sy_mang16    1.0829480000000001E-02     1.000000         0.000000    
     sy_mang17    0.2207855200000000         1.000000         0.000000    
     sy_mang18    7.1675528999999997E-03     1.000000         0.000000    
     sy_mang19    1.1118055000000000E-02     1.000000         0.000000    
     sy_mang20    6.1499850000000002E-02     1.000000         0.000000    
     sy_mang21    1.1354275000000000E-02     1.000000         0.000000    
     sy_mang22    5.3969517999999999E-03     1.000000         0.000000    
    sy_riv_g23    7.9274432000000002E-03     1.000000         0.000000    
    sy_riv_g24    7.1740438000000000E-03     1.000000         0.000000    
    sy_riv_g25    0.1366571900000000         1.000000         0.000000    
    sy_riv_g26    0.3000000000000000         1.000000         0.000000    
    sy_riv_g27    6.3085333000000004E-03     1.000000         0.000000    
    sy_riv_g28    5.3536000000000000E-03     1.000000         0.000000    
    sy_riv_g29    7.1207583999999997E-03     1.000000         0.000000    
    sy_riv_g30    2.2129347000000001E-02     1.000000         0.000000    
    sy_riv_g60    8.1949221999999995E-03     1.000000         0.000000    
    sy_riv_g61    9.5614229999999995E-03     1.000000         0.000000    
    sy_riv_g62    2.9421649000000001E-02     1.000000         0.000000    
    sy_riv_g63    8.9862879000000007E-03     1.000000         0.000000    
    sy_sandy31    7.6814485999999998E-03     1.000000         0.000000    
    sy_sandy32    8.5272621000000003E-03     1.000000         0.000000    
    sy_sandy70    9.7861783999999997E-03     1.000000         0.000000    
    sy_sandy71    8.7562087000000004E-03     1.000000         0.000000    
  sy_ss_mor_l0    8.1898650999999995E-05     1.000000         0.000000    
  sy_ss_mor_l1    1.3992405999999999E-04     1.000000         0.000000    
    sy_ss_rest    1.2583442000000000E-05     1.000000         0.000000    
  sy_sy_mor_l0    0.1458288600000000         1.000000         0.000000    
  sy_sy_mor_l1    9.9931331999999996E-04     1.000000         0.000000    
      sy_ter14    7.9660033999999994E-03     1.000000         0.000000    
      sy_ter15    6.6502439999999996E-03     1.000000         0.000000    
      sy_ter33    7.1418369999999998E-03     1.000000         0.000000    
      sy_ter34    0.1592855800000000         1.000000         0.000000    
      sy_ter35    0.1173931000000000         1.000000         0.000000    
      sy_ter36    4.7313690999999998E-02     1.000000         0.000000    
      sy_ter37    2.2508308000000001E-02     1.000000         0.000000    
      sy_ter38    0.3000000000000000         1.000000         0.000000    
      sy_ter39    2.2093895999999998E-02     1.000000         0.000000    
      sy_ter80    1.0001407000000000E-02     1.000000         0.000000    
      sy_ter81    4.2910991000000002E-02     1.000000         0.000000    
      sy_ter82    7.2846439999999998E-03     1.000000         0.000000    
      sy_ter83    2.0778222999999998E-02     1.000000         0.000000    
      sy_ter84    7.5696590000000003E-03     1.000000         0.000000    
      sy_ter85    0.1926444200000000         1.000000         0.000000    
      sy_ter86    7.5470019000000001E-03     1.000000         0.000000    
      sy_ter87    3.5311800999999997E-02     1.000000         0.000000    
      sy_ter88    1.0187007000000000E-02     1.000000         0.000000    
