  single point
     hill_main    0.8000000000000000         1.000000         0.000000    
     hill_mang     1.200000000000000         1.000000         0.000000    
       hill_se     1.200000000000000         1.000000         0.000000    
    kh_h_flat1     129.6031400000000         1.000000         0.000000    
   kh_h_flat10     694.4148200000000         1.000000         0.000000    
    kh_h_flat2     374.9909400000000         1.000000         0.000000    
    kh_h_flat3     1000.000000000000         1.000000         0.000000    
    kh_h_flat4     745.4172000000000         1.000000         0.000000    
   kh_h_flat45     1000.000000000000         1.000000         0.000000    
   kh_h_flat46     13.35507700000000         1.000000         0.000000    
    kh_h_flat5     1000.000000000000         1.000000         0.000000    
   kh_h_flat51     1000.000000000000         1.000000         0.000000    
    kh_h_flat6     625.9423100000000         1.000000         0.000000    
    kh_h_flat7     1000.000000000000         1.000000         0.000000    
    kh_h_flat8     1000.000000000000         1.000000         0.000000    
   kh_h_flat89     7.774232800000000         1.000000         0.000000    
    kh_h_flat9     390.2249500000000         1.000000         0.000000    
     kh_hill11     151.7035500000000         1.000000         0.000000    
     kh_hill12     488.2343200000000         1.000000         0.000000    
     kh_hill13     192.3918400000000         1.000000         0.000000    
       kh_lake     7.211896300000000         1.000000         0.000000    
     kh_mang16     21.22833000000000         1.000000         0.000000    
     kh_mang17     50.41921800000000         1.000000         0.000000    
     kh_mang18     17.73358600000000         1.000000         0.000000    
     kh_mang19     46.73677700000000         1.000000         0.000000    
     kh_mang20     145.5439800000000         1.000000         0.000000    
     kh_mang21     41.15528700000000         1.000000         0.000000    
     kh_mang22     81.69044100000001         1.000000         0.000000    
     kh_mor_l0     800.3304700000000         1.000000         0.000000    
     kh_mor_l1    1.1646820000000000E-04     1.000000         0.000000    
    kh_riv_g23     78.79833300000000         1.000000         0.000000    
    kh_riv_g24     73.00875000000001         1.000000         0.000000    
    kh_riv_g25     363.4336600000000         1.000000         0.000000    
    kh_riv_g26     379.0328300000000         1.000000         0.000000    
    kh_riv_g27     98.95285400000000         1.000000         0.000000    
    kh_riv_g28     35.47599800000000         1.000000         0.000000    
    kh_riv_g29     72.88299600000001         1.000000         0.000000    
    kh_riv_g30     443.2777400000000         1.000000         0.000000    
    kh_riv_g60     16.44892100000000         1.000000         0.000000    
    kh_riv_g61     15.47798500000000         1.000000         0.000000    
    kh_riv_g62     29.82265100000000         1.000000         0.000000    
    kh_riv_g63     285.4133200000000         1.000000         0.000000    
    kh_sandy31     4.292167700000000         1.000000         0.000000    
    kh_sandy32     137.0660600000000         1.000000         0.000000    
    kh_sandy70     7.782062600000000         1.000000         0.000000    
    kh_sandy71     74.58415900000000         1.000000         0.000000    
      kh_ter14     12.23290600000000         1.000000         0.000000    
      kh_ter15     481.1997400000000         1.000000         0.000000    
      kh_ter33     315.9883800000000         1.000000         0.000000    
      kh_ter34     15.38837400000000         1.000000         0.000000    
      kh_ter35     1000.000000000000         1.000000         0.000000    
      kh_ter36     7.304282100000000         1.000000         0.000000    
      kh_ter37     389.3826000000000         1.000000         0.000000    
      kh_ter38    0.1762888500000000         1.000000         0.000000    
      kh_ter39    0.8056546800000000         1.000000         0.000000    
      kh_ter80     4.114389100000000         1.000000         0.000000    
      kh_ter81     30.22978100000000         1.000000         0.000000    
      kh_ter82     269.9610400000000         1.000000         0.000000    
      kh_ter83     189.2475200000000         1.000000         0.000000    
      kh_ter84     698.4013300000000         1.000000         0.000000    
      kh_ter85     14.15523100000000         1.000000         0.000000    
      kh_ter86     13.89329100000000         1.000000         0.000000    
      kh_ter87     35.47647100000000         1.000000         0.000000    
      kh_ter88     6.966923500000000         1.000000         0.000000    
      race_all     1.200000000000000         1.000000         0.000000    
       rch_all    0.5000000000000000         1.000000         0.000000    
        riv_c1     146.9907700000000         1.000000         0.000000    
     riv_gview     62.91191300000000         1.000000         0.000000    
        riv_h1     1673.691500000000         1.000000         0.000000    
        riv_h2     876.6250800000000         1.000000         0.000000    
        riv_h3     3334.629800000000         1.000000         0.000000    
      riv_john     50.00000000000000         1.000000         0.000000    
    sy_h_flat1    1.9463643999999999E-02     1.000000         0.000000    
   sy_h_flat10    9.3749687999999994E-03     1.000000         0.000000    
    sy_h_flat2    1.4902352000000001E-02     1.000000         0.000000    
    sy_h_flat3    2.8501578000000001E-03     1.000000         0.000000    
    sy_h_flat4    2.7455414000000001E-02     1.000000         0.000000    
   sy_h_flat45    2.1566755000000000E-03     1.000000         0.000000    
   sy_h_flat46    1.0169399000000001E-02     1.000000         0.000000    
    sy_h_flat5    1.8626780999999999E-02     1.000000         0.000000    
   sy_h_flat51    3.1770778000000000E-02     1.000000         0.000000    
    sy_h_flat6    6.6675822999999997E-03     1.000000         0.000000    
    sy_h_flat7    8.3289495999999998E-03     1.000000         0.000000    
    sy_h_flat8    0.2747835100000000         1.000000         0.000000    
   sy_h_flat89    0.2542067100000000         1.000000         0.000000    
    sy_h_flat9    0.1439459100000000         1.000000         0.000000    
     sy_hill11    4.8842777999999996E-03     1.000000         0.000000    
     sy_hill12    3.9555409999999999E-03     1.000000         0.000000    
     sy_hill13    5.6826825000000003E-03     1.000000         0.000000    
     sy_mang16    6.8415363000000002E-03     1.000000         0.000000    
     sy_mang17    0.2560629300000000         1.000000         0.000000    
     sy_mang18    7.0583123000000003E-03     1.000000         0.000000    
     sy_mang19    7.7901482999999999E-03     1.000000         0.000000    
     sy_mang20    5.1387765000000002E-02     1.000000         0.000000    
     sy_mang21    1.8234144000000001E-02     1.000000         0.000000    
     sy_mang22    5.6549952000000004E-03     1.000000         0.000000    
    sy_riv_g23    1.0267406000000000E-02     1.000000         0.000000    
    sy_riv_g24    9.6703547999999993E-03     1.000000         0.000000    
    sy_riv_g25    0.1896732600000000         1.000000         0.000000    
    sy_riv_g26    0.3000000000000000         1.000000         0.000000    
    sy_riv_g27    7.6800595999999997E-03     1.000000         0.000000    
    sy_riv_g28    6.3940144999999997E-03     1.000000         0.000000    
    sy_riv_g29    7.6122921000000001E-03     1.000000         0.000000    
    sy_riv_g30    1.5874494999999999E-02     1.000000         0.000000    
    sy_riv_g60    8.7853446999999994E-03     1.000000         0.000000    
    sy_riv_g61    9.7936715000000001E-03     1.000000         0.000000    
    sy_riv_g62    2.4916544999999998E-02     1.000000         0.000000    
    sy_riv_g63    9.0290456000000005E-03     1.000000         0.000000    
    sy_sandy31    7.3669979999999996E-03     1.000000         0.000000    
    sy_sandy32    9.0494800000000004E-03     1.000000         0.000000    
    sy_sandy70    8.3264697999999998E-03     1.000000         0.000000    
    sy_sandy71    8.0976450000000005E-03     1.000000         0.000000    
  sy_ss_mor_l0    8.0952785000000001E-05     1.000000         0.000000    
  sy_ss_mor_l1    1.3920389000000001E-04     1.000000         0.000000    
    sy_ss_rest    1.6097181000000000E-05     1.000000         0.000000    
  sy_sy_mor_l0    0.1108699500000000         1.000000         0.000000    
  sy_sy_mor_l1    9.9931430999999991E-04     1.000000         0.000000    
      sy_ter14    7.4172934999999999E-03     1.000000         0.000000    
      sy_ter15    6.9945757999999997E-03     1.000000         0.000000    
      sy_ter33    7.6258832999999996E-03     1.000000         0.000000    
      sy_ter34    0.1438834500000000         1.000000         0.000000    
      sy_ter35    0.2616793300000000         1.000000         0.000000    
      sy_ter36    0.1075159300000000         1.000000         0.000000    
      sy_ter37    2.2965413000000000E-02     1.000000         0.000000    
      sy_ter38    0.2622146700000000         1.000000         0.000000    
      sy_ter39    2.6385074000000001E-02     1.000000         0.000000    
      sy_ter80    1.5840652000000000E-02     1.000000         0.000000    
      sy_ter81    3.5189937999999997E-02     1.000000         0.000000    
      sy_ter82    7.9656944000000007E-03     1.000000         0.000000    
      sy_ter83    1.7658159999999999E-02     1.000000         0.000000    
      sy_ter84    8.1601313999999994E-03     1.000000         0.000000    
      sy_ter85    7.8535301000000002E-02     1.000000         0.000000    
      sy_ter86    6.9484369000000004E-03     1.000000         0.000000    
      sy_ter87    5.3034691000000002E-02     1.000000         0.000000    
      sy_ter88    1.2241693999999999E-02     1.000000         0.000000    
