  single point
     hill_main    0.8000000000000000         1.000000         0.000000    
     hill_mang    0.9001189800000000         1.000000         0.000000    
       hill_se     1.031874300000000         1.000000         0.000000    
    kh_h_flat1     143.9810300000000         1.000000         0.000000    
   kh_h_flat10     1000.000000000000         1.000000         0.000000    
    kh_h_flat2     309.2643100000000         1.000000         0.000000    
    kh_h_flat3     600.2059700000000         1.000000         0.000000    
    kh_h_flat4     184.6300900000000         1.000000         0.000000    
   kh_h_flat45     622.6011900000000         1.000000         0.000000    
   kh_h_flat46     93.07548600000000         1.000000         0.000000    
    kh_h_flat5     1000.000000000000         1.000000         0.000000    
   kh_h_flat51     1000.000000000000         1.000000         0.000000    
    kh_h_flat6     1000.000000000000         1.000000         0.000000    
    kh_h_flat7     1000.000000000000         1.000000         0.000000    
    kh_h_flat8     1000.000000000000         1.000000         0.000000    
   kh_h_flat89     201.2861300000000         1.000000         0.000000    
    kh_h_flat9     1000.000000000000         1.000000         0.000000    
     kh_hill11     161.8368100000000         1.000000         0.000000    
     kh_hill12     394.2018000000000         1.000000         0.000000    
     kh_hill13     214.3206400000000         1.000000         0.000000    
       kh_lake     41.70592200000000         1.000000         0.000000    
     kh_mang16     27.56467500000000         1.000000         0.000000    
     kh_mang17     150.6108300000000         1.000000         0.000000    
     kh_mang18     52.88239600000000         1.000000         0.000000    
     kh_mang19     125.2421600000000         1.000000         0.000000    
     kh_mang20     190.5415200000000         1.000000         0.000000    
     kh_mang21     42.24549200000000         1.000000         0.000000    
     kh_mang22     100.2729700000000         1.000000         0.000000    
     kh_mor_l0     1000.000000000000         1.000000         0.000000    
     kh_mor_l1    1.1485828000000000E-04     1.000000         0.000000    
    kh_riv_g23     149.4401200000000         1.000000         0.000000    
    kh_riv_g24     190.0330600000000         1.000000         0.000000    
    kh_riv_g25     300.6201000000000         1.000000         0.000000    
    kh_riv_g26     274.9809000000000         1.000000         0.000000    
    kh_riv_g27     157.6508400000000         1.000000         0.000000    
    kh_riv_g28     76.49429800000000         1.000000         0.000000    
    kh_riv_g29     56.97522900000000         1.000000         0.000000    
    kh_riv_g30     323.3348800000000         1.000000         0.000000    
    kh_riv_g60     25.23563500000000         1.000000         0.000000    
    kh_riv_g61     22.06547100000000         1.000000         0.000000    
    kh_riv_g62     26.20304000000000         1.000000         0.000000    
    kh_riv_g63     382.9106400000000         1.000000         0.000000    
    kh_sandy31     57.03759100000000         1.000000         0.000000    
    kh_sandy32     165.0991500000000         1.000000         0.000000    
    kh_sandy70     37.41818800000000         1.000000         0.000000    
    kh_sandy71     77.36590300000000         1.000000         0.000000    
      kh_ter14     13.73767700000000         1.000000         0.000000    
      kh_ter15     257.4340400000000         1.000000         0.000000    
      kh_ter33     279.4968300000000         1.000000         0.000000    
      kh_ter34     9.691220899999999         1.000000         0.000000    
      kh_ter35     1000.000000000000         1.000000         0.000000    
      kh_ter36     13.22005200000000         1.000000         0.000000    
      kh_ter37     417.1282200000000         1.000000         0.000000    
      kh_ter38    0.4511414000000000         1.000000         0.000000    
      kh_ter39     4.440952900000000         1.000000         0.000000    
      kh_ter80     4.961166100000000         1.000000         0.000000    
      kh_ter81     55.10162100000000         1.000000         0.000000    
      kh_ter82     195.6456300000000         1.000000         0.000000    
      kh_ter83     190.2679800000000         1.000000         0.000000    
      kh_ter84     384.3327200000000         1.000000         0.000000    
      kh_ter85     29.37412400000000         1.000000         0.000000    
      kh_ter86     16.62512600000000         1.000000         0.000000    
      kh_ter87     59.58526900000000         1.000000         0.000000    
      kh_ter88     9.024374900000000         1.000000         0.000000    
      race_all     1.200000000000000         1.000000         0.000000    
       rch_all    0.8759482600000000         1.000000         0.000000    
        riv_c1     333.3132800000000         1.000000         0.000000    
     riv_gview     84.59207499999999         1.000000         0.000000    
        riv_h1     2212.408900000000         1.000000         0.000000    
        riv_h2     774.1309000000000         1.000000         0.000000    
        riv_h3     1963.739400000000         1.000000         0.000000    
      riv_john     51.20720900000000         1.000000         0.000000    
    sy_h_flat1    1.5559851000000000E-02     1.000000         0.000000    
   sy_h_flat10    9.2355487999999999E-03     1.000000         0.000000    
    sy_h_flat2    9.9725759000000008E-03     1.000000         0.000000    
    sy_h_flat3    2.7755177000000002E-03     1.000000         0.000000    
    sy_h_flat4    2.5114431999999999E-02     1.000000         0.000000    
   sy_h_flat45    2.0730261000000000E-03     1.000000         0.000000    
   sy_h_flat46    8.9589847000000004E-03     1.000000         0.000000    
    sy_h_flat5    1.6871183000000001E-02     1.000000         0.000000    
   sy_h_flat51    1.6332953000000001E-02     1.000000         0.000000    
    sy_h_flat6    6.7827292000000004E-03     1.000000         0.000000    
    sy_h_flat7    7.3261365999999998E-03     1.000000         0.000000    
    sy_h_flat8    0.1611575600000000         1.000000         0.000000    
   sy_h_flat89    5.1113407999999999E-02     1.000000         0.000000    
    sy_h_flat9    3.5529650000000003E-02     1.000000         0.000000    
     sy_hill11    5.0825007000000000E-03     1.000000         0.000000    
     sy_hill12    4.0972285000000002E-03     1.000000         0.000000    
     sy_hill13    5.7608190000000004E-03     1.000000         0.000000    
     sy_mang16    7.0228115999999997E-03     1.000000         0.000000    
     sy_mang17    0.1931737500000000         1.000000         0.000000    
     sy_mang18    2.4995802000000000E-03     1.000000         0.000000    
     sy_mang19    2.1878879999999998E-03     1.000000         0.000000    
     sy_mang20    1.2328937000000000E-02     1.000000         0.000000    
     sy_mang21    6.7472186000000003E-03     1.000000         0.000000    
     sy_mang22    5.9960481000000000E-03     1.000000         0.000000    
    sy_riv_g23    9.9350750999999994E-03     1.000000         0.000000    
    sy_riv_g24    9.4961080999999992E-03     1.000000         0.000000    
    sy_riv_g25    0.1413073700000000         1.000000         0.000000    
    sy_riv_g26    0.2722794400000000         1.000000         0.000000    
    sy_riv_g27    7.7988670999999997E-03     1.000000         0.000000    
    sy_riv_g28    6.4126100999999996E-03     1.000000         0.000000    
    sy_riv_g29    7.4950842999999996E-03     1.000000         0.000000    
    sy_riv_g30    1.5292155999999999E-02     1.000000         0.000000    
    sy_riv_g60    8.9723987999999998E-03     1.000000         0.000000    
    sy_riv_g61    8.9488616999999996E-03     1.000000         0.000000    
    sy_riv_g62    1.4946176000000000E-02     1.000000         0.000000    
    sy_riv_g63    7.9233703999999992E-03     1.000000         0.000000    
    sy_sandy31    6.8777194999999998E-03     1.000000         0.000000    
    sy_sandy32    8.5907346000000002E-03     1.000000         0.000000    
    sy_sandy70    6.9543805000000002E-03     1.000000         0.000000    
    sy_sandy71    7.8990476000000004E-03     1.000000         0.000000    
  sy_ss_mor_l0    8.1005353999999996E-05     1.000000         0.000000    
  sy_ss_mor_l1    1.3954157000000000E-04     1.000000         0.000000    
    sy_ss_rest    1.3123225000000000E-05     1.000000         0.000000    
  sy_sy_mor_l0    0.2225169400000000         1.000000         0.000000    
  sy_sy_mor_l1    9.9933424000000007E-04     1.000000         0.000000    
      sy_ter14    8.0870049999999995E-03     1.000000         0.000000    
      sy_ter15    7.7663864000000003E-03     1.000000         0.000000    
      sy_ter33    6.2140722000000002E-03     1.000000         0.000000    
      sy_ter34    8.0916465000000007E-02     1.000000         0.000000    
      sy_ter35    0.1753200100000000         1.000000         0.000000    
      sy_ter36    5.1135307999999997E-02     1.000000         0.000000    
      sy_ter37    1.3667986000000000E-02     1.000000         0.000000    
      sy_ter38    5.7476544999999997E-02     1.000000         0.000000    
      sy_ter39    3.4862819000000003E-02     1.000000         0.000000    
      sy_ter80    1.5423167000000000E-02     1.000000         0.000000    
      sy_ter81    2.7087864000000000E-02     1.000000         0.000000    
      sy_ter82    8.0297482000000007E-03     1.000000         0.000000    
      sy_ter83    1.4190856000000000E-02     1.000000         0.000000    
      sy_ter84    8.2617473000000004E-03     1.000000         0.000000    
      sy_ter85    2.8044402999999999E-02     1.000000         0.000000    
      sy_ter86    5.4207133999999999E-03     1.000000         0.000000    
      sy_ter87    2.6336496000000001E-02     1.000000         0.000000    
      sy_ter88    1.2168717000000001E-02     1.000000         0.000000    
