  single point
     hill_main    0.8000000000000000         1.000000         0.000000    
     hill_mang    0.8000000000000000         1.000000         0.000000    
       hill_se    0.9935495200000000         1.000000         0.000000    
    kh_h_flat1     407.7280900000000         1.000000         0.000000    
   kh_h_flat10     1000.000000000000         1.000000         0.000000    
    kh_h_flat2     40.37707600000000         1.000000         0.000000    
    kh_h_flat3     426.7362400000000         1.000000         0.000000    
    kh_h_flat4     141.9191100000000         1.000000         0.000000    
   kh_h_flat45     490.1902400000000         1.000000         0.000000    
   kh_h_flat46     108.0885200000000         1.000000         0.000000    
    kh_h_flat5     1000.000000000000         1.000000         0.000000    
   kh_h_flat51     1000.000000000000         1.000000         0.000000    
    kh_h_flat6     1000.000000000000         1.000000         0.000000    
    kh_h_flat7     1000.000000000000         1.000000         0.000000    
    kh_h_flat8     1000.000000000000         1.000000         0.000000    
   kh_h_flat89     304.0179500000000         1.000000         0.000000    
    kh_h_flat9     539.6969100000000         1.000000         0.000000    
     kh_hill11     150.4481800000000         1.000000         0.000000    
     kh_hill12     362.0191800000000         1.000000         0.000000    
     kh_hill13     225.5880600000000         1.000000         0.000000    
       kh_lake     62.98824300000000         1.000000         0.000000    
     kh_mang16     87.96555100000000         1.000000         0.000000    
     kh_mang17     273.2155600000000         1.000000         0.000000    
     kh_mang18     152.7278500000000         1.000000         0.000000    
     kh_mang19     165.7641700000000         1.000000         0.000000    
     kh_mang20     203.9406600000000         1.000000         0.000000    
     kh_mang21     41.94898000000000         1.000000         0.000000    
     kh_mang22     122.6108600000000         1.000000         0.000000    
     kh_mor_l0     591.7360100000000         1.000000         0.000000    
     kh_mor_l1    1.1438585000000000E-04     1.000000         0.000000    
    kh_riv_g23     186.3497200000000         1.000000         0.000000    
    kh_riv_g24     258.2596800000000         1.000000         0.000000    
    kh_riv_g25     313.8176600000000         1.000000         0.000000    
    kh_riv_g26     228.8585800000000         1.000000         0.000000    
    kh_riv_g27     177.7494100000000         1.000000         0.000000    
    kh_riv_g28     134.7000700000000         1.000000         0.000000    
    kh_riv_g29     58.49495000000000         1.000000         0.000000    
    kh_riv_g30     282.0455600000000         1.000000         0.000000    
    kh_riv_g60     27.39008200000000         1.000000         0.000000    
    kh_riv_g61     33.35060400000000         1.000000         0.000000    
    kh_riv_g62     51.86940000000000         1.000000         0.000000    
    kh_riv_g63     502.8645200000000         1.000000         0.000000    
    kh_sandy31     87.12562000000000         1.000000         0.000000    
    kh_sandy32     170.0681700000000         1.000000         0.000000    
    kh_sandy70     46.72226800000000         1.000000         0.000000    
    kh_sandy71     77.43802599999999         1.000000         0.000000    
      kh_ter14     13.97562400000000         1.000000         0.000000    
      kh_ter15     257.7664400000000         1.000000         0.000000    
      kh_ter33     244.8893200000000         1.000000         0.000000    
      kh_ter34     51.93996000000000         1.000000         0.000000    
      kh_ter35     1000.000000000000         1.000000         0.000000    
      kh_ter36     13.30756400000000         1.000000         0.000000    
      kh_ter37     485.0424900000000         1.000000         0.000000    
      kh_ter38     2.044263600000000         1.000000         0.000000    
      kh_ter39     7.507484600000000         1.000000         0.000000    
      kh_ter80     14.11481200000000         1.000000         0.000000    
      kh_ter81     90.29294000000000         1.000000         0.000000    
      kh_ter82     205.1211300000000         1.000000         0.000000    
      kh_ter83     171.0545800000000         1.000000         0.000000    
      kh_ter84     426.3932400000000         1.000000         0.000000    
      kh_ter85     27.85003000000000         1.000000         0.000000    
      kh_ter86     16.77618100000000         1.000000         0.000000    
      kh_ter87     121.7126800000000         1.000000         0.000000    
      kh_ter88     7.926270600000000         1.000000         0.000000    
      race_all    0.9099666500000000         1.000000         0.000000    
       rch_all    0.9839285200000000         1.000000         0.000000    
        riv_c1     612.2317000000000         1.000000         0.000000    
     riv_gview     90.36748200000000         1.000000         0.000000    
        riv_h1     2086.840000000000         1.000000         0.000000    
        riv_h2     529.3916900000000         1.000000         0.000000    
        riv_h3     1665.984500000000         1.000000         0.000000    
      riv_john     51.31647300000000         1.000000         0.000000    
    sy_h_flat1    1.4289158999999999E-02     1.000000         0.000000    
   sy_h_flat10    9.1763083999999995E-03     1.000000         0.000000    
    sy_h_flat2    7.8552472999999998E-03     1.000000         0.000000    
    sy_h_flat3    2.7361433000000000E-03     1.000000         0.000000    
    sy_h_flat4    2.3507270000000000E-02     1.000000         0.000000    
   sy_h_flat45    2.0616246000000000E-03     1.000000         0.000000    
   sy_h_flat46    8.3355887000000004E-03     1.000000         0.000000    
    sy_h_flat5    1.6006513999999999E-02     1.000000         0.000000    
   sy_h_flat51    1.1980591000000001E-02     1.000000         0.000000    
    sy_h_flat6    6.8307678000000000E-03     1.000000         0.000000    
    sy_h_flat7    6.5159839000000002E-03     1.000000         0.000000    
    sy_h_flat8    0.1074848600000000         1.000000         0.000000    
   sy_h_flat89    3.1242135000000001E-02     1.000000         0.000000    
    sy_h_flat9    2.0855902999999999E-02     1.000000         0.000000    
     sy_hill11    5.1319121999999998E-03     1.000000         0.000000    
     sy_hill12    4.1596827999999999E-03     1.000000         0.000000    
     sy_hill13    5.8070678000000002E-03     1.000000         0.000000    
     sy_mang16    6.5479364000000000E-03     1.000000         0.000000    
     sy_mang17    9.7248477999999999E-02     1.000000         0.000000    
     sy_mang18    2.0076933000000002E-03     1.000000         0.000000    
     sy_mang19    1.7412252000000000E-03     1.000000         0.000000    
     sy_mang20    1.0422958000000000E-02     1.000000         0.000000    
     sy_mang21    5.8555808999999999E-03     1.000000         0.000000    
     sy_mang22    5.4378509000000000E-03     1.000000         0.000000    
    sy_riv_g23    1.0141427000000000E-02     1.000000         0.000000    
    sy_riv_g24    9.4824819000000008E-03     1.000000         0.000000    
    sy_riv_g25    0.1289268500000000         1.000000         0.000000    
    sy_riv_g26    0.2490159700000000         1.000000         0.000000    
    sy_riv_g27    7.8393449999999993E-03     1.000000         0.000000    
    sy_riv_g28    6.4521543000000004E-03     1.000000         0.000000    
    sy_riv_g29    7.7729744000000003E-03     1.000000         0.000000    
    sy_riv_g30    1.4699702000000000E-02     1.000000         0.000000    
    sy_riv_g60    9.0522777999999995E-03     1.000000         0.000000    
    sy_riv_g61    8.8742672000000009E-03     1.000000         0.000000    
    sy_riv_g62    1.4019502000000000E-02     1.000000         0.000000    
    sy_riv_g63    7.8436918999999997E-03     1.000000         0.000000    
    sy_sandy31    6.8806364999999996E-03     1.000000         0.000000    
    sy_sandy32    8.6048484000000001E-03     1.000000         0.000000    
    sy_sandy70    6.8967222000000002E-03     1.000000         0.000000    
    sy_sandy71    7.8618045999999994E-03     1.000000         0.000000    
  sy_ss_mor_l0    8.0988967999999999E-05     1.000000         0.000000    
  sy_ss_mor_l1    1.3919339000000001E-04     1.000000         0.000000    
    sy_ss_rest    1.2217694000000000E-05     1.000000         0.000000    
  sy_sy_mor_l0    0.1934576300000000         1.000000         0.000000    
  sy_sy_mor_l1    9.9935108000000000E-04     1.000000         0.000000    
      sy_ter14    8.1138991000000004E-03     1.000000         0.000000    
      sy_ter15    7.7661707000000000E-03     1.000000         0.000000    
      sy_ter33    6.1137774999999997E-03     1.000000         0.000000    
      sy_ter34    4.8912789999999998E-02     1.000000         0.000000    
      sy_ter35    0.1298196500000000         1.000000         0.000000    
      sy_ter36    4.3852374999999999E-02     1.000000         0.000000    
      sy_ter37    1.2558988000000000E-02     1.000000         0.000000    
      sy_ter38    2.6765990000000000E-02     1.000000         0.000000    
      sy_ter39    3.5871288000000001E-02     1.000000         0.000000    
      sy_ter80    1.2942179000000000E-02     1.000000         0.000000    
      sy_ter81    2.2507598000000000E-02     1.000000         0.000000    
      sy_ter82    8.0726455999999992E-03     1.000000         0.000000    
      sy_ter83    1.2957455000000000E-02     1.000000         0.000000    
      sy_ter84    8.2309853999999998E-03     1.000000         0.000000    
      sy_ter85    2.1132850000000002E-02     1.000000         0.000000    
      sy_ter86    5.2532949999999998E-03     1.000000         0.000000    
      sy_ter87    1.4607444000000001E-02     1.000000         0.000000    
      sy_ter88    1.1975385999999999E-02     1.000000         0.000000    
