  single point
     hill_main    0.8000000000000000         1.000000         0.000000    
     hill_mang    0.8000000000000000         1.000000         0.000000    
       hill_se     1.001322000000000         1.000000         0.000000    
    kh_h_flat1     181.0963600000000         1.000000         0.000000    
   kh_h_flat10     1000.000000000000         1.000000         0.000000    
    kh_h_flat2     111.9801300000000         1.000000         0.000000    
    kh_h_flat3     411.5158800000000         1.000000         0.000000    
    kh_h_flat4     195.6722500000000         1.000000         0.000000    
   kh_h_flat45     403.7094000000000         1.000000         0.000000    
   kh_h_flat46     102.1208500000000         1.000000         0.000000    
    kh_h_flat5     1000.000000000000         1.000000         0.000000    
   kh_h_flat51     1000.000000000000         1.000000         0.000000    
    kh_h_flat6     1000.000000000000         1.000000         0.000000    
    kh_h_flat7     1000.000000000000         1.000000         0.000000    
    kh_h_flat8     1000.000000000000         1.000000         0.000000    
   kh_h_flat89     411.8015900000000         1.000000         0.000000    
    kh_h_flat9     1000.000000000000         1.000000         0.000000    
     kh_hill11     154.8195100000000         1.000000         0.000000    
     kh_hill12     376.0322300000000         1.000000         0.000000    
     kh_hill13     220.8000800000000         1.000000         0.000000    
       kh_lake     86.54962900000000         1.000000         0.000000    
     kh_mang16     74.82357100000000         1.000000         0.000000    
     kh_mang17     155.1985000000000         1.000000         0.000000    
     kh_mang18     108.1783600000000         1.000000         0.000000    
     kh_mang19     152.9427700000000         1.000000         0.000000    
     kh_mang20     199.1504500000000         1.000000         0.000000    
     kh_mang21     42.02665200000000         1.000000         0.000000    
     kh_mang22     116.2673300000000         1.000000         0.000000    
     kh_mor_l0     1000.000000000000         1.000000         0.000000    
     kh_mor_l1    1.1468819000000000E-04     1.000000         0.000000    
    kh_riv_g23     145.5197100000000         1.000000         0.000000    
    kh_riv_g24     223.7101600000000         1.000000         0.000000    
    kh_riv_g25     279.8349300000000         1.000000         0.000000    
    kh_riv_g26     246.6157700000000         1.000000         0.000000    
    kh_riv_g27     173.2569400000000         1.000000         0.000000    
    kh_riv_g28     110.6448800000000         1.000000         0.000000    
    kh_riv_g29     54.54794300000000         1.000000         0.000000    
    kh_riv_g30     290.5378500000000         1.000000         0.000000    
    kh_riv_g60     25.66146500000000         1.000000         0.000000    
    kh_riv_g61     25.88710300000000         1.000000         0.000000    
    kh_riv_g62     30.91640300000000         1.000000         0.000000    
    kh_riv_g63     414.6306000000000         1.000000         0.000000    
    kh_sandy31     79.43832700000000         1.000000         0.000000    
    kh_sandy32     168.7576500000000         1.000000         0.000000    
    kh_sandy70     44.25177400000000         1.000000         0.000000    
    kh_sandy71     77.28388900000000         1.000000         0.000000    
      kh_ter14     13.98163100000000         1.000000         0.000000    
      kh_ter15     256.3442000000000         1.000000         0.000000    
      kh_ter33     257.1663400000000         1.000000         0.000000    
      kh_ter34     14.74417800000000         1.000000         0.000000    
      kh_ter35     1000.000000000000         1.000000         0.000000    
      kh_ter36     12.73742400000000         1.000000         0.000000    
      kh_ter37     432.7390600000000         1.000000         0.000000    
      kh_ter38    0.7075810200000000         1.000000         0.000000    
      kh_ter39     5.799039100000000         1.000000         0.000000    
      kh_ter80     7.015216400000000         1.000000         0.000000    
      kh_ter81     61.76830600000000         1.000000         0.000000    
      kh_ter82     195.5005800000000         1.000000         0.000000    
      kh_ter83     185.8213600000000         1.000000         0.000000    
      kh_ter84     380.9098100000000         1.000000         0.000000    
      kh_ter85     27.49043500000000         1.000000         0.000000    
      kh_ter86     16.83358700000000         1.000000         0.000000    
      kh_ter87     74.04286800000000         1.000000         0.000000    
      kh_ter88     8.459194800000001         1.000000         0.000000    
      race_all     1.072782400000000         1.000000         0.000000    
       rch_all     1.005594900000000         1.000000         0.000000    
        riv_c1     416.4864100000000         1.000000         0.000000    
     riv_gview     92.81575599999999         1.000000         0.000000    
        riv_h1     1720.283600000000         1.000000         0.000000    
        riv_h2     670.7371300000000         1.000000         0.000000    
        riv_h3     1777.538800000000         1.000000         0.000000    
      riv_john     51.45174800000000         1.000000         0.000000    
    sy_h_flat1    1.4539836000000000E-02     1.000000         0.000000    
   sy_h_flat10    9.1945150999999999E-03     1.000000         0.000000    
    sy_h_flat2    8.5093449999999998E-03     1.000000         0.000000    
    sy_h_flat3    2.7474503999999999E-03     1.000000         0.000000    
    sy_h_flat4    2.4020481999999999E-02     1.000000         0.000000    
   sy_h_flat45    2.0648888999999998E-03     1.000000         0.000000    
   sy_h_flat46    8.5081436000000003E-03     1.000000         0.000000    
    sy_h_flat5    1.6219737000000001E-02     1.000000         0.000000    
   sy_h_flat51    1.3594681000000001E-02     1.000000         0.000000    
    sy_h_flat6    6.8160822999999999E-03     1.000000         0.000000    
    sy_h_flat7    6.7597934000000002E-03     1.000000         0.000000    
    sy_h_flat8    0.1212571000000000         1.000000         0.000000    
   sy_h_flat89    3.6451332000000003E-02     1.000000         0.000000    
    sy_h_flat9    2.5627638000000001E-02     1.000000         0.000000    
     sy_hill11    5.1249525999999997E-03     1.000000         0.000000    
     sy_hill12    4.1365530999999999E-03     1.000000         0.000000    
     sy_hill13    5.7901462000000004E-03     1.000000         0.000000    
     sy_mang16    6.7161392000000004E-03     1.000000         0.000000    
     sy_mang17    9.7248477999999999E-02     1.000000         0.000000    
     sy_mang18    2.0740594000000002E-03     1.000000         0.000000    
     sy_mang19    1.7896527000000001E-03     1.000000         0.000000    
     sy_mang20    1.0808320000000000E-02     1.000000         0.000000    
     sy_mang21    6.0399993000000004E-03     1.000000         0.000000    
     sy_mang22    5.5931883999999999E-03     1.000000         0.000000    
    sy_riv_g23    9.9725778000000001E-03     1.000000         0.000000    
    sy_riv_g24    9.4807560999999995E-03     1.000000         0.000000    
    sy_riv_g25    0.1314306200000000         1.000000         0.000000    
    sy_riv_g26    0.2535959500000000         1.000000         0.000000    
    sy_riv_g27    7.8193896000000006E-03     1.000000         0.000000    
    sy_riv_g28    6.4312070000000004E-03     1.000000         0.000000    
    sy_riv_g29    7.6578354000000001E-03     1.000000         0.000000    
    sy_riv_g30    1.4824181000000001E-02     1.000000         0.000000    
    sy_riv_g60    8.9928678999999997E-03     1.000000         0.000000    
    sy_riv_g61    8.8823150000000000E-03     1.000000         0.000000    
    sy_riv_g62    1.4232774000000000E-02     1.000000         0.000000    
    sy_riv_g63    7.8535412999999991E-03     1.000000         0.000000    
    sy_sandy31    6.8760204999999998E-03     1.000000         0.000000    
    sy_sandy32    8.5954453000000007E-03     1.000000         0.000000    
    sy_sandy70    6.9099104000000001E-03     1.000000         0.000000    
    sy_sandy71    7.8834270999999997E-03     1.000000         0.000000    
  sy_ss_mor_l0    8.1000648000000003E-05     1.000000         0.000000    
  sy_ss_mor_l1    1.3928230999999999E-04     1.000000         0.000000    
    sy_ss_rest    1.2486921000000000E-05     1.000000         0.000000    
  sy_sy_mor_l0    0.2048081200000000         1.000000         0.000000    
  sy_sy_mor_l1    9.9935108000000000E-04     1.000000         0.000000    
      sy_ter14    8.0855674000000002E-03     1.000000         0.000000    
      sy_ter15    7.8731636000000001E-03     1.000000         0.000000    
      sy_ter33    6.1254474000000001E-03     1.000000         0.000000    
      sy_ter34    6.4120333000000002E-02     1.000000         0.000000    
      sy_ter35    0.1452845100000000         1.000000         0.000000    
      sy_ter36    4.5659746000000001E-02     1.000000         0.000000    
      sy_ter37    1.2817379000000000E-02     1.000000         0.000000    
      sy_ter38    3.7223614000000002E-02     1.000000         0.000000    
      sy_ter39    3.5609280000000000E-02     1.000000         0.000000    
      sy_ter80    1.4854523000000000E-02     1.000000         0.000000    
      sy_ter81    2.4221692000000000E-02     1.000000         0.000000    
      sy_ter82    8.0515169999999994E-03     1.000000         0.000000    
      sy_ter83    1.3296364000000000E-02     1.000000         0.000000    
      sy_ter84    8.2445786000000000E-03     1.000000         0.000000    
      sy_ter85    2.3009855999999999E-02     1.000000         0.000000    
      sy_ter86    5.2775918000000002E-03     1.000000         0.000000    
      sy_ter87    1.9730794999999999E-02     1.000000         0.000000    
      sy_ter88    1.2041945000000000E-02     1.000000         0.000000    
