  single point
     hill_main    0.8000000000000000         1.000000         0.000000    
     hill_mang    0.8701552700000000         1.000000         0.000000    
       hill_se     1.018982000000000         1.000000         0.000000    
    kh_h_flat1     184.0901600000000         1.000000         0.000000    
   kh_h_flat10     1000.000000000000         1.000000         0.000000    
    kh_h_flat2     172.4260000000000         1.000000         0.000000    
    kh_h_flat3     516.9870300000000         1.000000         0.000000    
    kh_h_flat4     193.0613100000000         1.000000         0.000000    
   kh_h_flat45     509.8319300000000         1.000000         0.000000    
   kh_h_flat46     92.56675500000000         1.000000         0.000000    
    kh_h_flat5     1000.000000000000         1.000000         0.000000    
   kh_h_flat51     1000.000000000000         1.000000         0.000000    
    kh_h_flat6     1000.000000000000         1.000000         0.000000    
    kh_h_flat7     1000.000000000000         1.000000         0.000000    
    kh_h_flat8     1000.000000000000         1.000000         0.000000    
   kh_h_flat89     290.4951500000000         1.000000         0.000000    
    kh_h_flat9     1000.000000000000         1.000000         0.000000    
     kh_hill11     157.3454400000000         1.000000         0.000000    
     kh_hill12     384.0976800000000         1.000000         0.000000    
     kh_hill13     216.9756600000000         1.000000         0.000000    
       kh_lake     62.40182900000000         1.000000         0.000000    
     kh_mang16     54.24766500000000         1.000000         0.000000    
     kh_mang17     209.4331600000000         1.000000         0.000000    
     kh_mang18     63.64676200000000         1.000000         0.000000    
     kh_mang19     133.7094400000000         1.000000         0.000000    
     kh_mang20     193.7510400000000         1.000000         0.000000    
     kh_mang21     42.29576900000000         1.000000         0.000000    
     kh_mang22     105.2405600000000         1.000000         0.000000    
     kh_mor_l0     1000.000000000000         1.000000         0.000000    
     kh_mor_l1    1.1482103000000001E-04     1.000000         0.000000    
    kh_riv_g23     151.7135900000000         1.000000         0.000000    
    kh_riv_g24     206.2243400000000         1.000000         0.000000    
    kh_riv_g25     281.3929700000000         1.000000         0.000000    
    kh_riv_g26     257.3519300000000         1.000000         0.000000    
    kh_riv_g27     164.6097100000000         1.000000         0.000000    
    kh_riv_g28     86.49336800000000         1.000000         0.000000    
    kh_riv_g29     56.34600900000000         1.000000         0.000000    
    kh_riv_g30     312.5377300000000         1.000000         0.000000    
    kh_riv_g60     25.61510800000000         1.000000         0.000000    
    kh_riv_g61     24.08688600000000         1.000000         0.000000    
    kh_riv_g62     29.66615200000000         1.000000         0.000000    
    kh_riv_g63     405.9185800000000         1.000000         0.000000    
    kh_sandy31     65.03896899999999         1.000000         0.000000    
    kh_sandy32     166.7431700000000         1.000000         0.000000    
    kh_sandy70     40.08513800000000         1.000000         0.000000    
    kh_sandy71     77.23989100000000         1.000000         0.000000    
      kh_ter14     13.85677900000000         1.000000         0.000000    
      kh_ter15     258.7466000000000         1.000000         0.000000    
      kh_ter33     271.4866700000000         1.000000         0.000000    
      kh_ter34     11.83699100000000         1.000000         0.000000    
      kh_ter35     1000.000000000000         1.000000         0.000000    
      kh_ter36     12.84577400000000         1.000000         0.000000    
      kh_ter37     424.1893100000000         1.000000         0.000000    
      kh_ter38    0.5399091400000000         1.000000         0.000000    
      kh_ter39     5.019460800000000         1.000000         0.000000    
      kh_ter80     5.863159100000000         1.000000         0.000000    
      kh_ter81     59.54001300000000         1.000000         0.000000    
      kh_ter82     196.1673000000000         1.000000         0.000000    
      kh_ter83     187.3123600000000         1.000000         0.000000    
      kh_ter84     387.0704700000000         1.000000         0.000000    
      kh_ter85     27.79203800000000         1.000000         0.000000    
      kh_ter86     16.72596800000000         1.000000         0.000000    
      kh_ter87     64.99074400000001         1.000000         0.000000    
      kh_ter88     8.796793800000000         1.000000         0.000000    
      race_all     1.172782400000000         1.000000         0.000000    
       rch_all    0.9518254300000000         1.000000         0.000000    
        riv_c1     388.5429900000000         1.000000         0.000000    
     riv_gview     87.95470500000000         1.000000         0.000000    
        riv_h1     1938.003800000000         1.000000         0.000000    
        riv_h2     758.3909900000000         1.000000         0.000000    
        riv_h3     1907.476300000000         1.000000         0.000000    
      riv_john     51.32735400000000         1.000000         0.000000    
    sy_h_flat1    1.5077587000000000E-02     1.000000         0.000000    
   sy_h_flat10    9.2184219000000008E-03     1.000000         0.000000    
    sy_h_flat2    9.2113099000000007E-03     1.000000         0.000000    
    sy_h_flat3    2.7613329999999999E-03     1.000000         0.000000    
    sy_h_flat4    2.4588490000000001E-02     1.000000         0.000000    
   sy_h_flat45    2.0698344000000001E-03     1.000000         0.000000    
   sy_h_flat46    8.7466706000000009E-03     1.000000         0.000000    
    sy_h_flat5    1.6587826000000000E-02     1.000000         0.000000    
   sy_h_flat51    1.4900523000000001E-02     1.000000         0.000000    
    sy_h_flat6    6.7980955999999999E-03     1.000000         0.000000    
    sy_h_flat7    7.0560190999999998E-03     1.000000         0.000000    
    sy_h_flat8    0.1404045800000000         1.000000         0.000000    
   sy_h_flat89    4.3111362000000000E-02     1.000000         0.000000    
    sy_h_flat9    3.0143387000000001E-02     1.000000         0.000000    
     sy_hill11    5.1063936999999997E-03     1.000000         0.000000    
     sy_hill12    4.1182346999999999E-03     1.000000         0.000000    
     sy_hill13    5.7750027000000002E-03     1.000000         0.000000    
     sy_mang16    6.9350766999999999E-03     1.000000         0.000000    
     sy_mang17    0.1529515300000000         1.000000         0.000000    
     sy_mang18    2.2941173000000001E-03     1.000000         0.000000    
     sy_mang19    1.9779051999999999E-03     1.000000         0.000000    
     sy_mang20    1.1374685000000001E-02     1.000000         0.000000    
     sy_mang21    6.3379728999999997E-03     1.000000         0.000000    
     sy_mang22    5.8563892999999997E-03     1.000000         0.000000    
    sy_riv_g23    9.9394510000000002E-03     1.000000         0.000000    
    sy_riv_g24    9.4890649999999997E-03     1.000000         0.000000    
    sy_riv_g25    0.1377165800000000         1.000000         0.000000    
    sy_riv_g26    0.2661572500000000         1.000000         0.000000    
    sy_riv_g27    7.8037729000000004E-03     1.000000         0.000000    
    sy_riv_g28    6.4132585000000004E-03     1.000000         0.000000    
    sy_riv_g29    7.5484641999999996E-03     1.000000         0.000000    
    sy_riv_g30    1.5126496999999999E-02     1.000000         0.000000    
    sy_riv_g60    8.9928678999999997E-03     1.000000         0.000000    
    sy_riv_g61    8.9270556000000008E-03     1.000000         0.000000    
    sy_riv_g62    1.4672296000000000E-02     1.000000         0.000000    
    sy_riv_g63    7.8980299000000007E-03     1.000000         0.000000    
    sy_sandy31    6.8753212999999999E-03     1.000000         0.000000    
    sy_sandy32    8.5919051999999996E-03     1.000000         0.000000    
    sy_sandy70    6.9286464000000002E-03     1.000000         0.000000    
    sy_sandy71    7.8900840999999999E-03     1.000000         0.000000    
  sy_ss_mor_l0    8.0982244000000006E-05     1.000000         0.000000    
  sy_ss_mor_l1    1.3944871999999999E-04     1.000000         0.000000    
    sy_ss_rest    1.2829315000000000E-05     1.000000         0.000000    
  sy_sy_mor_l0    0.2116243500000000         1.000000         0.000000    
  sy_sy_mor_l1    9.9935108000000000E-04     1.000000         0.000000    
      sy_ter14    8.0902652999999998E-03     1.000000         0.000000    
      sy_ter15    7.8292154000000006E-03     1.000000         0.000000    
      sy_ter33    6.1749780999999998E-03     1.000000         0.000000    
      sy_ter34    7.5475407999999994E-02     1.000000         0.000000    
      sy_ter35    0.1643059300000000         1.000000         0.000000    
      sy_ter36    4.9009461999999997E-02     1.000000         0.000000    
      sy_ter37    1.3332536000000001E-02     1.000000         0.000000    
      sy_ter38    4.8942810000000003E-02     1.000000         0.000000    
      sy_ter39    3.5169010000000001E-02     1.000000         0.000000    
      sy_ter80    1.5402971999999999E-02     1.000000         0.000000    
      sy_ter81    2.6022884000000000E-02     1.000000         0.000000    
      sy_ter82    8.0373717000000004E-03     1.000000         0.000000    
      sy_ter83    1.3831825000000001E-02     1.000000         0.000000    
      sy_ter84    8.2558304000000006E-03     1.000000         0.000000    
      sy_ter85    2.6057184000000001E-02     1.000000         0.000000    
      sy_ter86    5.3661517000000002E-03     1.000000         0.000000    
      sy_ter87    2.4196295999999999E-02     1.000000         0.000000    
      sy_ter88    1.2125709000000000E-02     1.000000         0.000000    
