  single point
     hill_main    0.8000000000000000         1.000000         0.000000    
     hill_mang     1.200000000000000         1.000000         0.000000    
       hill_se     1.200000000000000         1.000000         0.000000    
    kh_h_flat1     65.96746800000000         1.000000         0.000000    
   kh_h_flat10     15.08307000000000         1.000000         0.000000    
    kh_h_flat2     611.3729700000000         1.000000         0.000000    
    kh_h_flat3     1000.000000000000         1.000000         0.000000    
    kh_h_flat4     1000.000000000000         1.000000         0.000000    
   kh_h_flat45     1000.000000000000         1.000000         0.000000    
   kh_h_flat46    0.2149937300000000         1.000000         0.000000    
    kh_h_flat5     1000.000000000000         1.000000         0.000000    
   kh_h_flat51     1000.000000000000         1.000000         0.000000    
    kh_h_flat6     38.45017400000000         1.000000         0.000000    
    kh_h_flat7     1000.000000000000         1.000000         0.000000    
    kh_h_flat8     1000.000000000000         1.000000         0.000000    
   kh_h_flat89     3.668367800000000         1.000000         0.000000    
    kh_h_flat9     472.8715200000000         1.000000         0.000000    
     kh_hill11     4.473554800000000         1.000000         0.000000    
     kh_hill12     612.0033700000000         1.000000         0.000000    
     kh_hill13     82.56206700000000         1.000000         0.000000    
       kh_lake     21.93947600000000         1.000000         0.000000    
     kh_mang16     23.68918100000000         1.000000         0.000000    
     kh_mang17     33.61532800000000         1.000000         0.000000    
     kh_mang18     58.10798300000000         1.000000         0.000000    
     kh_mang19     5.282448800000000         1.000000         0.000000    
     kh_mang20     45.15798700000000         1.000000         0.000000    
     kh_mang21     42.94695000000000         1.000000         0.000000    
     kh_mang22     28.14471200000000         1.000000         0.000000    
     kh_mor_l0     1000.000000000000         1.000000         0.000000    
     kh_mor_l1    1.2683475000000000E-04     1.000000         0.000000    
    kh_riv_g23     53.81882500000000         1.000000         0.000000    
    kh_riv_g24     64.69334000000001         1.000000         0.000000    
    kh_riv_g25     1000.000000000000         1.000000         0.000000    
    kh_riv_g26     1000.000000000000         1.000000         0.000000    
    kh_riv_g27     85.92864100000000         1.000000         0.000000    
    kh_riv_g28     32.47272300000000         1.000000         0.000000    
    kh_riv_g29     60.79983500000000         1.000000         0.000000    
    kh_riv_g30     1000.000000000000         1.000000         0.000000    
    kh_riv_g60     7.829303100000000         1.000000         0.000000    
    kh_riv_g61     8.871970599999999         1.000000         0.000000    
    kh_riv_g62     40.75595800000000         1.000000         0.000000    
    kh_riv_g63     998.9330300000000         1.000000         0.000000    
    kh_sandy31     6.349850200000000         1.000000         0.000000    
    kh_sandy32     180.6723200000000         1.000000         0.000000    
    kh_sandy70     1.557256500000000         1.000000         0.000000    
    kh_sandy71     42.74126500000000         1.000000         0.000000    
      kh_ter14     6.025500400000000         1.000000         0.000000    
      kh_ter15     710.8431100000000         1.000000         0.000000    
      kh_ter33     71.67287100000000         1.000000         0.000000    
      kh_ter34     74.22784700000000         1.000000         0.000000    
      kh_ter35     999.9055600000000         1.000000         0.000000    
      kh_ter36     3.568106700000000         1.000000         0.000000    
      kh_ter37     1000.000000000000         1.000000         0.000000    
      kh_ter38    0.1548266100000000         1.000000         0.000000    
      kh_ter39    0.5830600500000001         1.000000         0.000000    
      kh_ter80    0.7442165300000000         1.000000         0.000000    
      kh_ter81     37.34275200000000         1.000000         0.000000    
      kh_ter82     999.1609900000000         1.000000         0.000000    
      kh_ter83     61.52579200000000         1.000000         0.000000    
      kh_ter84     1000.000000000000         1.000000         0.000000    
      kh_ter85     22.77732600000000         1.000000         0.000000    
      kh_ter86     5.445687000000000         1.000000         0.000000    
      kh_ter87     1000.000000000000         1.000000         0.000000    
      kh_ter88     6.787605100000000         1.000000         0.000000    
      race_all     1.200000000000000         1.000000         0.000000    
       rch_all    0.5000000000000000         1.000000         0.000000    
        riv_c1     128.6615800000000         1.000000         0.000000    
     riv_gview     383.2379600000000         1.000000         0.000000    
        riv_h1     1852.315900000000         1.000000         0.000000    
        riv_h2     3873.004200000000         1.000000         0.000000    
        riv_h3     5140.815700000000         1.000000         0.000000    
      riv_john     50.00000000000000         1.000000         0.000000    
    sy_h_flat1    2.5512555999999999E-03     1.000000         0.000000    
   sy_h_flat10    2.1145528000000000E-02     1.000000         0.000000    
    sy_h_flat2    3.1035437999999999E-02     1.000000         0.000000    
    sy_h_flat3    2.6469937000000001E-03     1.000000         0.000000    
    sy_h_flat4    0.3000000000000000         1.000000         0.000000    
   sy_h_flat45    4.6665937000000000E-04     1.000000         0.000000    
   sy_h_flat46    4.4274943999999997E-02     1.000000         0.000000    
    sy_h_flat5    1.7628169999999999E-02     1.000000         0.000000    
   sy_h_flat51    6.0231157000000000E-02     1.000000         0.000000    
    sy_h_flat6    5.8965954000000003E-03     1.000000         0.000000    
    sy_h_flat7    1.4605683000000000E-02     1.000000         0.000000    
    sy_h_flat8    7.4704335999999996E-02     1.000000         0.000000    
   sy_h_flat89    0.3000000000000000         1.000000         0.000000    
    sy_h_flat9    0.1038118000000000         1.000000         0.000000    
     sy_hill11    5.5459515999999997E-03     1.000000         0.000000    
     sy_hill12    3.4797051000000001E-03     1.000000         0.000000    
     sy_hill13    5.1816071999999996E-03     1.000000         0.000000    
     sy_mang16    1.3083826999999999E-02     1.000000         0.000000    
     sy_mang17    8.2570715000000003E-02     1.000000         0.000000    
     sy_mang18    8.5618940000000004E-03     1.000000         0.000000    
     sy_mang19    2.6150155000000001E-02     1.000000         0.000000    
     sy_mang20    6.6275766999999999E-02     1.000000         0.000000    
     sy_mang21    6.8979180999999999E-03     1.000000         0.000000    
     sy_mang22    4.4325685999999998E-03     1.000000         0.000000    
    sy_riv_g23    5.4095764000000003E-03     1.000000         0.000000    
    sy_riv_g24    5.6328888999999998E-03     1.000000         0.000000    
    sy_riv_g25    0.2678578900000000         1.000000         0.000000    
    sy_riv_g26    0.3000000000000000         1.000000         0.000000    
    sy_riv_g27    5.8136198000000002E-03     1.000000         0.000000    
    sy_riv_g28    1.7509639000000000E-03     1.000000         0.000000    
    sy_riv_g29    6.5209821999999999E-03     1.000000         0.000000    
    sy_riv_g30    3.2716203999999999E-02     1.000000         0.000000    
    sy_riv_g60    7.2727783999999998E-03     1.000000         0.000000    
    sy_riv_g61    5.4539499999999999E-03     1.000000         0.000000    
    sy_riv_g62    4.3890921999999999E-02     1.000000         0.000000    
    sy_riv_g63    1.1462612000000000E-02     1.000000         0.000000    
    sy_sandy31    7.7532330999999996E-03     1.000000         0.000000    
    sy_sandy32    8.9602729999999995E-03     1.000000         0.000000    
    sy_sandy70    1.4360530000000000E-02     1.000000         0.000000    
    sy_sandy71    1.1072014999999999E-02     1.000000         0.000000    
  sy_ss_mor_l0    8.3239847999999993E-05     1.000000         0.000000    
  sy_ss_mor_l1    1.2717199999999999E-04     1.000000         0.000000    
    sy_ss_rest    1.1105393000000000E-05     1.000000         0.000000    
  sy_sy_mor_l0    6.5571767000000003E-02     1.000000         0.000000    
  sy_sy_mor_l1    9.9928060999999991E-04     1.000000         0.000000    
      sy_ter14    1.2789675000000000E-02     1.000000         0.000000    
      sy_ter15    5.0630242999999998E-03     1.000000         0.000000    
      sy_ter33    1.0136398000000000E-02     1.000000         0.000000    
      sy_ter34    0.3000000000000000         1.000000         0.000000    
      sy_ter35    3.3810103000000001E-02     1.000000         0.000000    
      sy_ter36    0.1316327000000000         1.000000         0.000000    
      sy_ter37    8.9521032000000000E-02     1.000000         0.000000    
      sy_ter38    0.3000000000000000         1.000000         0.000000    
      sy_ter39    9.8479456999999992E-03     1.000000         0.000000    
      sy_ter80    1.9058336000000000E-03     1.000000         0.000000    
      sy_ter81    0.1888748800000000         1.000000         0.000000    
      sy_ter82    5.8270120999999999E-03     1.000000         0.000000    
      sy_ter83    3.9329719999999999E-02     1.000000         0.000000    
      sy_ter84    5.6531044999999997E-03     1.000000         0.000000    
      sy_ter85    0.1751479100000000         1.000000         0.000000    
      sy_ter86    1.2424490999999999E-02     1.000000         0.000000    
      sy_ter87    0.3000000000000000         1.000000         0.000000    
      sy_ter88    5.9655554999999997E-03     1.000000         0.000000    
