  single point
     hill_main    0.8114024399999999         1.000000         0.000000    
     hill_mang    0.9269381300000000         1.000000         0.000000    
       hill_se     1.051515100000000         1.000000         0.000000    
    kh_h_flat1     174.7243100000000         1.000000         0.000000    
   kh_h_flat10     1000.000000000000         1.000000         0.000000    
    kh_h_flat2     395.2739700000000         1.000000         0.000000    
    kh_h_flat3     747.6527400000000         1.000000         0.000000    
    kh_h_flat4     203.8395400000000         1.000000         0.000000    
   kh_h_flat45     714.8979000000000         1.000000         0.000000    
   kh_h_flat46     77.67744000000000         1.000000         0.000000    
    kh_h_flat5     1000.000000000000         1.000000         0.000000    
   kh_h_flat51     848.9821600000000         1.000000         0.000000    
    kh_h_flat6     994.0567300000000         1.000000         0.000000    
    kh_h_flat7     1000.000000000000         1.000000         0.000000    
    kh_h_flat8     1000.000000000000         1.000000         0.000000    
   kh_h_flat89     117.4294500000000         1.000000         0.000000    
    kh_h_flat9     1000.000000000000         1.000000         0.000000    
     kh_hill11     165.6370700000000         1.000000         0.000000    
     kh_hill12     403.5201600000000         1.000000         0.000000    
     kh_hill13     211.7331300000000         1.000000         0.000000    
       kh_lake     32.74092100000000         1.000000         0.000000    
     kh_mang16     17.38017700000000         1.000000         0.000000    
     kh_mang17     121.2426200000000         1.000000         0.000000    
     kh_mang18     46.58267100000000         1.000000         0.000000    
     kh_mang19     118.2001300000000         1.000000         0.000000    
     kh_mang20     187.2885800000000         1.000000         0.000000    
     kh_mang21     42.13233700000000         1.000000         0.000000    
     kh_mang22     95.10086200000001         1.000000         0.000000    
     kh_mor_l0     903.2851400000000         1.000000         0.000000    
     kh_mor_l1    1.1495812000000000E-04     1.000000         0.000000    
    kh_riv_g23     143.8406100000000         1.000000         0.000000    
    kh_riv_g24     167.9992400000000         1.000000         0.000000    
    kh_riv_g25     297.1656300000000         1.000000         0.000000    
    kh_riv_g26     280.0993400000000         1.000000         0.000000    
    kh_riv_g27     143.8148100000000         1.000000         0.000000    
    kh_riv_g28     64.75866000000001         1.000000         0.000000    
    kh_riv_g29     60.24632800000000         1.000000         0.000000    
    kh_riv_g30     347.2591000000000         1.000000         0.000000    
    kh_riv_g60     23.55895900000000         1.000000         0.000000    
    kh_riv_g61     20.00935500000000         1.000000         0.000000    
    kh_riv_g62     25.52985800000000         1.000000         0.000000    
    kh_riv_g63     375.2691300000000         1.000000         0.000000    
    kh_sandy31     47.29815900000000         1.000000         0.000000    
    kh_sandy32     162.7112000000000         1.000000         0.000000    
    kh_sandy70     33.97586500000000         1.000000         0.000000    
    kh_sandy71     77.35082000000000         1.000000         0.000000    
      kh_ter14     13.61460700000000         1.000000         0.000000    
      kh_ter15     260.3424300000000         1.000000         0.000000    
      kh_ter33     289.3436200000000         1.000000         0.000000    
      kh_ter34     8.676946500000000         1.000000         0.000000    
      kh_ter35     938.5622800000000         1.000000         0.000000    
      kh_ter36     12.26606800000000         1.000000         0.000000    
      kh_ter37     408.2654000000000         1.000000         0.000000    
      kh_ter38    0.4015568800000000         1.000000         0.000000    
      kh_ter39     3.896528800000000         1.000000         0.000000    
      kh_ter80     4.408266800000000         1.000000         0.000000    
      kh_ter81     51.01454600000000         1.000000         0.000000    
      kh_ter82     192.4785200000000         1.000000         0.000000    
      kh_ter83     193.1246400000000         1.000000         0.000000    
      kh_ter84     380.9978500000000         1.000000         0.000000    
      kh_ter85     27.57081100000000         1.000000         0.000000    
      kh_ter86     16.44365800000000         1.000000         0.000000    
      kh_ter87     55.97044500000000         1.000000         0.000000    
      kh_ter88     8.051407800000000         1.000000         0.000000    
      race_all     1.200000000000000         1.000000         0.000000    
       rch_all    0.6759482600000000         1.000000         0.000000    
        riv_c1     297.7153800000000         1.000000         0.000000    
     riv_gview     81.98803700000001         1.000000         0.000000    
        riv_h1     2050.519500000000         1.000000         0.000000    
        riv_h2     792.9133300000000         1.000000         0.000000    
        riv_h3     2124.822000000000         1.000000         0.000000    
      riv_john     51.09105700000000         1.000000         0.000000    
    sy_h_flat1    1.6206041000000001E-02     1.000000         0.000000    
   sy_h_flat10    9.2500557000000008E-03     1.000000         0.000000    
    sy_h_flat2    1.0945498000000000E-02     1.000000         0.000000    
    sy_h_flat3    2.7880195999999999E-03     1.000000         0.000000    
    sy_h_flat4    2.5652367999999998E-02     1.000000         0.000000    
   sy_h_flat45    2.0767210000000001E-03     1.000000         0.000000    
   sy_h_flat46    9.1896341999999995E-03     1.000000         0.000000    
    sy_h_flat5    1.7203071000000000E-02     1.000000         0.000000    
   sy_h_flat51    1.8107907999999999E-02     1.000000         0.000000    
    sy_h_flat6    6.7660235000000001E-03     1.000000         0.000000    
    sy_h_flat7    7.6283938999999997E-03     1.000000         0.000000    
    sy_h_flat8    0.1878049200000000         1.000000         0.000000    
   sy_h_flat89    6.2278953999999997E-02     1.000000         0.000000    
    sy_h_flat9    4.2967134999999997E-02     1.000000         0.000000    
     sy_hill11    5.0532336999999997E-03     1.000000         0.000000    
     sy_hill12    4.0745442999999999E-03     1.000000         0.000000    
     sy_hill13    5.7416378999999998E-03     1.000000         0.000000    
     sy_mang16    7.0446392999999998E-03     1.000000         0.000000    
     sy_mang17    0.2304212200000000         1.000000         0.000000    
     sy_mang18    2.7480071999999999E-03     1.000000         0.000000    
     sy_mang19    2.4768567000000002E-03     1.000000         0.000000    
     sy_mang20    1.3833656999999999E-02     1.000000         0.000000    
     sy_mang21    7.3532820000000000E-03     1.000000         0.000000    
     sy_mang22    6.0888760000000000E-03     1.000000         0.000000    
    sy_riv_g23    1.0098049000000000E-02     1.000000         0.000000    
    sy_riv_g24    9.5062776999999994E-03     1.000000         0.000000    
    sy_riv_g25    0.1452619000000000         1.000000         0.000000    
    sy_riv_g26    0.2791186000000000         1.000000         0.000000    
    sy_riv_g27    7.7980921999999996E-03     1.000000         0.000000    
    sy_riv_g28    6.4218662000000001E-03     1.000000         0.000000    
    sy_riv_g29    7.5134785999999999E-03     1.000000         0.000000    
    sy_riv_g30    1.5477131000000000E-02     1.000000         0.000000    
    sy_riv_g60    8.9796470000000003E-03     1.000000         0.000000    
    sy_riv_g61    8.9792050000000005E-03     1.000000         0.000000    
    sy_riv_g62    1.5297633999999999E-02     1.000000         0.000000    
    sy_riv_g63    7.9592308999999993E-03     1.000000         0.000000    
    sy_sandy31    6.8864251000000003E-03     1.000000         0.000000    
    sy_sandy32    8.5943271999999998E-03     1.000000         0.000000    
    sy_sandy70    6.9910835999999997E-03     1.000000         0.000000    
    sy_sandy71    7.9121746000000003E-03     1.000000         0.000000    
  sy_ss_mor_l0    8.1000279000000000E-05     1.000000         0.000000    
  sy_ss_mor_l1    1.3960338000000000E-04     1.000000         0.000000    
    sy_ss_rest    1.3489522000000000E-05     1.000000         0.000000    
  sy_sy_mor_l0    0.2300666800000000         1.000000         0.000000    
  sy_sy_mor_l1    9.9931430999999991E-04     1.000000         0.000000    
      sy_ter14    8.0963457000000003E-03     1.000000         0.000000    
      sy_ter15    7.6792220999999999E-03     1.000000         0.000000    
      sy_ter33    6.2784922999999998E-03     1.000000         0.000000    
      sy_ter34    8.6534219999999995E-02     1.000000         0.000000    
      sy_ter35    0.1866170400000000         1.000000         0.000000    
      sy_ter36    5.3682083999999998E-02     1.000000         0.000000    
      sy_ter37    1.4108578000000000E-02     1.000000         0.000000    
      sy_ter38    6.7643940999999999E-02     1.000000         0.000000    
      sy_ter39    3.4498251000000001E-02     1.000000         0.000000    
      sy_ter80    1.5369328000000000E-02     1.000000         0.000000    
      sy_ter81    2.8170234999999998E-02     1.000000         0.000000    
      sy_ter82    8.0249478999999992E-03     1.000000         0.000000    
      sy_ter83    1.4570784000000000E-02     1.000000         0.000000    
      sy_ter84    8.2646271999999993E-03     1.000000         0.000000    
      sy_ter85    3.0465032000000000E-02     1.000000         0.000000    
      sy_ter86    5.5081714999999998E-03     1.000000         0.000000    
      sy_ter87    2.8444247999999998E-02     1.000000         0.000000    
      sy_ter88    1.2208254999999999E-02     1.000000         0.000000    
