  single point
     hill_main    0.8000000000000000         1.000000         0.000000    
     hill_mang     1.200000000000000         1.000000         0.000000    
       hill_se     1.200000000000000         1.000000         0.000000    
    kh_h_flat1     65.96746800000000         1.000000         0.000000    
   kh_h_flat10     15.08307000000000         1.000000         0.000000    
    kh_h_flat2     611.1250400000000         1.000000         0.000000    
    kh_h_flat3     1000.000000000000         1.000000         0.000000    
    kh_h_flat4     1000.000000000000         1.000000         0.000000    
   kh_h_flat45     1000.000000000000         1.000000         0.000000    
   kh_h_flat46    0.2149937300000000         1.000000         0.000000    
    kh_h_flat5     1000.000000000000         1.000000         0.000000    
   kh_h_flat51     1000.000000000000         1.000000         0.000000    
    kh_h_flat6     38.45017400000000         1.000000         0.000000    
    kh_h_flat7     1000.000000000000         1.000000         0.000000    
    kh_h_flat8     1000.000000000000         1.000000         0.000000    
   kh_h_flat89     3.668367800000000         1.000000         0.000000    
    kh_h_flat9     472.8715200000000         1.000000         0.000000    
     kh_hill11     4.474188200000000         1.000000         0.000000    
     kh_hill12     612.0121500000000         1.000000         0.000000    
     kh_hill13     82.54245200000000         1.000000         0.000000    
       kh_lake     21.93947600000000         1.000000         0.000000    
     kh_mang16     23.70358100000000         1.000000         0.000000    
     kh_mang17     33.61072100000000         1.000000         0.000000    
     kh_mang18     58.11837200000000         1.000000         0.000000    
     kh_mang19     5.285088200000000         1.000000         0.000000    
     kh_mang20     45.16558000000000         1.000000         0.000000    
     kh_mang21     42.94463700000000         1.000000         0.000000    
     kh_mang22     28.15256400000000         1.000000         0.000000    
     kh_mor_l0     1000.000000000000         1.000000         0.000000    
     kh_mor_l1    1.2684345000000001E-04     1.000000         0.000000    
    kh_riv_g23     53.85586900000000         1.000000         0.000000    
    kh_riv_g24     64.71026600000000         1.000000         0.000000    
    kh_riv_g25     1000.000000000000         1.000000         0.000000    
    kh_riv_g26     1000.000000000000         1.000000         0.000000    
    kh_riv_g27     85.92382900000000         1.000000         0.000000    
    kh_riv_g28     32.49827400000000         1.000000         0.000000    
    kh_riv_g29     60.76706300000000         1.000000         0.000000    
    kh_riv_g30     1000.000000000000         1.000000         0.000000    
    kh_riv_g60     7.832726200000000         1.000000         0.000000    
    kh_riv_g61     8.873175800000000         1.000000         0.000000    
    kh_riv_g62     40.75888200000000         1.000000         0.000000    
    kh_riv_g63     998.9327000000000         1.000000         0.000000    
    kh_sandy31     6.348247800000000         1.000000         0.000000    
    kh_sandy32     180.6715700000000         1.000000         0.000000    
    kh_sandy70     1.557143100000000         1.000000         0.000000    
    kh_sandy71     42.74426100000000         1.000000         0.000000    
      kh_ter14     6.026683500000000         1.000000         0.000000    
      kh_ter15     710.8279500000000         1.000000         0.000000    
      kh_ter33     71.68543000000000         1.000000         0.000000    
      kh_ter34     73.98954100000000         1.000000         0.000000    
      kh_ter35     1000.000000000000         1.000000         0.000000    
      kh_ter36     3.568354900000000         1.000000         0.000000    
      kh_ter37     1000.000000000000         1.000000         0.000000    
      kh_ter38    0.1545443100000000         1.000000         0.000000    
      kh_ter39    0.5834156400000000         1.000000         0.000000    
      kh_ter80    0.7432933900000001         1.000000         0.000000    
      kh_ter81     37.32547700000000         1.000000         0.000000    
      kh_ter82     999.2270300000000         1.000000         0.000000    
      kh_ter83     61.52695600000000         1.000000         0.000000    
      kh_ter84     1000.000000000000         1.000000         0.000000    
      kh_ter85     22.76400900000000         1.000000         0.000000    
      kh_ter86     5.447176400000000         1.000000         0.000000    
      kh_ter87     1000.000000000000         1.000000         0.000000    
      kh_ter88     6.792567700000000         1.000000         0.000000    
      race_all     1.200000000000000         1.000000         0.000000    
       rch_all    0.5000000000000000         1.000000         0.000000    
        riv_c1     128.7734700000000         1.000000         0.000000    
     riv_gview     383.2098800000000         1.000000         0.000000    
        riv_h1     1852.315900000000         1.000000         0.000000    
        riv_h2     3872.565500000000         1.000000         0.000000    
        riv_h3     5140.475500000000         1.000000         0.000000    
      riv_john     50.00000000000000         1.000000         0.000000    
    sy_h_flat1    2.5511243000000002E-03     1.000000         0.000000    
   sy_h_flat10    2.1143335999999999E-02     1.000000         0.000000    
    sy_h_flat2    3.1019529000000001E-02     1.000000         0.000000    
    sy_h_flat3    2.6468302999999999E-03     1.000000         0.000000    
    sy_h_flat4    0.3000000000000000         1.000000         0.000000    
   sy_h_flat45    4.6663846000000002E-04     1.000000         0.000000    
   sy_h_flat46    4.4274943999999997E-02     1.000000         0.000000    
    sy_h_flat5    1.7628169999999999E-02     1.000000         0.000000    
   sy_h_flat51    6.0221981000000001E-02     1.000000         0.000000    
    sy_h_flat6    5.8968616000000000E-03     1.000000         0.000000    
    sy_h_flat7    1.4596971000000000E-02     1.000000         0.000000    
    sy_h_flat8    7.4704335999999996E-02     1.000000         0.000000    
   sy_h_flat89    0.3000000000000000         1.000000         0.000000    
    sy_h_flat9    0.1037841600000000         1.000000         0.000000    
     sy_hill11    5.5461831999999997E-03     1.000000         0.000000    
     sy_hill12    3.4798591000000001E-03     1.000000         0.000000    
     sy_hill13    5.1817940999999996E-03     1.000000         0.000000    
     sy_mang16    1.3083198000000001E-02     1.000000         0.000000    
     sy_mang17    8.2577175000000003E-02     1.000000         0.000000    
     sy_mang18    8.5601402000000000E-03     1.000000         0.000000    
     sy_mang19    2.6156696000000000E-02     1.000000         0.000000    
     sy_mang20    6.6292485999999998E-02     1.000000         0.000000    
     sy_mang21    6.8989995999999996E-03     1.000000         0.000000    
     sy_mang22    4.4326660999999996E-03     1.000000         0.000000    
    sy_riv_g23    5.4093865999999997E-03     1.000000         0.000000    
    sy_riv_g24    5.6329253000000001E-03     1.000000         0.000000    
    sy_riv_g25    0.2677959600000000         1.000000         0.000000    
    sy_riv_g26    0.3000000000000000         1.000000         0.000000    
    sy_riv_g27    5.8137420000000002E-03     1.000000         0.000000    
    sy_riv_g28    1.7509763999999999E-03     1.000000         0.000000    
    sy_riv_g29    6.5207036999999999E-03     1.000000         0.000000    
    sy_riv_g30    3.2715545999999998E-02     1.000000         0.000000    
    sy_riv_g60    7.2728252999999998E-03     1.000000         0.000000    
    sy_riv_g61    5.4536556000000002E-03     1.000000         0.000000    
    sy_riv_g62    4.3875958999999999E-02     1.000000         0.000000    
    sy_riv_g63    1.1461620000000000E-02     1.000000         0.000000    
    sy_sandy31    7.7533211999999997E-03     1.000000         0.000000    
    sy_sandy32    8.9602996000000008E-03     1.000000         0.000000    
    sy_sandy70    1.4360520000000000E-02     1.000000         0.000000    
    sy_sandy71    1.1072026000000000E-02     1.000000         0.000000    
  sy_ss_mor_l0    8.3239771999999999E-05     1.000000         0.000000    
  sy_ss_mor_l1    1.2717145000000000E-04     1.000000         0.000000    
    sy_ss_rest    1.1105182000000001E-05     1.000000         0.000000    
  sy_sy_mor_l0    6.5563099999999999E-02     1.000000         0.000000    
  sy_sy_mor_l1    9.9928060999999991E-04     1.000000         0.000000    
      sy_ter14    1.2790388000000000E-02     1.000000         0.000000    
      sy_ter15    5.0631367999999996E-03     1.000000         0.000000    
      sy_ter33    1.0136559000000000E-02     1.000000         0.000000    
      sy_ter34    0.3000000000000000         1.000000         0.000000    
      sy_ter35    3.3809479000000003E-02     1.000000         0.000000    
      sy_ter36    0.1316009400000000         1.000000         0.000000    
      sy_ter37    8.9515617000000006E-02     1.000000         0.000000    
      sy_ter38    0.3000000000000000         1.000000         0.000000    
      sy_ter39    9.8504332999999993E-03     1.000000         0.000000    
      sy_ter80    1.9058305000000000E-03     1.000000         0.000000    
      sy_ter81    0.1888609400000000         1.000000         0.000000    
      sy_ter82    5.8270735000000001E-03     1.000000         0.000000    
      sy_ter83    3.9327282999999998E-02     1.000000         0.000000    
      sy_ter84    5.6531395999999999E-03     1.000000         0.000000    
      sy_ter85    0.1751286800000000         1.000000         0.000000    
      sy_ter86    1.2424485000000001E-02     1.000000         0.000000    
      sy_ter87    0.3000000000000000         1.000000         0.000000    
      sy_ter88    5.9655710999999998E-03     1.000000         0.000000    
