  single point
     hill_main    0.8000000000000000         1.000000         0.000000    
     hill_mang     1.200000000000000         1.000000         0.000000    
       hill_se     1.200000000000000         1.000000         0.000000    
    kh_h_flat1     65.96746800000000         1.000000         0.000000    
   kh_h_flat10     15.08307000000000         1.000000         0.000000    
    kh_h_flat2     674.2476500000000         1.000000         0.000000    
    kh_h_flat3     1000.000000000000         1.000000         0.000000    
    kh_h_flat4     1000.000000000000         1.000000         0.000000    
   kh_h_flat45     1000.000000000000         1.000000         0.000000    
   kh_h_flat46    0.2149937300000000         1.000000         0.000000    
    kh_h_flat5     1000.000000000000         1.000000         0.000000    
   kh_h_flat51     1000.000000000000         1.000000         0.000000    
    kh_h_flat6     38.45017400000000         1.000000         0.000000    
    kh_h_flat7     1000.000000000000         1.000000         0.000000    
    kh_h_flat8     1000.000000000000         1.000000         0.000000    
   kh_h_flat89     3.668367800000000         1.000000         0.000000    
    kh_h_flat9     472.8715200000000         1.000000         0.000000    
     kh_hill11     4.514411400000000         1.000000         0.000000    
     kh_hill12     613.6548400000000         1.000000         0.000000    
     kh_hill13     82.18498500000000         1.000000         0.000000    
       kh_lake     21.93947600000000         1.000000         0.000000    
     kh_mang16     23.90972800000000         1.000000         0.000000    
     kh_mang17     33.63051800000000         1.000000         0.000000    
     kh_mang18     58.36186400000000         1.000000         0.000000    
     kh_mang19     5.296612700000000         1.000000         0.000000    
     kh_mang20     45.37410800000000         1.000000         0.000000    
     kh_mang21     42.90159200000000         1.000000         0.000000    
     kh_mang22     28.08876100000000         1.000000         0.000000    
     kh_mor_l0     1000.000000000000         1.000000         0.000000    
     kh_mor_l1    1.2697562000000000E-04     1.000000         0.000000    
    kh_riv_g23     53.80830900000000         1.000000         0.000000    
    kh_riv_g24     63.35529900000000         1.000000         0.000000    
    kh_riv_g25     1000.000000000000         1.000000         0.000000    
    kh_riv_g26     1000.000000000000         1.000000         0.000000    
    kh_riv_g27     84.94258900000000         1.000000         0.000000    
    kh_riv_g28     32.33336100000000         1.000000         0.000000    
    kh_riv_g29     61.57321500000000         1.000000         0.000000    
    kh_riv_g30     1000.000000000000         1.000000         0.000000    
    kh_riv_g60     7.788051700000000         1.000000         0.000000    
    kh_riv_g61     8.680402300000001         1.000000         0.000000    
    kh_riv_g62     40.40781900000000         1.000000         0.000000    
    kh_riv_g63     1000.000000000000         1.000000         0.000000    
    kh_sandy31     6.329904200000000         1.000000         0.000000    
    kh_sandy32     180.6529900000000         1.000000         0.000000    
    kh_sandy70     1.555242400000000         1.000000         0.000000    
    kh_sandy71     42.76618500000000         1.000000         0.000000    
      kh_ter14     6.036099600000000         1.000000         0.000000    
      kh_ter15     712.6198600000000         1.000000         0.000000    
      kh_ter33     71.90804100000000         1.000000         0.000000    
      kh_ter34     73.09419500000000         1.000000         0.000000    
      kh_ter35     1000.000000000000         1.000000         0.000000    
      kh_ter36     3.499391300000000         1.000000         0.000000    
      kh_ter37     1000.000000000000         1.000000         0.000000    
      kh_ter38    0.1526388800000000         1.000000         0.000000    
      kh_ter39    0.5811056300000000         1.000000         0.000000    
      kh_ter80    0.7089891100000000         1.000000         0.000000    
      kh_ter81     35.81691700000000         1.000000         0.000000    
      kh_ter82     1000.000000000000         1.000000         0.000000    
      kh_ter83     61.86152500000000         1.000000         0.000000    
      kh_ter84     1000.000000000000         1.000000         0.000000    
      kh_ter85     22.13253600000000         1.000000         0.000000    
      kh_ter86     5.463534800000000         1.000000         0.000000    
      kh_ter87     1000.000000000000         1.000000         0.000000    
      kh_ter88     6.622994500000000         1.000000         0.000000    
      race_all     1.200000000000000         1.000000         0.000000    
       rch_all    0.5000000000000000         1.000000         0.000000    
        riv_c1     125.1866000000000         1.000000         0.000000    
     riv_gview     383.5260000000000         1.000000         0.000000    
        riv_h1     1852.315900000000         1.000000         0.000000    
        riv_h2     3882.125600000000         1.000000         0.000000    
        riv_h3     5145.485500000000         1.000000         0.000000    
      riv_john     50.00000000000000         1.000000         0.000000    
    sy_h_flat1    2.5537239999999998E-03     1.000000         0.000000    
   sy_h_flat10    2.1124397000000000E-02     1.000000         0.000000    
    sy_h_flat2    3.0984514000000001E-02     1.000000         0.000000    
    sy_h_flat3    2.6453714999999998E-03     1.000000         0.000000    
    sy_h_flat4    0.3000000000000000         1.000000         0.000000    
   sy_h_flat45    4.6654584000000002E-04     1.000000         0.000000    
   sy_h_flat46    4.4274943999999997E-02     1.000000         0.000000    
    sy_h_flat5    1.7628169999999999E-02     1.000000         0.000000    
   sy_h_flat51    6.0202226999999997E-02     1.000000         0.000000    
    sy_h_flat6    5.8996088000000000E-03     1.000000         0.000000    
    sy_h_flat7    1.4504461000000000E-02     1.000000         0.000000    
    sy_h_flat8    7.4704335999999996E-02     1.000000         0.000000    
   sy_h_flat89    0.3000000000000000         1.000000         0.000000    
    sy_h_flat9    0.1034315700000000         1.000000         0.000000    
     sy_hill11    5.5484664999999999E-03     1.000000         0.000000    
     sy_hill12    3.4815645000000001E-03     1.000000         0.000000    
     sy_hill13    5.1837493999999998E-03     1.000000         0.000000    
     sy_mang16    1.3073248000000001E-02     1.000000         0.000000    
     sy_mang17    8.2648519000000004E-02     1.000000         0.000000    
     sy_mang18    8.5452961000000004E-03     1.000000         0.000000    
     sy_mang19    2.6221669000000000E-02     1.000000         0.000000    
     sy_mang20    6.6424500999999997E-02     1.000000         0.000000    
     sy_mang21    6.9098047999999997E-03     1.000000         0.000000    
     sy_mang22    4.4329642000000002E-03     1.000000         0.000000    
    sy_riv_g23    5.4243464000000002E-03     1.000000         0.000000    
    sy_riv_g24    5.6331834999999997E-03     1.000000         0.000000    
    sy_riv_g25    0.2672390000000000         1.000000         0.000000    
    sy_riv_g26    0.3000000000000000         1.000000         0.000000    
    sy_riv_g27    5.8154616000000003E-03     1.000000         0.000000    
    sy_riv_g28    1.7519682000000001E-03     1.000000         0.000000    
    sy_riv_g29    6.5320748000000000E-03     1.000000         0.000000    
    sy_riv_g30    3.2724654999999998E-02     1.000000         0.000000    
    sy_riv_g60    7.2761670999999997E-03     1.000000         0.000000    
    sy_riv_g61    5.4503397000000000E-03     1.000000         0.000000    
    sy_riv_g62    4.3718743999999997E-02     1.000000         0.000000    
    sy_riv_g63    1.1451150000000000E-02     1.000000         0.000000    
    sy_sandy31    7.7543376000000002E-03     1.000000         0.000000    
    sy_sandy32    8.9605802000000002E-03     1.000000         0.000000    
    sy_sandy70    1.4360304000000001E-02     1.000000         0.000000    
    sy_sandy71    1.1072067999999999E-02     1.000000         0.000000    
  sy_ss_mor_l0    8.3238669999999998E-05     1.000000         0.000000    
  sy_ss_mor_l1    1.2716632000000000E-04     1.000000         0.000000    
    sy_ss_rest    1.1106402000000000E-05     1.000000         0.000000    
  sy_sy_mor_l0    6.5466002999999995E-02     1.000000         0.000000    
  sy_sy_mor_l1    9.9928089000000009E-04     1.000000         0.000000    
      sy_ter14    1.2797259000000000E-02     1.000000         0.000000    
      sy_ter15    5.0642374000000002E-03     1.000000         0.000000    
      sy_ter33    1.0139436000000000E-02     1.000000         0.000000    
      sy_ter34    0.3000000000000000         1.000000         0.000000    
      sy_ter35    3.3781199999999997E-02     1.000000         0.000000    
      sy_ter36    0.1312321300000000         1.000000         0.000000    
      sy_ter37    8.9462970000000003E-02     1.000000         0.000000    
      sy_ter38    0.3000000000000000         1.000000         0.000000    
      sy_ter39    9.8768789000000003E-03     1.000000         0.000000    
      sy_ter80    1.9056107999999999E-03     1.000000         0.000000    
      sy_ter81    0.1887779400000000         1.000000         0.000000    
      sy_ter82    5.8278439000000000E-03     1.000000         0.000000    
      sy_ter83    3.9300042000000000E-02     1.000000         0.000000    
      sy_ter84    5.6527620000000004E-03     1.000000         0.000000    
      sy_ter85    0.1749138600000000         1.000000         0.000000    
      sy_ter86    1.2424217000000000E-02     1.000000         0.000000    
      sy_ter87    0.3000000000000000         1.000000         0.000000    
      sy_ter88    5.9672348000000004E-03     1.000000         0.000000    
