  single point
     hill_main    0.8840532900000000         1.000000         0.000000    
     hill_mang    0.8000000000000000         1.000000         0.000000    
       hill_se    0.9382449400000000         1.000000         0.000000    
    kh_h_flat1     294.7827700000000         1.000000         0.000000    
   kh_h_flat10     1000.000000000000         1.000000         0.000000    
    kh_h_flat2     128.7237000000000         1.000000         0.000000    
    kh_h_flat3     309.5252500000000         1.000000         0.000000    
    kh_h_flat4     133.3441300000000         1.000000         0.000000    
   kh_h_flat45     338.3881400000000         1.000000         0.000000    
   kh_h_flat46     187.6525800000000         1.000000         0.000000    
    kh_h_flat5     556.8160200000000         1.000000         0.000000    
   kh_h_flat51     438.1313900000000         1.000000         0.000000    
    kh_h_flat6     1000.000000000000         1.000000         0.000000    
    kh_h_flat7     383.4376400000000         1.000000         0.000000    
    kh_h_flat8     767.2030600000001         1.000000         0.000000    
   kh_h_flat89     304.2409200000000         1.000000         0.000000    
    kh_h_flat9     253.6723500000000         1.000000         0.000000    
     kh_hill11     151.0586300000000         1.000000         0.000000    
     kh_hill12     348.2418900000000         1.000000         0.000000    
     kh_hill13     226.3515000000000         1.000000         0.000000    
       kh_lake     71.70190700000001         1.000000         0.000000    
     kh_mang16     224.2567800000000         1.000000         0.000000    
     kh_mang17     454.4825700000000         1.000000         0.000000    
     kh_mang18     287.4897100000000         1.000000         0.000000    
     kh_mang19     165.7641700000000         1.000000         0.000000    
     kh_mang20     230.6229200000000         1.000000         0.000000    
     kh_mang21     42.25217400000000         1.000000         0.000000    
     kh_mang22     122.6108600000000         1.000000         0.000000    
     kh_mor_l0     393.7924400000000         1.000000         0.000000    
     kh_mor_l1    1.1190254000000000E-04     1.000000         0.000000    
    kh_riv_g23     463.7939800000000         1.000000         0.000000    
    kh_riv_g24     367.9871900000000         1.000000         0.000000    
    kh_riv_g25     314.3274500000000         1.000000         0.000000    
    kh_riv_g26     225.3559800000000         1.000000         0.000000    
    kh_riv_g27     171.5663100000000         1.000000         0.000000    
    kh_riv_g28     277.6820400000000         1.000000         0.000000    
    kh_riv_g29     67.32259300000000         1.000000         0.000000    
    kh_riv_g30     238.7899400000000         1.000000         0.000000    
    kh_riv_g60     38.18619100000000         1.000000         0.000000    
    kh_riv_g61     61.76953000000000         1.000000         0.000000    
    kh_riv_g62     137.2704800000000         1.000000         0.000000    
    kh_riv_g63     681.7774600000000         1.000000         0.000000    
    kh_sandy31     216.9979900000000         1.000000         0.000000    
    kh_sandy32     179.3600800000000         1.000000         0.000000    
    kh_sandy70     72.13483100000001         1.000000         0.000000    
    kh_sandy71     77.35137700000000         1.000000         0.000000    
      kh_ter14     14.63011100000000         1.000000         0.000000    
      kh_ter15     201.3777000000000         1.000000         0.000000    
      kh_ter33     147.9492600000000         1.000000         0.000000    
      kh_ter34     84.39450100000001         1.000000         0.000000    
      kh_ter35     1000.000000000000         1.000000         0.000000    
      kh_ter36     13.30756400000000         1.000000         0.000000    
      kh_ter37     488.1231800000000         1.000000         0.000000    
      kh_ter38     4.972808100000000         1.000000         0.000000    
      kh_ter39     12.85360300000000         1.000000         0.000000    
      kh_ter80     20.44141200000000         1.000000         0.000000    
      kh_ter81     70.18326800000000         1.000000         0.000000    
      kh_ter82     219.9767600000000         1.000000         0.000000    
      kh_ter83     145.9012500000000         1.000000         0.000000    
      kh_ter84     481.0852800000000         1.000000         0.000000    
      kh_ter85     27.85003000000000         1.000000         0.000000    
      kh_ter86     17.22595800000000         1.000000         0.000000    
      kh_ter87     181.5061600000000         1.000000         0.000000    
      kh_ter88     6.730753400000000         1.000000         0.000000    
      race_all    0.8455155500000000         1.000000         0.000000    
       rch_all    0.9839285200000000         1.000000         0.000000    
        riv_c1     1084.348600000000         1.000000         0.000000    
     riv_gview     77.44462500000000         1.000000         0.000000    
        riv_h1     1280.947800000000         1.000000         0.000000    
        riv_h2     871.1326299999999         1.000000         0.000000    
        riv_h3     937.3573300000000         1.000000         0.000000    
      riv_john     50.00000000000000         1.000000         0.000000    
    sy_h_flat1    1.1808592000000000E-02     1.000000         0.000000    
   sy_h_flat10    8.9254142000000005E-03     1.000000         0.000000    
    sy_h_flat2    5.8278556999999996E-03     1.000000         0.000000    
    sy_h_flat3    2.6498111999999998E-03     1.000000         0.000000    
    sy_h_flat4    1.9154767000000000E-02     1.000000         0.000000    
   sy_h_flat45    1.9268757000000000E-03     1.000000         0.000000    
   sy_h_flat46    6.9203627999999996E-03     1.000000         0.000000    
    sy_h_flat5    1.3288174000000000E-02     1.000000         0.000000    
   sy_h_flat51    9.5211423000000003E-03     1.000000         0.000000    
    sy_h_flat6    6.9359990999999996E-03     1.000000         0.000000    
    sy_h_flat7    4.9535854999999997E-03     1.000000         0.000000    
    sy_h_flat8    4.6868746000000003E-02     1.000000         0.000000    
   sy_h_flat89    1.8847320000000001E-02     1.000000         0.000000    
    sy_h_flat9    1.6141002000000002E-02     1.000000         0.000000    
     sy_hill11    5.2202862000000003E-03     1.000000         0.000000    
     sy_hill12    4.2722919000000000E-03     1.000000         0.000000    
     sy_hill13    5.9036263999999996E-03     1.000000         0.000000    
     sy_mang16    6.8332152999999998E-03     1.000000         0.000000    
     sy_mang17    0.1204265300000000         1.000000         0.000000    
     sy_mang18    5.1728034999999999E-03     1.000000         0.000000    
     sy_mang19    4.4457990999999999E-03     1.000000         0.000000    
     sy_mang20    1.7357877000000001E-02     1.000000         0.000000    
     sy_mang21    7.3668058000000000E-03     1.000000         0.000000    
     sy_mang22    5.3351815000000002E-03     1.000000         0.000000    
    sy_riv_g23    9.6254724999999992E-03     1.000000         0.000000    
    sy_riv_g24    9.5162865999999999E-03     1.000000         0.000000    
    sy_riv_g25    0.1079222800000000         1.000000         0.000000    
    sy_riv_g26    0.1948712900000000         1.000000         0.000000    
    sy_riv_g27    8.0676983000000004E-03     1.000000         0.000000    
    sy_riv_g28    6.7739514000000004E-03     1.000000         0.000000    
    sy_riv_g29    7.5638553000000001E-03     1.000000         0.000000    
    sy_riv_g30    1.4045600000000000E-02     1.000000         0.000000    
    sy_riv_g60    8.9483506000000001E-03     1.000000         0.000000    
    sy_riv_g61    8.8087775000000000E-03     1.000000         0.000000    
    sy_riv_g62    1.3153408000000000E-02     1.000000         0.000000    
    sy_riv_g63    7.7789091999999997E-03     1.000000         0.000000    
    sy_sandy31    6.8939596999999997E-03     1.000000         0.000000    
    sy_sandy32    8.6401015000000005E-03     1.000000         0.000000    
    sy_sandy70    6.8843602000000000E-03     1.000000         0.000000    
    sy_sandy71    7.8315103000000004E-03     1.000000         0.000000    
  sy_ss_mor_l0    8.0736683999999999E-05     1.000000         0.000000    
  sy_ss_mor_l1    1.3664413000000000E-04     1.000000         0.000000    
    sy_ss_rest    1.1928070999999999E-05     1.000000         0.000000    
  sy_sy_mor_l0    9.1240151000000005E-02     1.000000         0.000000    
  sy_sy_mor_l1    9.9935108000000000E-04     1.000000         0.000000    
      sy_ter14    7.8363575999999997E-03     1.000000         0.000000    
      sy_ter15    7.3563266999999996E-03     1.000000         0.000000    
      sy_ter33    6.0919492999999998E-03     1.000000         0.000000    
      sy_ter34    2.2837204999999999E-02     1.000000         0.000000    
      sy_ter35    7.3237792999999995E-02     1.000000         0.000000    
      sy_ter36    3.5132091999999997E-02     1.000000         0.000000    
      sy_ter37    1.0700876999999999E-02     1.000000         0.000000    
      sy_ter38    1.7655192000000000E-02     1.000000         0.000000    
      sy_ter39    3.0151291000000000E-02     1.000000         0.000000    
      sy_ter80    8.1577399000000005E-03     1.000000         0.000000    
      sy_ter81    1.7889502000000002E-02     1.000000         0.000000    
      sy_ter82    8.1109527999999997E-03     1.000000         0.000000    
      sy_ter83    1.3293808000000001E-02     1.000000         0.000000    
      sy_ter84    8.1680711000000003E-03     1.000000         0.000000    
      sy_ter85    1.2279918000000001E-02     1.000000         0.000000    
      sy_ter86    5.1345536999999998E-03     1.000000         0.000000    
      sy_ter87    1.0835892999999999E-02     1.000000         0.000000    
      sy_ter88    1.1160613000000000E-02     1.000000         0.000000    
