  single point
     hill_main    0.8000000000000000         1.000000         0.000000    
     hill_mang    0.9123771700000000         1.000000         0.000000    
       hill_se     1.042401900000000         1.000000         0.000000    
    kh_h_flat1     155.6193600000000         1.000000         0.000000    
   kh_h_flat10     1000.000000000000         1.000000         0.000000    
    kh_h_flat2     356.0648300000000         1.000000         0.000000    
    kh_h_flat3     673.3532200000000         1.000000         0.000000    
    kh_h_flat4     194.1684800000000         1.000000         0.000000    
   kh_h_flat45     673.5370400000000         1.000000         0.000000    
   kh_h_flat46     85.12222500000000         1.000000         0.000000    
    kh_h_flat5     1000.000000000000         1.000000         0.000000    
   kh_h_flat51     1000.000000000000         1.000000         0.000000    
    kh_h_flat6     1000.000000000000         1.000000         0.000000    
    kh_h_flat7     1000.000000000000         1.000000         0.000000    
    kh_h_flat8     1000.000000000000         1.000000         0.000000    
   kh_h_flat89     152.1049100000000         1.000000         0.000000    
    kh_h_flat9     1000.000000000000         1.000000         0.000000    
     kh_hill11     163.8193700000000         1.000000         0.000000    
     kh_hill12     399.0587000000000         1.000000         0.000000    
     kh_hill13     212.8665000000000         1.000000         0.000000    
       kh_lake     36.35775800000000         1.000000         0.000000    
     kh_mang16     22.42526100000000         1.000000         0.000000    
     kh_mang17     135.0286500000000         1.000000         0.000000    
     kh_mang18     49.31051600000000         1.000000         0.000000    
     kh_mang19     120.9215500000000         1.000000         0.000000    
     kh_mang20     188.7049300000000         1.000000         0.000000    
     kh_mang21     42.17872000000000         1.000000         0.000000    
     kh_mang22     97.84118500000000         1.000000         0.000000    
     kh_mor_l0     1000.000000000000         1.000000         0.000000    
     kh_mor_l1    1.1491118000000000E-04     1.000000         0.000000    
    kh_riv_g23     146.3795400000000         1.000000         0.000000    
    kh_riv_g24     178.1144100000000         1.000000         0.000000    
    kh_riv_g25     299.7608200000000         1.000000         0.000000    
    kh_riv_g26     278.6417800000000         1.000000         0.000000    
    kh_riv_g27     150.1570500000000         1.000000         0.000000    
    kh_riv_g28     70.58164700000000         1.000000         0.000000    
    kh_riv_g29     58.60236700000000         1.000000         0.000000    
    kh_riv_g30     334.6755600000000         1.000000         0.000000    
    kh_riv_g60     24.33531600000000         1.000000         0.000000    
    kh_riv_g61     20.98935300000000         1.000000         0.000000    
    kh_riv_g62     25.92341000000000         1.000000         0.000000    
    kh_riv_g63     379.2408400000000         1.000000         0.000000    
    kh_sandy31     51.57692200000000         1.000000         0.000000    
    kh_sandy32     163.8150200000000         1.000000         0.000000    
    kh_sandy70     35.54195700000000         1.000000         0.000000    
    kh_sandy71     77.35512199999999         1.000000         0.000000    
      kh_ter14     13.67312900000000         1.000000         0.000000    
      kh_ter15     259.0634100000000         1.000000         0.000000    
      kh_ter33     285.0202400000000         1.000000         0.000000    
      kh_ter34     9.097390300000001         1.000000         0.000000    
      kh_ter35     1000.000000000000         1.000000         0.000000    
      kh_ter36     12.70941500000000         1.000000         0.000000    
      kh_ter37     412.1838200000000         1.000000         0.000000    
      kh_ter38    0.4215344500000000         1.000000         0.000000    
      kh_ter39     4.132222000000000         1.000000         0.000000    
      kh_ter80     4.646189400000000         1.000000         0.000000    
      kh_ter81     52.79488100000000         1.000000         0.000000    
      kh_ter82     194.0648900000000         1.000000         0.000000    
      kh_ter83     191.7169800000000         1.000000         0.000000    
      kh_ter84     383.0439100000000         1.000000         0.000000    
      kh_ter85     28.33040700000000         1.000000         0.000000    
      kh_ter86     16.54488300000000         1.000000         0.000000    
      kh_ter87     57.49143900000000         1.000000         0.000000    
      kh_ter88     8.540238400000000         1.000000         0.000000    
      race_all     1.200000000000000         1.000000         0.000000    
       rch_all    0.7759482599999999         1.000000         0.000000    
        riv_c1     314.3525000000000         1.000000         0.000000    
     riv_gview     83.08082800000000         1.000000         0.000000    
        riv_h1     2149.374100000000         1.000000         0.000000    
        riv_h2     786.0767400000000         1.000000         0.000000    
        riv_h3     2044.885400000000         1.000000         0.000000    
      riv_john     51.13887400000000         1.000000         0.000000    
    sy_h_flat1    1.5865574000000000E-02     1.000000         0.000000    
   sy_h_flat10    9.2433247999999992E-03     1.000000         0.000000    
    sy_h_flat2    1.0422483999999999E-02     1.000000         0.000000    
    sy_h_flat3    2.7814721000000001E-03     1.000000         0.000000    
    sy_h_flat4    2.5382887000000000E-02     1.000000         0.000000    
   sy_h_flat45    2.0744382000000001E-03     1.000000         0.000000    
   sy_h_flat46    9.0740873000000003E-03     1.000000         0.000000    
    sy_h_flat5    1.7037217000000000E-02     1.000000         0.000000    
   sy_h_flat51    1.7126174000000001E-02     1.000000         0.000000    
    sy_h_flat6    6.7732215000000000E-03     1.000000         0.000000    
    sy_h_flat7    7.4766835000000002E-03     1.000000         0.000000    
    sy_h_flat8    0.1739188500000000         1.000000         0.000000    
   sy_h_flat89    5.6088399999999997E-02     1.000000         0.000000    
    sy_h_flat9    3.8765169000000002E-02     1.000000         0.000000    
     sy_hill11    5.0669106000000002E-03     1.000000         0.000000    
     sy_hill12    4.0852998000000000E-03     1.000000         0.000000    
     sy_hill13    5.7503351000000001E-03     1.000000         0.000000    
     sy_mang16    7.0341635000000001E-03     1.000000         0.000000    
     sy_mang17    0.2127227600000000         1.000000         0.000000    
     sy_mang18    2.6204590999999999E-03     1.000000         0.000000    
     sy_mang19    2.3246131000000001E-03     1.000000         0.000000    
     sy_mang20    1.3005174000000000E-02     1.000000         0.000000    
     sy_mang21    7.0272306999999996E-03     1.000000         0.000000    
     sy_mang22    6.0500284000000000E-03     1.000000         0.000000    
    sy_riv_g23    1.0020212000000001E-02     1.000000         0.000000    
    sy_riv_g24    9.5007045999999998E-03     1.000000         0.000000    
    sy_riv_g25    0.1433731700000000         1.000000         0.000000    
    sy_riv_g26    0.2759317000000000         1.000000         0.000000    
    sy_riv_g27    7.7991387000000004E-03     1.000000         0.000000    
    sy_riv_g28    6.4177167999999998E-03     1.000000         0.000000    
    sy_riv_g29    7.5016961999999996E-03     1.000000         0.000000    
    sy_riv_g30    1.5394697000000001E-02     1.000000         0.000000    
    sy_riv_g60    8.9770440999999996E-03     1.000000         0.000000    
    sy_riv_g61    8.9662503000000008E-03     1.000000         0.000000    
    sy_riv_g62    1.5132852000000000E-02     1.000000         0.000000    
    sy_riv_g63    7.9422584000000008E-03     1.000000         0.000000    
    sy_sandy31    6.8814794000000004E-03     1.000000         0.000000    
    sy_sandy32    8.5915286000000004E-03     1.000000         0.000000    
    sy_sandy70    6.9722732000000003E-03     1.000000         0.000000    
    sy_sandy71    7.9041462999999996E-03     1.000000         0.000000    
  sy_ss_mor_l0    8.0992895000000001E-05     1.000000         0.000000    
  sy_ss_mor_l1    1.3957940999999999E-04     1.000000         0.000000    
    sy_ss_rest    1.3298956000000001E-05     1.000000         0.000000    
  sy_sy_mor_l0    0.2259362900000000         1.000000         0.000000    
  sy_sy_mor_l1    9.9931430999999991E-04     1.000000         0.000000    
      sy_ter14    8.0985741999999999E-03     1.000000         0.000000    
      sy_ter15    7.7186394000000004E-03     1.000000         0.000000    
      sy_ter33    6.2498961999999996E-03     1.000000         0.000000    
      sy_ter34    8.3976000999999995E-02     1.000000         0.000000    
      sy_ter35    0.1813620300000000         1.000000         0.000000    
      sy_ter36    5.2457242000000001E-02     1.000000         0.000000    
      sy_ter37    1.3897448000000000E-02     1.000000         0.000000    
      sy_ter38    6.2757860999999998E-02     1.000000         0.000000    
      sy_ter39    3.4662128000000000E-02     1.000000         0.000000    
      sy_ter80    1.5394306999999999E-02     1.000000         0.000000    
      sy_ter81    2.7664227000000000E-02     1.000000         0.000000    
      sy_ter82    8.0276232000000003E-03     1.000000         0.000000    
      sy_ter83    1.4393603000000000E-02     1.000000         0.000000    
      sy_ter84    8.2633900000000007E-03     1.000000         0.000000    
      sy_ter85    2.9282940000000000E-02     1.000000         0.000000    
      sy_ter86    5.4698265000000003E-03     1.000000         0.000000    
      sy_ter87    2.7520244999999999E-02     1.000000         0.000000    
      sy_ter88    1.2190569000000000E-02     1.000000         0.000000    
