single point
hill_main	0.858	1.0	0.0
hill_mang	0.903	1.0	0.0
hill_se	0.852	1.0	0.0
kh_h_flat1	802.96	1.0	0.0
kh_h_flat10	291.182	1.0	0.0
kh_h_flat2	710.417	1.0	0.0
kh_h_flat3	377.606	1.0	0.0
kh_h_flat4	917.031	1.0	0.0
kh_h_flat45	4.582	1.0	0.0
kh_h_flat46	404.276	1.0	0.0
kh_h_flat5	452.267	1.0	0.0
kh_h_flat51	122.278	1.0	0.0
kh_h_flat6	344.285	1.0	0.0
kh_h_flat7	236.63	1.0	0.0
kh_h_flat8	902.698	1.0	0.0
kh_h_flat89	64.455	1.0	0.0
kh_h_flat9	245.526	1.0	0.0
kh_hill11	432.6	1.0	0.0
kh_hill12	496.379	1.0	0.0
kh_hill13	109.59	1.0	0.0
kh_lake	309.648	1.0	0.0
kh_mang16	820.3	1.0	0.0
kh_mang17	389.659	1.0	0.0
kh_mang18	584.651	1.0	0.0
kh_mang19	279.951	1.0	0.0
kh_mang20	540.932	1.0	0.0
kh_mang21	67.232	1.0	0.0
kh_mang22	740.208	1.0	0.0
kh_mor_l0	270.021	1.0	0.0
kh_mor_l1	0.726	1.0	0.0
kh_riv_g23	695.618	1.0	0.0
kh_riv_g24	112.965	1.0	0.0
kh_riv_g25	325.46	1.0	0.0
kh_riv_g26	842.062	1.0	0.0
kh_riv_g27	357.781	1.0	0.0
kh_riv_g28	217.649	1.0	0.0
kh_riv_g29	308.703	1.0	0.0
kh_riv_g30	997.172	1.0	0.0
kh_riv_g60	797.975	1.0	0.0
kh_riv_g61	498.849	1.0	0.0
kh_riv_g62	911.273	1.0	0.0
kh_riv_g63	308.657	1.0	0.0
kh_sandy31	675.954	1.0	0.0
kh_sandy32	595.886	1.0	0.0
kh_sandy70	135.301	1.0	0.0
kh_sandy71	360.589	1.0	0.0
kh_ter14	117.424	1.0	0.0
kh_ter15	237.184	1.0	0.0
kh_ter33	239.558	1.0	0.0
kh_ter34	433.958	1.0	0.0
kh_ter35	573.402	1.0	0.0
kh_ter36	103.268	1.0	0.0
kh_ter37	741.569	1.0	0.0
kh_ter38	517.549	1.0	0.0
kh_ter39	882.781	1.0	0.0
kh_ter80	44.462	1.0	0.0
kh_ter81	146.112	1.0	0.0
kh_ter82	400.334	1.0	0.0
kh_ter83	626.012	1.0	0.0
kh_ter84	403.179	1.0	0.0
kh_ter85	829.791	1.0	0.0
kh_ter86	814.38	1.0	0.0
kh_ter87	176.53	1.0	0.0
kh_ter88	95.557	1.0	0.0
race_all	1.116	1.0	0.0
rch_all	0.743	1.0	0.0
riv_c1	1816.741	1.0	0.0
riv_gview	2446.778	1.0	0.0
riv_h1	4799.443	1.0	0.0
riv_h2	8367.951	1.0	0.0
riv_h3	3264.81	1.0	0.0
riv_john	666.874	1.0	0.0
sy_h_flat1	0.271	1.0	0.0
sy_h_flat10	0.233	1.0	0.0
sy_h_flat2	0.188	1.0	0.0
sy_h_flat3	0.181	1.0	0.0
sy_h_flat4	0.14	1.0	0.0
sy_h_flat45	0.036	1.0	0.0
sy_h_flat46	0.2	1.0	0.0
sy_h_flat5	0.129	1.0	0.0
sy_h_flat51	0.01	1.0	0.0
sy_h_flat6	0.26	1.0	0.0
sy_h_flat7	0.239	1.0	0.0
sy_h_flat8	0.295	1.0	0.0
sy_h_flat89	0.191	1.0	0.0
sy_h_flat9	0.284	1.0	0.0
sy_hill11	0.093	1.0	0.0
sy_hill12	0.075	1.0	0.0
sy_hill13	0.198	1.0	0.0
sy_mang16	0.163	1.0	0.0
sy_mang17	0.278	1.0	0.0
sy_mang18	0.118	1.0	0.0
sy_mang19	0.212	1.0	0.0
sy_mang20	0.041	1.0	0.0
sy_mang21	0.022	1.0	0.0
sy_mang22	0.291	1.0	0.0
sy_riv_g23	0.221	1.0	0.0
sy_riv_g24	0.282	1.0	0.0
sy_riv_g25	0.036	1.0	0.0
sy_riv_g26	0.239	1.0	0.0
sy_riv_g27	0.26	1.0	0.0
sy_riv_g28	0.16	1.0	0.0
sy_riv_g29	0.115	1.0	0.0
sy_riv_g30	0.141	1.0	0.0
sy_riv_g60	0.247	1.0	0.0
sy_riv_g61	0.249	1.0	0.0
sy_riv_g62	0.146	1.0	0.0
sy_riv_g63	0.201	1.0	0.0
sy_sandy31	0.139	1.0	0.0
sy_sandy32	0.211	1.0	0.0
sy_sandy70	0.027	1.0	0.0
sy_sandy71	0.16	1.0	0.0
sy_ss_mor_l0	0.001	1.0	0.0
sy_ss_mor_l1	0.001	1.0	0.0
sy_ss_rest	0.001	1.0	0.0
sy_sy_mor_l0	0.244	1.0	0.0
sy_sy_mor_l1	0.056	1.0	0.0
sy_ter14	0.299	1.0	0.0
sy_ter15	0.217	1.0	0.0
sy_ter33	0.082	1.0	0.0
sy_ter34	0.071	1.0	0.0
sy_ter35	0.278	1.0	0.0
sy_ter36	0.213	1.0	0.0
sy_ter37	0.109	1.0	0.0
sy_ter38	0.115	1.0	0.0
sy_ter39	0.283	1.0	0.0
sy_ter80	0.044	1.0	0.0
sy_ter81	0.142	1.0	0.0
sy_ter82	0.233	1.0	0.0
sy_ter83	0.036	1.0	0.0
sy_ter84	0.053	1.0	0.0
sy_ter85	0.044	1.0	0.0
sy_ter86	0.139	1.0	0.0
sy_ter87	0.16	1.0	0.0
sy_ter88	0.136	1.0	0.0
