  single point
     hill_main     1.200000000000000         1.000000         0.000000    
     hill_mang     1.200000000000000         1.000000         0.000000    
       hill_se     1.200000000000000         1.000000         0.000000    
    kh_h_flat1     5.724547100000000         1.000000         0.000000    
   kh_h_flat10     50.46999900000000         1.000000         0.000000    
    kh_h_flat2     42.17109900000000         1.000000         0.000000    
    kh_h_flat3     169.3793300000000         1.000000         0.000000    
    kh_h_flat4     1000.000000000000         1.000000         0.000000    
   kh_h_flat45     648.5709800000000         1.000000         0.000000    
   kh_h_flat46     1000.000000000000         1.000000         0.000000    
    kh_h_flat5     1000.000000000000         1.000000         0.000000    
   kh_h_flat51     1000.000000000000         1.000000         0.000000    
    kh_h_flat6    0.2093562600000000         1.000000         0.000000    
    kh_h_flat7     1000.000000000000         1.000000         0.000000    
    kh_h_flat8     1000.000000000000         1.000000         0.000000    
   kh_h_flat89     1000.000000000000         1.000000         0.000000    
    kh_h_flat9     121.4817200000000         1.000000         0.000000    
     kh_hill11    1.0000000000000000E-02     1.000000         0.000000    
     kh_hill12     1.007198300000000         1.000000         0.000000    
     kh_hill13     63.67597500000000         1.000000         0.000000    
       kh_lake     25.81169800000000         1.000000         0.000000    
     kh_mang16     8.364154900000001         1.000000         0.000000    
     kh_mang17     1000.000000000000         1.000000         0.000000    
     kh_mang18     88.34947300000000         1.000000         0.000000    
     kh_mang19    1.0000000000000000E-02     1.000000         0.000000    
     kh_mang20     339.2059300000000         1.000000         0.000000    
     kh_mang21     5.679000700000000         1.000000         0.000000    
     kh_mang22    0.3297780000000000         1.000000         0.000000    
     kh_mor_l0     1000.000000000000         1.000000         0.000000    
     kh_mor_l1    0.1212273500000000         1.000000         0.000000    
    kh_riv_g23     1.182805200000000         1.000000         0.000000    
    kh_riv_g24    0.2829469200000000         1.000000         0.000000    
    kh_riv_g25     76.98251100000000         1.000000         0.000000    
    kh_riv_g26     85.21919900000000         1.000000         0.000000    
    kh_riv_g27    5.0490447000000001E-02     1.000000         0.000000    
    kh_riv_g28     65.47721600000000         1.000000         0.000000    
    kh_riv_g29     413.4120200000000         1.000000         0.000000    
    kh_riv_g30     1000.000000000000         1.000000         0.000000    
    kh_riv_g60     1000.000000000000         1.000000         0.000000    
    kh_riv_g61     97.63332500000000         1.000000         0.000000    
    kh_riv_g62     266.8919500000000         1.000000         0.000000    
    kh_riv_g63    1.0000000000000000E-02     1.000000         0.000000    
    kh_sandy31     70.16567700000000         1.000000         0.000000    
    kh_sandy32     8.847220000000000         1.000000         0.000000    
    kh_sandy70     5.089368600000000         1.000000         0.000000    
    kh_sandy71    4.8520819999999999E-02     1.000000         0.000000    
      kh_ter14    0.4555153800000000         1.000000         0.000000    
      kh_ter15     169.5436700000000         1.000000         0.000000    
      kh_ter33     1000.000000000000         1.000000         0.000000    
      kh_ter34     1000.000000000000         1.000000         0.000000    
      kh_ter35     1000.000000000000         1.000000         0.000000    
      kh_ter36     130.4620900000000         1.000000         0.000000    
      kh_ter37     136.5105900000000         1.000000         0.000000    
      kh_ter38    1.0000000000000000E-02     1.000000         0.000000    
      kh_ter39    0.1402543700000000         1.000000         0.000000    
      kh_ter80     1000.000000000000         1.000000         0.000000    
      kh_ter81     117.4682300000000         1.000000         0.000000    
      kh_ter82     7.163104200000000         1.000000         0.000000    
      kh_ter83    1.0000000000000000E-02     1.000000         0.000000    
      kh_ter84     1000.000000000000         1.000000         0.000000    
      kh_ter85    0.6284058000000000         1.000000         0.000000    
      kh_ter86     2.002117100000000         1.000000         0.000000    
      kh_ter87    1.0000000000000000E-02     1.000000         0.000000    
      kh_ter88     810.8760300000000         1.000000         0.000000    
      race_all     1.200000000000000         1.000000         0.000000    
       rch_all    0.5000000000000000         1.000000         0.000000    
        riv_c1     1079.110700000000         1.000000         0.000000    
     riv_gview     50.00000000000000         1.000000         0.000000    
        riv_h1     820.7497200000000         1.000000         0.000000    
        riv_h2     1293.337400000000         1.000000         0.000000    
        riv_h3     3924.275100000000         1.000000         0.000000    
      riv_john     50.00000000000000         1.000000         0.000000    
    sy_h_flat1    1.0000000000000000E-04     1.000000         0.000000    
   sy_h_flat10    0.3000000000000000         1.000000         0.000000    
    sy_h_flat2    0.3000000000000000         1.000000         0.000000    
    sy_h_flat3    1.4148412999999999E-03     1.000000         0.000000    
    sy_h_flat4    0.3000000000000000         1.000000         0.000000    
   sy_h_flat45    0.1807552300000000         1.000000         0.000000    
   sy_h_flat46    1.0000000000000000E-04     1.000000         0.000000    
    sy_h_flat5    1.8223750000000000E-04     1.000000         0.000000    
   sy_h_flat51    3.8395100000000000E-03     1.000000         0.000000    
    sy_h_flat6    2.0017241999999999E-03     1.000000         0.000000    
    sy_h_flat7    0.3000000000000000         1.000000         0.000000    
    sy_h_flat8    1.8547804000000001E-02     1.000000         0.000000    
   sy_h_flat89    0.3000000000000000         1.000000         0.000000    
    sy_h_flat9    0.3000000000000000         1.000000         0.000000    
     sy_hill11    1.0000000000000000E-04     1.000000         0.000000    
     sy_hill12    1.1305701000000000E-03     1.000000         0.000000    
     sy_hill13    2.2650271999999998E-03     1.000000         0.000000    
     sy_mang16    2.5370677000000001E-02     1.000000         0.000000    
     sy_mang17    3.1925904999999997E-02     1.000000         0.000000    
     sy_mang18    0.2750081700000000         1.000000         0.000000    
     sy_mang19    9.0135742000000004E-04     1.000000         0.000000    
     sy_mang20    0.1153600300000000         1.000000         0.000000    
     sy_mang21    1.0505242000000000E-02     1.000000         0.000000    
     sy_mang22    1.9971601000000000E-03     1.000000         0.000000    
    sy_riv_g23    6.3524611000000000E-04     1.000000         0.000000    
    sy_riv_g24    1.6267025000000001E-02     1.000000         0.000000    
    sy_riv_g25    0.3000000000000000         1.000000         0.000000    
    sy_riv_g26    0.3000000000000000         1.000000         0.000000    
    sy_riv_g27    1.5033092000000001E-03     1.000000         0.000000    
    sy_riv_g28    6.8401249999999996E-04     1.000000         0.000000    
    sy_riv_g29    9.7348875000000004E-04     1.000000         0.000000    
    sy_riv_g30    0.2278980100000000         1.000000         0.000000    
    sy_riv_g60    3.9726034000000000E-03     1.000000         0.000000    
    sy_riv_g61    4.4281651999999998E-02     1.000000         0.000000    
    sy_riv_g62    0.1659478400000000         1.000000         0.000000    
    sy_riv_g63    1.1184517999999999E-02     1.000000         0.000000    
    sy_sandy31    1.3796978999999999E-03     1.000000         0.000000    
    sy_sandy32    9.0050735000000003E-03     1.000000         0.000000    
    sy_sandy70    1.4551905000000000E-03     1.000000         0.000000    
    sy_sandy71    9.9938033999999992E-03     1.000000         0.000000    
  sy_ss_mor_l0    8.5179414000000005E-05     1.000000         0.000000    
  sy_ss_mor_l1    4.1779418999999998E-04     1.000000         0.000000    
    sy_ss_rest    6.1681243999999995E-05     1.000000         0.000000    
  sy_sy_mor_l0    0.1067766600000000         1.000000         0.000000    
  sy_sy_mor_l1    9.9999235999999997E-04     1.000000         0.000000    
      sy_ter14    9.7129065000000001E-03     1.000000         0.000000    
      sy_ter15    1.0635041000000000E-04     1.000000         0.000000    
      sy_ter33    0.3000000000000000         1.000000         0.000000    
      sy_ter34    0.3000000000000000         1.000000         0.000000    
      sy_ter35    8.6553335999999995E-02     1.000000         0.000000    
      sy_ter36    0.1528951600000000         1.000000         0.000000    
      sy_ter37    0.3000000000000000         1.000000         0.000000    
      sy_ter38    0.3000000000000000         1.000000         0.000000    
      sy_ter39    1.6289089999999999E-02     1.000000         0.000000    
      sy_ter80    3.4892864000000000E-03     1.000000         0.000000    
      sy_ter81    0.3000000000000000         1.000000         0.000000    
      sy_ter82    3.6152658000000002E-03     1.000000         0.000000    
      sy_ter83    0.3000000000000000         1.000000         0.000000    
      sy_ter84    1.2437650000000000E-02     1.000000         0.000000    
      sy_ter85    0.1446882200000000         1.000000         0.000000    
      sy_ter86    0.3000000000000000         1.000000         0.000000    
      sy_ter87    0.3000000000000000         1.000000         0.000000    
      sy_ter88    5.1513410000000003E-02     1.000000         0.000000    
