  single point
     hill_main     1.013536000000000         1.000000         0.000000    
     hill_mang     1.200000000000000         1.000000         0.000000    
       hill_se     1.200000000000000         1.000000         0.000000    
    kh_h_flat1     26.69092200000000         1.000000         0.000000    
   kh_h_flat10     13.47211000000000         1.000000         0.000000    
    kh_h_flat2     5.867774200000000         1.000000         0.000000    
    kh_h_flat3     465.8288900000000         1.000000         0.000000    
    kh_h_flat4     906.2123100000000         1.000000         0.000000    
   kh_h_flat45     1000.000000000000         1.000000         0.000000    
   kh_h_flat46     102.2836100000000         1.000000         0.000000    
    kh_h_flat5     1000.000000000000         1.000000         0.000000    
   kh_h_flat51     1000.000000000000         1.000000         0.000000    
    kh_h_flat6     1000.000000000000         1.000000         0.000000    
    kh_h_flat7     1000.000000000000         1.000000         0.000000    
    kh_h_flat8     1000.000000000000         1.000000         0.000000    
   kh_h_flat89     1000.000000000000         1.000000         0.000000    
    kh_h_flat9     487.4615800000000         1.000000         0.000000    
     kh_hill11     24.56007800000000         1.000000         0.000000    
     kh_hill12     1000.000000000000         1.000000         0.000000    
     kh_hill13     519.2048400000000         1.000000         0.000000    
       kh_lake     18.42513600000000         1.000000         0.000000    
     kh_mang16     13.05152100000000         1.000000         0.000000    
     kh_mang17     1000.000000000000         1.000000         0.000000    
     kh_mang18     256.0388600000000         1.000000         0.000000    
     kh_mang19    1.4596407000000000E-02     1.000000         0.000000    
     kh_mang20     707.4402400000000         1.000000         0.000000    
     kh_mang21     1000.000000000000         1.000000         0.000000    
     kh_mang22     3.519587500000000         1.000000         0.000000    
     kh_mor_l0     1000.000000000000         1.000000         0.000000    
     kh_mor_l1    2.5224389999999999E-02     1.000000         0.000000    
    kh_riv_g23    0.9235967000000000         1.000000         0.000000    
    kh_riv_g24     12.48519200000000         1.000000         0.000000    
    kh_riv_g25     228.5206100000000         1.000000         0.000000    
    kh_riv_g26     209.0784700000000         1.000000         0.000000    
    kh_riv_g27    0.6317422200000000         1.000000         0.000000    
    kh_riv_g28     103.5879000000000         1.000000         0.000000    
    kh_riv_g29     990.4867800000000         1.000000         0.000000    
    kh_riv_g30     1000.000000000000         1.000000         0.000000    
    kh_riv_g60     1000.000000000000         1.000000         0.000000    
    kh_riv_g61     19.94324100000000         1.000000         0.000000    
    kh_riv_g62     1000.000000000000         1.000000         0.000000    
    kh_riv_g63    2.3019252000000000E-02     1.000000         0.000000    
    kh_sandy31     713.9516900000000         1.000000         0.000000    
    kh_sandy32     179.9635900000000         1.000000         0.000000    
    kh_sandy70    0.7619655600000000         1.000000         0.000000    
    kh_sandy71    0.1803752600000000         1.000000         0.000000    
      kh_ter14     1.362081200000000         1.000000         0.000000    
      kh_ter15     328.9560700000000         1.000000         0.000000    
      kh_ter33     1000.000000000000         1.000000         0.000000    
      kh_ter34     1000.000000000000         1.000000         0.000000    
      kh_ter35     1000.000000000000         1.000000         0.000000    
      kh_ter36     129.0888800000000         1.000000         0.000000    
      kh_ter37     116.6044200000000         1.000000         0.000000    
      kh_ter38    1.0000000000000000E-02     1.000000         0.000000    
      kh_ter39    0.5515211300000000         1.000000         0.000000    
      kh_ter80     14.34103900000000         1.000000         0.000000    
      kh_ter81     125.6379600000000         1.000000         0.000000    
      kh_ter82    7.9675871999999995E-02     1.000000         0.000000    
      kh_ter83     4.457397200000000         1.000000         0.000000    
      kh_ter84     1000.000000000000         1.000000         0.000000    
      kh_ter85     3.892188300000000         1.000000         0.000000    
      kh_ter86     2.145125500000000         1.000000         0.000000    
      kh_ter87    0.5101244400000000         1.000000         0.000000    
      kh_ter88     1000.000000000000         1.000000         0.000000    
      race_all     1.170213000000000         1.000000         0.000000    
       rch_all    0.6954104100000000         1.000000         0.000000    
        riv_c1     2090.417700000000         1.000000         0.000000    
     riv_gview     52.95040400000000         1.000000         0.000000    
        riv_h1     1451.895700000000         1.000000         0.000000    
        riv_h2     1357.812400000000         1.000000         0.000000    
        riv_h3     10000.00000000000         1.000000         0.000000    
      riv_john     50.00000000000000         1.000000         0.000000    
    sy_h_flat1    8.2984197999999999E-04     1.000000         0.000000    
   sy_h_flat10    3.9954785999999999E-02     1.000000         0.000000    
    sy_h_flat2    0.3000000000000000         1.000000         0.000000    
    sy_h_flat3    2.5874964000000000E-04     1.000000         0.000000    
    sy_h_flat4    0.3000000000000000         1.000000         0.000000    
   sy_h_flat45    0.1421224200000000         1.000000         0.000000    
   sy_h_flat46    5.2020164000000004E-03     1.000000         0.000000    
    sy_h_flat5    1.0012274000000000E-02     1.000000         0.000000    
   sy_h_flat51    0.1963756600000000         1.000000         0.000000    
    sy_h_flat6    5.9987666999999998E-03     1.000000         0.000000    
    sy_h_flat7    0.3000000000000000         1.000000         0.000000    
    sy_h_flat8    1.3864101000000000E-02     1.000000         0.000000    
   sy_h_flat89    8.6679638000000003E-02     1.000000         0.000000    
    sy_h_flat9    2.5616743000000000E-03     1.000000         0.000000    
     sy_hill11    1.3048288999999999E-03     1.000000         0.000000    
     sy_hill12    1.2288311999999999E-02     1.000000         0.000000    
     sy_hill13    4.0169752000000000E-03     1.000000         0.000000    
     sy_mang16    1.0028552000000000E-03     1.000000         0.000000    
     sy_mang17    0.2067706700000000         1.000000         0.000000    
     sy_mang18    1.0336722000000000E-02     1.000000         0.000000    
     sy_mang19    1.8351417000000000E-03     1.000000         0.000000    
     sy_mang20    2.5674427000000000E-02     1.000000         0.000000    
     sy_mang21    0.1455048000000000         1.000000         0.000000    
     sy_mang22    3.5682386999999999E-03     1.000000         0.000000    
    sy_riv_g23    5.9646139000000002E-04     1.000000         0.000000    
    sy_riv_g24    4.0069111999999997E-02     1.000000         0.000000    
    sy_riv_g25    0.3000000000000000         1.000000         0.000000    
    sy_riv_g26    0.3000000000000000         1.000000         0.000000    
    sy_riv_g27    1.6522887000000000E-03     1.000000         0.000000    
    sy_riv_g28    2.0316073000000001E-04     1.000000         0.000000    
    sy_riv_g29    1.0451429000000001E-03     1.000000         0.000000    
    sy_riv_g30    6.3814541000000002E-02     1.000000         0.000000    
    sy_riv_g60    4.5689103999999999E-03     1.000000         0.000000    
    sy_riv_g61    0.3000000000000000         1.000000         0.000000    
    sy_riv_g62    4.9286845000000003E-02     1.000000         0.000000    
    sy_riv_g63    5.2405133000000001E-03     1.000000         0.000000    
    sy_sandy31    1.7543717000000000E-03     1.000000         0.000000    
    sy_sandy32    9.4149731999999993E-03     1.000000         0.000000    
    sy_sandy70    1.7524666000000000E-03     1.000000         0.000000    
    sy_sandy71    1.5054265000000001E-02     1.000000         0.000000    
  sy_ss_mor_l0    8.1422103999999999E-05     1.000000         0.000000    
  sy_ss_mor_l1    1.0000000000000000E-03     1.000000         0.000000    
    sy_ss_rest    2.6980730999999999E-06     1.000000         0.000000    
  sy_sy_mor_l0    1.0012399000000000E-02     1.000000         0.000000    
  sy_sy_mor_l1    9.9999340999999990E-04     1.000000         0.000000    
      sy_ter14    1.7054896000000000E-02     1.000000         0.000000    
      sy_ter15    3.2656972999999998E-04     1.000000         0.000000    
      sy_ter33    0.3000000000000000         1.000000         0.000000    
      sy_ter34    0.3000000000000000         1.000000         0.000000    
      sy_ter35    0.2010776300000000         1.000000         0.000000    
      sy_ter36    0.3000000000000000         1.000000         0.000000    
      sy_ter37    0.3000000000000000         1.000000         0.000000    
      sy_ter38    0.3000000000000000         1.000000         0.000000    
      sy_ter39    2.6905116999999999E-02     1.000000         0.000000    
      sy_ter80    9.8093469999999995E-03     1.000000         0.000000    
      sy_ter81    0.3000000000000000         1.000000         0.000000    
      sy_ter82    1.3699831000000001E-02     1.000000         0.000000    
      sy_ter83    2.2546763999999999E-03     1.000000         0.000000    
      sy_ter84    6.3583016000000006E-02     1.000000         0.000000    
      sy_ter85    6.1786723000000002E-03     1.000000         0.000000    
      sy_ter86    0.1524581600000000         1.000000         0.000000    
      sy_ter87    1.7417384000000001E-02     1.000000         0.000000    
      sy_ter88    0.3000000000000000         1.000000         0.000000    
