  single point
     hill_main    0.8435837500000000         1.000000         0.000000    
     hill_mang    0.9000000000000000         1.000000         0.000000    
       hill_se     1.196218900000000         1.000000         0.000000    
    kh_h_flat1     70.36065400000000         1.000000         0.000000    
   kh_h_flat10     106.1919300000000         1.000000         0.000000    
    kh_h_flat2     40.27665300000000         1.000000         0.000000    
    kh_h_flat3     561.2810899999999         1.000000         0.000000    
    kh_h_flat4     150.2586400000000         1.000000         0.000000    
   kh_h_flat45     357.1600200000000         1.000000         0.000000    
   kh_h_flat46     24.65615400000000         1.000000         0.000000    
    kh_h_flat5     1000.000000000000         1.000000         0.000000    
   kh_h_flat51     1000.000000000000         1.000000         0.000000    
    kh_h_flat6     1000.000000000000         1.000000         0.000000    
    kh_h_flat7     1000.000000000000         1.000000         0.000000    
    kh_h_flat8     893.3440800000000         1.000000         0.000000    
   kh_h_flat89     1000.000000000000         1.000000         0.000000    
    kh_h_flat9     106.2664100000000         1.000000         0.000000    
     kh_hill11     204.2374400000000         1.000000         0.000000    
     kh_hill12     722.2233199999999         1.000000         0.000000    
     kh_hill13     298.5475100000000         1.000000         0.000000    
       kh_lake     17.55898200000000         1.000000         0.000000    
     kh_mang16     143.7494800000000         1.000000         0.000000    
     kh_mang17     222.2490100000000         1.000000         0.000000    
     kh_mang18     197.4132700000000         1.000000         0.000000    
     kh_mang19     9.079435100000000         1.000000         0.000000    
     kh_mang20     775.8783400000000         1.000000         0.000000    
     kh_mang21     54.86338900000000         1.000000         0.000000    
     kh_mang22     32.90098900000000         1.000000         0.000000    
     kh_mor_l0     1000.000000000000         1.000000         0.000000    
     kh_mor_l1    1.3322617000000001E-04     1.000000         0.000000    
    kh_riv_g23     66.37547000000001         1.000000         0.000000    
    kh_riv_g24     351.2779700000000         1.000000         0.000000    
    kh_riv_g25     683.8558300000000         1.000000         0.000000    
    kh_riv_g26     422.9604200000000         1.000000         0.000000    
    kh_riv_g27     40.60592400000000         1.000000         0.000000    
    kh_riv_g28     200.5760900000000         1.000000         0.000000    
    kh_riv_g29     392.0804100000000         1.000000         0.000000    
    kh_riv_g30     1000.000000000000         1.000000         0.000000    
    kh_riv_g60     165.6680800000000         1.000000         0.000000    
    kh_riv_g61     7.482354100000000         1.000000         0.000000    
    kh_riv_g62     210.9510600000000         1.000000         0.000000    
    kh_riv_g63     915.3299900000000         1.000000         0.000000    
    kh_sandy31     839.2885400000000         1.000000         0.000000    
    kh_sandy32     263.4571300000000         1.000000         0.000000    
    kh_sandy70    0.4129627700000000         1.000000         0.000000    
    kh_sandy71     6.636813100000000         1.000000         0.000000    
      kh_ter14     3.914708900000000         1.000000         0.000000    
      kh_ter15     239.0171500000000         1.000000         0.000000    
      kh_ter33     1000.000000000000         1.000000         0.000000    
      kh_ter34     242.2515100000000         1.000000         0.000000    
      kh_ter35     1000.000000000000         1.000000         0.000000    
      kh_ter36     23.49910500000000         1.000000         0.000000    
      kh_ter37     347.7603000000000         1.000000         0.000000    
      kh_ter38    0.6933764000000000         1.000000         0.000000    
      kh_ter39     4.552303100000000         1.000000         0.000000    
      kh_ter80     6.163224800000000         1.000000         0.000000    
      kh_ter81     195.0390500000000         1.000000         0.000000    
      kh_ter82     52.67606400000000         1.000000         0.000000    
      kh_ter83     498.3012200000000         1.000000         0.000000    
      kh_ter84     1000.000000000000         1.000000         0.000000    
      kh_ter85     43.71107700000000         1.000000         0.000000    
      kh_ter86     7.237144700000000         1.000000         0.000000    
      kh_ter87     221.4043900000000         1.000000         0.000000    
      kh_ter88     15.24842700000000         1.000000         0.000000    
      race_all    0.8265266300000000         1.000000         0.000000    
       rch_all    0.9768057900000000         1.000000         0.000000    
        riv_c1     1035.530600000000         1.000000         0.000000    
     riv_gview     76.54240600000000         1.000000         0.000000    
        riv_h1     1504.078000000000         1.000000         0.000000    
        riv_h2     756.6954300000000         1.000000         0.000000    
        riv_h3     1852.516600000000         1.000000         0.000000    
      riv_john     50.00000000000000         1.000000         0.000000    
    sy_h_flat1    2.1960467999999999E-03     1.000000         0.000000    
   sy_h_flat10    1.5703924000000001E-02     1.000000         0.000000    
    sy_h_flat2    8.5281953999999993E-02     1.000000         0.000000    
    sy_h_flat3    4.1921183000000004E-03     1.000000         0.000000    
    sy_h_flat4    9.0511373000000006E-02     1.000000         0.000000    
   sy_h_flat45    1.3286552000000000E-02     1.000000         0.000000    
   sy_h_flat46    5.4356012999999996E-03     1.000000         0.000000    
    sy_h_flat5    8.0400344999999995E-03     1.000000         0.000000    
   sy_h_flat51    4.2016365999999999E-02     1.000000         0.000000    
    sy_h_flat6    6.4777947999999997E-03     1.000000         0.000000    
    sy_h_flat7    1.3343304000000000E-02     1.000000         0.000000    
    sy_h_flat8    6.1647242999999996E-03     1.000000         0.000000    
   sy_h_flat89    4.5536276000000001E-02     1.000000         0.000000    
    sy_h_flat9    3.9456188999999996E-03     1.000000         0.000000    
     sy_hill11    1.2629951000000000E-02     1.000000         0.000000    
     sy_hill12    4.9164899999999999E-03     1.000000         0.000000    
     sy_hill13    7.7464344000000001E-03     1.000000         0.000000    
     sy_mang16    1.0337442000000001E-02     1.000000         0.000000    
     sy_mang17    0.2285136900000000         1.000000         0.000000    
     sy_mang18    3.3808086000000001E-03     1.000000         0.000000    
     sy_mang19    3.3869101999999999E-04     1.000000         0.000000    
     sy_mang20    5.0177190000000003E-02     1.000000         0.000000    
     sy_mang21    2.7371736000000001E-03     1.000000         0.000000    
     sy_mang22    1.0192549000000000E-02     1.000000         0.000000    
    sy_riv_g23    4.7855084999999997E-03     1.000000         0.000000    
    sy_riv_g24    7.8996987000000008E-03     1.000000         0.000000    
    sy_riv_g25    7.9378964999999996E-02     1.000000         0.000000    
    sy_riv_g26    0.3000000000000000         1.000000         0.000000    
    sy_riv_g27    5.4995783999999999E-03     1.000000         0.000000    
    sy_riv_g28    1.5632746999999999E-03     1.000000         0.000000    
    sy_riv_g29    5.0937769999999999E-03     1.000000         0.000000    
    sy_riv_g30    1.4095356000000000E-02     1.000000         0.000000    
    sy_riv_g60    6.8794498000000004E-03     1.000000         0.000000    
    sy_riv_g61    4.8876902999999998E-03     1.000000         0.000000    
    sy_riv_g62    3.3044086000000000E-02     1.000000         0.000000    
    sy_riv_g63    5.0566769999999999E-03     1.000000         0.000000    
    sy_sandy31    5.5371626999999998E-03     1.000000         0.000000    
    sy_sandy32    7.1321433000000002E-03     1.000000         0.000000    
    sy_sandy70    8.0324708999999998E-03     1.000000         0.000000    
    sy_sandy71    1.1482925000000000E-02     1.000000         0.000000    
  sy_ss_mor_l0    8.4721361999999994E-05     1.000000         0.000000    
  sy_ss_mor_l1    4.3507411999999998E-04     1.000000         0.000000    
    sy_ss_rest    4.2221618000000003E-06     1.000000         0.000000    
  sy_sy_mor_l0    8.4092310000000003E-02     1.000000         0.000000    
  sy_sy_mor_l1    1.0000000000000000E-03     1.000000         0.000000    
      sy_ter14    6.8015779000000004E-03     1.000000         0.000000    
      sy_ter15    4.4948003000000000E-02     1.000000         0.000000    
      sy_ter33    6.0808829000000000E-03     1.000000         0.000000    
      sy_ter34    9.3431686000000000E-03     1.000000         0.000000    
      sy_ter35    0.3000000000000000         1.000000         0.000000    
      sy_ter36    3.2640532000000000E-02     1.000000         0.000000    
      sy_ter37    0.1018152600000000         1.000000         0.000000    
      sy_ter38    5.5427634000000003E-02     1.000000         0.000000    
      sy_ter39    2.1398691000000001E-02     1.000000         0.000000    
      sy_ter80    3.5341818999999998E-03     1.000000         0.000000    
      sy_ter81    0.3000000000000000         1.000000         0.000000    
      sy_ter82    5.6851654000000000E-03     1.000000         0.000000    
      sy_ter83    2.9110331000000000E-03     1.000000         0.000000    
      sy_ter84    7.3766552000000003E-03     1.000000         0.000000    
      sy_ter85    6.3754496000000003E-03     1.000000         0.000000    
      sy_ter86    7.5587116999999999E-03     1.000000         0.000000    
      sy_ter87    1.6586824000000000E-03     1.000000         0.000000    
      sy_ter88    6.6102913999999999E-02     1.000000         0.000000    
