  single point
     hill_main     1.200000000000000         1.000000         0.000000    
     hill_mang     1.200000000000000         1.000000         0.000000    
       hill_se     1.200000000000000         1.000000         0.000000    
    kh_h_flat1     5.701493100000000         1.000000         0.000000    
   kh_h_flat10     68.13803900000001         1.000000         0.000000    
    kh_h_flat2     40.84649400000000         1.000000         0.000000    
    kh_h_flat3     188.9607300000000         1.000000         0.000000    
    kh_h_flat4     1000.000000000000         1.000000         0.000000    
   kh_h_flat45     640.9371200000000         1.000000         0.000000    
   kh_h_flat46     1000.000000000000         1.000000         0.000000    
    kh_h_flat5     1000.000000000000         1.000000         0.000000    
   kh_h_flat51     1000.000000000000         1.000000         0.000000    
    kh_h_flat6    0.4465587200000000         1.000000         0.000000    
    kh_h_flat7     1000.000000000000         1.000000         0.000000    
    kh_h_flat8     1000.000000000000         1.000000         0.000000    
   kh_h_flat89     1000.000000000000         1.000000         0.000000    
    kh_h_flat9     98.28773000000000         1.000000         0.000000    
     kh_hill11    2.1724686999999999E-02     1.000000         0.000000    
     kh_hill12     4.437867900000000         1.000000         0.000000    
     kh_hill13     103.9884800000000         1.000000         0.000000    
       kh_lake     26.15004900000000         1.000000         0.000000    
     kh_mang16     8.492059200000000         1.000000         0.000000    
     kh_mang17     1000.000000000000         1.000000         0.000000    
     kh_mang18     91.74650200000001         1.000000         0.000000    
     kh_mang19    1.0000000000000000E-02     1.000000         0.000000    
     kh_mang20     388.4701300000000         1.000000         0.000000    
     kh_mang21     25.15478500000000         1.000000         0.000000    
     kh_mang22    0.2951024700000000         1.000000         0.000000    
     kh_mor_l0     1000.000000000000         1.000000         0.000000    
     kh_mor_l1    0.1122479700000000         1.000000         0.000000    
    kh_riv_g23     1.480573400000000         1.000000         0.000000    
    kh_riv_g24    0.7752668800000000         1.000000         0.000000    
    kh_riv_g25     96.22526000000001         1.000000         0.000000    
    kh_riv_g26     59.51839100000000         1.000000         0.000000    
    kh_riv_g27    9.9309759999999997E-02     1.000000         0.000000    
    kh_riv_g28     59.75999400000000         1.000000         0.000000    
    kh_riv_g29     525.9170900000000         1.000000         0.000000    
    kh_riv_g30     1000.000000000000         1.000000         0.000000    
    kh_riv_g60     1000.000000000000         1.000000         0.000000    
    kh_riv_g61     78.27431400000000         1.000000         0.000000    
    kh_riv_g62     335.3922300000000         1.000000         0.000000    
    kh_riv_g63    1.0000000000000000E-02     1.000000         0.000000    
    kh_sandy31     113.7647300000000         1.000000         0.000000    
    kh_sandy32     23.99048600000000         1.000000         0.000000    
    kh_sandy70     2.308235700000000         1.000000         0.000000    
    kh_sandy71    7.5417385000000003E-02     1.000000         0.000000    
      kh_ter14    0.5527930200000000         1.000000         0.000000    
      kh_ter15     201.5108700000000         1.000000         0.000000    
      kh_ter33     585.6505400000000         1.000000         0.000000    
      kh_ter34     1000.000000000000         1.000000         0.000000    
      kh_ter35     1000.000000000000         1.000000         0.000000    
      kh_ter36     87.26693700000000         1.000000         0.000000    
      kh_ter37     109.2830700000000         1.000000         0.000000    
      kh_ter38    1.0000000000000000E-02     1.000000         0.000000    
      kh_ter39    0.2287247900000000         1.000000         0.000000    
      kh_ter80     240.4393700000000         1.000000         0.000000    
      kh_ter81     120.3712700000000         1.000000         0.000000    
      kh_ter82     2.144263100000000         1.000000         0.000000    
      kh_ter83    0.2112630400000000         1.000000         0.000000    
      kh_ter84     1000.000000000000         1.000000         0.000000    
      kh_ter85     1.473766400000000         1.000000         0.000000    
      kh_ter86     1.381535100000000         1.000000         0.000000    
      kh_ter87    2.8628102999999998E-02     1.000000         0.000000    
      kh_ter88     1000.000000000000         1.000000         0.000000    
      race_all     1.200000000000000         1.000000         0.000000    
       rch_all    0.5000000000000000         1.000000         0.000000    
        riv_c1     979.9738000000000         1.000000         0.000000    
     riv_gview     50.00000000000000         1.000000         0.000000    
        riv_h1     877.0845200000000         1.000000         0.000000    
        riv_h2     1223.907300000000         1.000000         0.000000    
        riv_h3     4305.493800000000         1.000000         0.000000    
      riv_john     50.00000000000000         1.000000         0.000000    
    sy_h_flat1    1.0000000000000000E-04     1.000000         0.000000    
   sy_h_flat10    0.3000000000000000         1.000000         0.000000    
    sy_h_flat2    0.3000000000000000         1.000000         0.000000    
    sy_h_flat3    1.4731319000000000E-03     1.000000         0.000000    
    sy_h_flat4    0.3000000000000000         1.000000         0.000000    
   sy_h_flat45    0.2168790100000000         1.000000         0.000000    
   sy_h_flat46    1.0000000000000000E-04     1.000000         0.000000    
    sy_h_flat5    2.7591106999999999E-04     1.000000         0.000000    
   sy_h_flat51    4.0941902000000002E-03     1.000000         0.000000    
    sy_h_flat6    1.9927819000000002E-03     1.000000         0.000000    
    sy_h_flat7    0.3000000000000000         1.000000         0.000000    
    sy_h_flat8    2.4056114000000000E-02     1.000000         0.000000    
   sy_h_flat89    0.2002341100000000         1.000000         0.000000    
    sy_h_flat9    0.3000000000000000         1.000000         0.000000    
     sy_hill11    1.0000000000000000E-04     1.000000         0.000000    
     sy_hill12    9.0200049000000002E-04     1.000000         0.000000    
     sy_hill13    2.4754994000000001E-03     1.000000         0.000000    
     sy_mang16    1.2714787999999999E-02     1.000000         0.000000    
     sy_mang17    2.1167754000000000E-02     1.000000         0.000000    
     sy_mang18    0.1768723300000000         1.000000         0.000000    
     sy_mang19    6.7341010000000001E-03     1.000000         0.000000    
     sy_mang20    7.7323935999999996E-02     1.000000         0.000000    
     sy_mang21    1.8507949999999999E-02     1.000000         0.000000    
     sy_mang22    1.8795594000000000E-03     1.000000         0.000000    
    sy_riv_g23    6.2586770999999999E-04     1.000000         0.000000    
    sy_riv_g24    1.4909502000000000E-02     1.000000         0.000000    
    sy_riv_g25    0.3000000000000000         1.000000         0.000000    
    sy_riv_g26    0.3000000000000000         1.000000         0.000000    
    sy_riv_g27    1.4244520999999999E-03     1.000000         0.000000    
    sy_riv_g28    5.3095010000000001E-04     1.000000         0.000000    
    sy_riv_g29    1.0105406999999999E-03     1.000000         0.000000    
    sy_riv_g30    0.1856657200000000         1.000000         0.000000    
    sy_riv_g60    4.2824335999999998E-03     1.000000         0.000000    
    sy_riv_g61    5.8595335999999998E-02     1.000000         0.000000    
    sy_riv_g62    0.1881996900000000         1.000000         0.000000    
    sy_riv_g63    4.2748003999999997E-03     1.000000         0.000000    
    sy_sandy31    8.7588911000000002E-04     1.000000         0.000000    
    sy_sandy32    1.0414219000000001E-02     1.000000         0.000000    
    sy_sandy70    6.7701665999999998E-04     1.000000         0.000000    
    sy_sandy71    1.2000923000000000E-02     1.000000         0.000000    
  sy_ss_mor_l0    8.3378515999999998E-05     1.000000         0.000000    
  sy_ss_mor_l1    4.9759786000000005E-04     1.000000         0.000000    
    sy_ss_rest    6.0094995000000001E-06     1.000000         0.000000    
  sy_sy_mor_l0    6.2082758000000002E-02     1.000000         0.000000    
  sy_sy_mor_l1    9.9999235999999997E-04     1.000000         0.000000    
      sy_ter14    1.0866021000000000E-02     1.000000         0.000000    
      sy_ter15    1.2112671000000000E-04     1.000000         0.000000    
      sy_ter33    0.3000000000000000         1.000000         0.000000    
      sy_ter34    0.3000000000000000         1.000000         0.000000    
      sy_ter35    7.3904950999999997E-02     1.000000         0.000000    
      sy_ter36    0.1506399600000000         1.000000         0.000000    
      sy_ter37    0.3000000000000000         1.000000         0.000000    
      sy_ter38    0.3000000000000000         1.000000         0.000000    
      sy_ter39    1.3139431000000000E-02     1.000000         0.000000    
      sy_ter80    1.0023707999999999E-02     1.000000         0.000000    
      sy_ter81    0.3000000000000000         1.000000         0.000000    
      sy_ter82    4.1063076999999998E-03     1.000000         0.000000    
      sy_ter83    0.3000000000000000         1.000000         0.000000    
      sy_ter84    1.3819227000000000E-02     1.000000         0.000000    
      sy_ter85    0.1275359000000000         1.000000         0.000000    
      sy_ter86    0.3000000000000000         1.000000         0.000000    
      sy_ter87    0.3000000000000000         1.000000         0.000000    
      sy_ter88    7.4215421000000004E-02     1.000000         0.000000    
