  single point
     hill_main     1.200000000000000         1.000000         0.000000    
     hill_mang     1.200000000000000         1.000000         0.000000    
       hill_se     1.200000000000000         1.000000         0.000000    
    kh_h_flat1     5.073001800000000         1.000000         0.000000    
   kh_h_flat10     6.055979500000000         1.000000         0.000000    
    kh_h_flat2     12.53352400000000         1.000000         0.000000    
    kh_h_flat3     259.6465000000000         1.000000         0.000000    
    kh_h_flat4     1000.000000000000         1.000000         0.000000    
   kh_h_flat45     955.9499400000000         1.000000         0.000000    
   kh_h_flat46     435.3341300000000         1.000000         0.000000    
    kh_h_flat5     1000.000000000000         1.000000         0.000000    
   kh_h_flat51     1000.000000000000         1.000000         0.000000    
    kh_h_flat6     70.32600700000000         1.000000         0.000000    
    kh_h_flat7     1000.000000000000         1.000000         0.000000    
    kh_h_flat8     1000.000000000000         1.000000         0.000000    
   kh_h_flat89     1000.000000000000         1.000000         0.000000    
    kh_h_flat9     115.4003900000000         1.000000         0.000000    
     kh_hill11    0.4229748200000000         1.000000         0.000000    
     kh_hill12     362.4311400000000         1.000000         0.000000    
     kh_hill13     469.6633600000000         1.000000         0.000000    
       kh_lake     27.67731800000000         1.000000         0.000000    
     kh_mang16     8.196978400000001         1.000000         0.000000    
     kh_mang17     1000.000000000000         1.000000         0.000000    
     kh_mang18     187.8632500000000         1.000000         0.000000    
     kh_mang19    1.0000000000000000E-02     1.000000         0.000000    
     kh_mang20     350.2688900000000         1.000000         0.000000    
     kh_mang21     1000.000000000000         1.000000         0.000000    
     kh_mang22    0.4679194900000000         1.000000         0.000000    
     kh_mor_l0     1000.000000000000         1.000000         0.000000    
     kh_mor_l1    6.0937063999999999E-02     1.000000         0.000000    
    kh_riv_g23     1.987191700000000         1.000000         0.000000    
    kh_riv_g24     7.858657300000000         1.000000         0.000000    
    kh_riv_g25     112.6692000000000         1.000000         0.000000    
    kh_riv_g26     97.60109300000001         1.000000         0.000000    
    kh_riv_g27    0.2127751800000000         1.000000         0.000000    
    kh_riv_g28     59.59280300000000         1.000000         0.000000    
    kh_riv_g29     624.3747000000000         1.000000         0.000000    
    kh_riv_g30     1000.000000000000         1.000000         0.000000    
    kh_riv_g60     552.9268700000000         1.000000         0.000000    
    kh_riv_g61     19.64496900000000         1.000000         0.000000    
    kh_riv_g62     576.4782700000000         1.000000         0.000000    
    kh_riv_g63    1.0000000000000000E-02     1.000000         0.000000    
    kh_sandy31     398.5211900000000         1.000000         0.000000    
    kh_sandy32     117.6587100000000         1.000000         0.000000    
    kh_sandy70    0.7395340100000000         1.000000         0.000000    
    kh_sandy71    0.1100209700000000         1.000000         0.000000    
      kh_ter14    0.7193586600000000         1.000000         0.000000    
      kh_ter15     470.2367400000000         1.000000         0.000000    
      kh_ter33     1000.000000000000         1.000000         0.000000    
      kh_ter34     1000.000000000000         1.000000         0.000000    
      kh_ter35     1000.000000000000         1.000000         0.000000    
      kh_ter36     71.56166899999999         1.000000         0.000000    
      kh_ter37     83.15710900000001         1.000000         0.000000    
      kh_ter38    1.0000000000000000E-02     1.000000         0.000000    
      kh_ter39    0.3915543800000000         1.000000         0.000000    
      kh_ter80     31.90445300000000         1.000000         0.000000    
      kh_ter81     87.19877900000000         1.000000         0.000000    
      kh_ter82    0.4811161100000000         1.000000         0.000000    
      kh_ter83     38.24302100000000         1.000000         0.000000    
      kh_ter84     1000.000000000000         1.000000         0.000000    
      kh_ter85     2.457064000000000         1.000000         0.000000    
      kh_ter86     1.088177800000000         1.000000         0.000000    
      kh_ter87    0.1400241900000000         1.000000         0.000000    
      kh_ter88     1000.000000000000         1.000000         0.000000    
      race_all     1.200000000000000         1.000000         0.000000    
       rch_all    0.5000000000000000         1.000000         0.000000    
        riv_c1     932.8899400000000         1.000000         0.000000    
     riv_gview     50.00000000000000         1.000000         0.000000    
        riv_h1     1125.500100000000         1.000000         0.000000    
        riv_h2     1022.523900000000         1.000000         0.000000    
        riv_h3     7842.704200000000         1.000000         0.000000    
      riv_john     50.00000000000000         1.000000         0.000000    
    sy_h_flat1    1.0000000000000000E-04     1.000000         0.000000    
   sy_h_flat10    3.9775656999999999E-02     1.000000         0.000000    
    sy_h_flat2    0.3000000000000000         1.000000         0.000000    
    sy_h_flat3    3.2015738000000000E-04     1.000000         0.000000    
    sy_h_flat4    0.3000000000000000         1.000000         0.000000    
   sy_h_flat45    0.2897465600000000         1.000000         0.000000    
   sy_h_flat46    7.5573665000000002E-04     1.000000         0.000000    
    sy_h_flat5    6.9905322999999999E-04     1.000000         0.000000    
   sy_h_flat51    1.0460739000000000E-02     1.000000         0.000000    
    sy_h_flat6    5.5389441000000001E-03     1.000000         0.000000    
    sy_h_flat7    5.7927337000000002E-02     1.000000         0.000000    
    sy_h_flat8    0.2806054300000000         1.000000         0.000000    
   sy_h_flat89    6.7472855999999998E-02     1.000000         0.000000    
    sy_h_flat9    0.1652063600000000         1.000000         0.000000    
     sy_hill11    2.8036932000000000E-03     1.000000         0.000000    
     sy_hill12    1.1200292000000001E-02     1.000000         0.000000    
     sy_hill13    3.1386701000000001E-03     1.000000         0.000000    
     sy_mang16    1.7220310000000000E-03     1.000000         0.000000    
     sy_mang17    6.4197924000000003E-02     1.000000         0.000000    
     sy_mang18    0.1860806100000000         1.000000         0.000000    
     sy_mang19    7.0159871000000000E-03     1.000000         0.000000    
     sy_mang20    0.1934839500000000         1.000000         0.000000    
     sy_mang21    3.8795150000000000E-02     1.000000         0.000000    
     sy_mang22    1.4278025999999999E-03     1.000000         0.000000    
    sy_riv_g23    5.5235606000000003E-04     1.000000         0.000000    
    sy_riv_g24    1.4414705000000000E-02     1.000000         0.000000    
    sy_riv_g25    0.3000000000000000         1.000000         0.000000    
    sy_riv_g26    0.3000000000000000         1.000000         0.000000    
    sy_riv_g27    1.1184050000000001E-03     1.000000         0.000000    
    sy_riv_g28    1.7129501999999999E-04     1.000000         0.000000    
    sy_riv_g29    9.3199723999999996E-04     1.000000         0.000000    
    sy_riv_g30    9.1212465000000006E-02     1.000000         0.000000    
    sy_riv_g60    4.9466787999999998E-03     1.000000         0.000000    
    sy_riv_g61    4.2354121000000002E-02     1.000000         0.000000    
    sy_riv_g62    0.1312248600000000         1.000000         0.000000    
    sy_riv_g63    3.0465914000000001E-03     1.000000         0.000000    
    sy_sandy31    9.2448938000000002E-04     1.000000         0.000000    
    sy_sandy32    9.9740885000000005E-03     1.000000         0.000000    
    sy_sandy70    7.3686552000000005E-04     1.000000         0.000000    
    sy_sandy71    1.2891936000000000E-02     1.000000         0.000000    
  sy_ss_mor_l0    8.0936858999999995E-05     1.000000         0.000000    
  sy_ss_mor_l1    3.6314004000000003E-04     1.000000         0.000000    
    sy_ss_rest    3.3476179000000001E-06     1.000000         0.000000    
  sy_sy_mor_l0    1.2052491000000000E-02     1.000000         0.000000    
  sy_sy_mor_l1    9.9999226999999990E-04     1.000000         0.000000    
      sy_ter14    1.3152027000000000E-02     1.000000         0.000000    
      sy_ter15    2.0574067000000000E-04     1.000000         0.000000    
      sy_ter33    0.3000000000000000         1.000000         0.000000    
      sy_ter34    0.3000000000000000         1.000000         0.000000    
      sy_ter35    3.8523189999999999E-02     1.000000         0.000000    
      sy_ter36    0.1488148400000000         1.000000         0.000000    
      sy_ter37    0.3000000000000000         1.000000         0.000000    
      sy_ter38    0.3000000000000000         1.000000         0.000000    
      sy_ter39    1.1945815000000000E-02     1.000000         0.000000    
      sy_ter80    2.0135332999999998E-02     1.000000         0.000000    
      sy_ter81    0.3000000000000000         1.000000         0.000000    
      sy_ter82    5.0362810999999997E-03     1.000000         0.000000    
      sy_ter83    0.3000000000000000         1.000000         0.000000    
      sy_ter84    1.5819672999999999E-02     1.000000         0.000000    
      sy_ter85    0.1161536100000000         1.000000         0.000000    
      sy_ter86    0.1833018200000000         1.000000         0.000000    
      sy_ter87    0.3000000000000000         1.000000         0.000000    
      sy_ter88    0.1270757600000000         1.000000         0.000000    
