  single point
     hill_main     1.200000000000000         1.000000         0.000000    
     hill_mang     1.200000000000000         1.000000         0.000000    
       hill_se     1.200000000000000         1.000000         0.000000    
    kh_h_flat1     4.523139400000000         1.000000         0.000000    
   kh_h_flat10     6.008772300000000         1.000000         0.000000    
    kh_h_flat2     35.48227200000000         1.000000         0.000000    
    kh_h_flat3     198.1413800000000         1.000000         0.000000    
    kh_h_flat4     1000.000000000000         1.000000         0.000000    
   kh_h_flat45     867.5435400000000         1.000000         0.000000    
   kh_h_flat46     447.3469800000000         1.000000         0.000000    
    kh_h_flat5     1000.000000000000         1.000000         0.000000    
   kh_h_flat51     1000.000000000000         1.000000         0.000000    
    kh_h_flat6    0.8069640900000000         1.000000         0.000000    
    kh_h_flat7     1000.000000000000         1.000000         0.000000    
    kh_h_flat8     1000.000000000000         1.000000         0.000000    
   kh_h_flat89     1000.000000000000         1.000000         0.000000    
    kh_h_flat9     67.42358100000000         1.000000         0.000000    
     kh_hill11    1.0000000000000000E-02     1.000000         0.000000    
     kh_hill12     5.048158900000000         1.000000         0.000000    
     kh_hill13     141.9226500000000         1.000000         0.000000    
       kh_lake     27.55655600000000         1.000000         0.000000    
     kh_mang16     8.366021000000000         1.000000         0.000000    
     kh_mang17     1000.000000000000         1.000000         0.000000    
     kh_mang18     128.0697100000000         1.000000         0.000000    
     kh_mang19    1.0000000000000000E-02     1.000000         0.000000    
     kh_mang20     390.5337200000000         1.000000         0.000000    
     kh_mang21     117.3753900000000         1.000000         0.000000    
     kh_mang22    0.6760677600000000         1.000000         0.000000    
     kh_mor_l0     1000.000000000000         1.000000         0.000000    
     kh_mor_l1    0.1057195100000000         1.000000         0.000000    
    kh_riv_g23     2.285809100000000         1.000000         0.000000    
    kh_riv_g24     5.464043900000000         1.000000         0.000000    
    kh_riv_g25     104.2231700000000         1.000000         0.000000    
    kh_riv_g26     121.2905400000000         1.000000         0.000000    
    kh_riv_g27    0.2163380600000000         1.000000         0.000000    
    kh_riv_g28     57.46447800000000         1.000000         0.000000    
    kh_riv_g29     824.2280700000000         1.000000         0.000000    
    kh_riv_g30     1000.000000000000         1.000000         0.000000    
    kh_riv_g60     1000.000000000000         1.000000         0.000000    
    kh_riv_g61     30.14767000000000         1.000000         0.000000    
    kh_riv_g62     431.3914300000000         1.000000         0.000000    
    kh_riv_g63    1.0000000000000000E-02     1.000000         0.000000    
    kh_sandy31     90.07482700000000         1.000000         0.000000    
    kh_sandy32     16.20182400000000         1.000000         0.000000    
    kh_sandy70     3.492516800000000         1.000000         0.000000    
    kh_sandy71    7.4161497000000007E-02     1.000000         0.000000    
      kh_ter14    0.4580052000000000         1.000000         0.000000    
      kh_ter15     189.5534400000000         1.000000         0.000000    
      kh_ter33     1000.000000000000         1.000000         0.000000    
      kh_ter34     1000.000000000000         1.000000         0.000000    
      kh_ter35     1000.000000000000         1.000000         0.000000    
      kh_ter36     125.0457200000000         1.000000         0.000000    
      kh_ter37     151.0801400000000         1.000000         0.000000    
      kh_ter38    1.0000000000000000E-02     1.000000         0.000000    
      kh_ter39    0.2020564800000000         1.000000         0.000000    
      kh_ter80     824.6169400000000         1.000000         0.000000    
      kh_ter81     94.91810800000000         1.000000         0.000000    
      kh_ter82    0.9867562600000001         1.000000         0.000000    
      kh_ter83    0.3382194600000000         1.000000         0.000000    
      kh_ter84     1000.000000000000         1.000000         0.000000    
      kh_ter85    0.8148335200000000         1.000000         0.000000    
      kh_ter86     1.458455000000000         1.000000         0.000000    
      kh_ter87    1.4768622000000000E-02     1.000000         0.000000    
      kh_ter88     1000.000000000000         1.000000         0.000000    
      race_all     1.200000000000000         1.000000         0.000000    
       rch_all    0.5000000000000000         1.000000         0.000000    
        riv_c1     1006.897300000000         1.000000         0.000000    
     riv_gview     50.00000000000000         1.000000         0.000000    
        riv_h1     1029.871400000000         1.000000         0.000000    
        riv_h2     1047.101200000000         1.000000         0.000000    
        riv_h3     4085.530500000000         1.000000         0.000000    
      riv_john     50.00000000000000         1.000000         0.000000    
    sy_h_flat1    1.0000000000000000E-04     1.000000         0.000000    
   sy_h_flat10    0.3000000000000000         1.000000         0.000000    
    sy_h_flat2    0.3000000000000000         1.000000         0.000000    
    sy_h_flat3    3.5949157999999999E-04     1.000000         0.000000    
    sy_h_flat4    0.3000000000000000         1.000000         0.000000    
   sy_h_flat45    0.2754199700000000         1.000000         0.000000    
   sy_h_flat46    6.1504957000000000E-04     1.000000         0.000000    
    sy_h_flat5    7.4767254999999998E-04     1.000000         0.000000    
   sy_h_flat51    4.6862238999999997E-03     1.000000         0.000000    
    sy_h_flat6    3.2022438999999999E-03     1.000000         0.000000    
    sy_h_flat7    0.1265346000000000         1.000000         0.000000    
    sy_h_flat8    0.1029242800000000         1.000000         0.000000    
   sy_h_flat89    4.7735210000000000E-02     1.000000         0.000000    
    sy_h_flat9    0.3000000000000000         1.000000         0.000000    
     sy_hill11    1.0000000000000000E-04     1.000000         0.000000    
     sy_hill12    3.3826084000000002E-03     1.000000         0.000000    
     sy_hill13    2.8931499000000001E-03     1.000000         0.000000    
     sy_mang16    1.5226726999999999E-03     1.000000         0.000000    
     sy_mang17    2.8131496999999998E-02     1.000000         0.000000    
     sy_mang18    0.3000000000000000         1.000000         0.000000    
     sy_mang19    1.6547067000000000E-03     1.000000         0.000000    
     sy_mang20    7.9551141000000006E-02     1.000000         0.000000    
     sy_mang21    7.5666423999999996E-02     1.000000         0.000000    
     sy_mang22    1.7310692999999999E-03     1.000000         0.000000    
    sy_riv_g23    4.3523522000000000E-04     1.000000         0.000000    
    sy_riv_g24    1.5038582999999999E-02     1.000000         0.000000    
    sy_riv_g25    0.3000000000000000         1.000000         0.000000    
    sy_riv_g26    0.3000000000000000         1.000000         0.000000    
    sy_riv_g27    1.0394636000000000E-03     1.000000         0.000000    
    sy_riv_g28    1.3385510000000001E-04     1.000000         0.000000    
    sy_riv_g29    6.5280625999999996E-04     1.000000         0.000000    
    sy_riv_g30    0.2058350800000000         1.000000         0.000000    
    sy_riv_g60    4.1742626999999996E-03     1.000000         0.000000    
    sy_riv_g61    6.1844968000000000E-02     1.000000         0.000000    
    sy_riv_g62    0.1200939600000000         1.000000         0.000000    
    sy_riv_g63    8.7431716000000003E-03     1.000000         0.000000    
    sy_sandy31    1.2815146999999999E-03     1.000000         0.000000    
    sy_sandy32    9.2408725000000004E-03     1.000000         0.000000    
    sy_sandy70    1.1894098000000001E-03     1.000000         0.000000    
    sy_sandy71    1.2665826000000000E-02     1.000000         0.000000    
  sy_ss_mor_l0    8.2307379999999996E-05     1.000000         0.000000    
  sy_ss_mor_l1    2.3585623999999999E-04     1.000000         0.000000    
    sy_ss_rest    2.9086457000000002E-06     1.000000         0.000000    
  sy_sy_mor_l0    1.0564766000000000E-02     1.000000         0.000000    
  sy_sy_mor_l1    9.9999226999999990E-04     1.000000         0.000000    
      sy_ter14    1.0186705000000001E-02     1.000000         0.000000    
      sy_ter15    1.2480390000000000E-04     1.000000         0.000000    
      sy_ter33    0.3000000000000000         1.000000         0.000000    
      sy_ter34    0.3000000000000000         1.000000         0.000000    
      sy_ter35    5.2680663000000003E-02     1.000000         0.000000    
      sy_ter36    0.1738194900000000         1.000000         0.000000    
      sy_ter37    0.3000000000000000         1.000000         0.000000    
      sy_ter38    0.3000000000000000         1.000000         0.000000    
      sy_ter39    1.2813735999999999E-02     1.000000         0.000000    
      sy_ter80    1.1042486000000001E-02     1.000000         0.000000    
      sy_ter81    0.3000000000000000         1.000000         0.000000    
      sy_ter82    4.4237696999999999E-03     1.000000         0.000000    
      sy_ter83    0.3000000000000000         1.000000         0.000000    
      sy_ter84    1.5171870000000000E-02     1.000000         0.000000    
      sy_ter85    0.1406358300000000         1.000000         0.000000    
      sy_ter86    0.3000000000000000         1.000000         0.000000    
      sy_ter87    0.3000000000000000         1.000000         0.000000    
      sy_ter88    8.9749187999999994E-02     1.000000         0.000000    
