  single point
     hill_main    0.9383822900000000         1.000000         0.000000    
     hill_mang    0.8000000000000000         1.000000         0.000000    
       hill_se     1.185938200000000         1.000000         0.000000    
    kh_h_flat1     131.0546800000000         1.000000         0.000000    
   kh_h_flat10     320.0131000000000         1.000000         0.000000    
    kh_h_flat2     136.3833700000000         1.000000         0.000000    
    kh_h_flat3     344.3416900000000         1.000000         0.000000    
    kh_h_flat4     162.0714400000000         1.000000         0.000000    
   kh_h_flat45     251.1480300000000         1.000000         0.000000    
   kh_h_flat46     91.45116000000000         1.000000         0.000000    
    kh_h_flat5     937.6294799999999         1.000000         0.000000    
   kh_h_flat51     535.9422700000000         1.000000         0.000000    
    kh_h_flat6     375.8749500000000         1.000000         0.000000    
    kh_h_flat7     315.5742900000000         1.000000         0.000000    
    kh_h_flat8     657.0874800000000         1.000000         0.000000    
   kh_h_flat89     504.5558500000000         1.000000         0.000000    
    kh_h_flat9     202.7251200000000         1.000000         0.000000    
     kh_hill11     146.2858000000000         1.000000         0.000000    
     kh_hill12     336.3802200000000         1.000000         0.000000    
     kh_hill13     250.2234600000000         1.000000         0.000000    
       kh_lake     30.07414800000000         1.000000         0.000000    
     kh_mang16     218.3402500000000         1.000000         0.000000    
     kh_mang17     274.9233200000000         1.000000         0.000000    
     kh_mang18     944.2882400000000         1.000000         0.000000    
     kh_mang19     65.53853100000001         1.000000         0.000000    
     kh_mang20     248.1623000000000         1.000000         0.000000    
     kh_mang21     22.66328000000000         1.000000         0.000000    
     kh_mang22     110.6557100000000         1.000000         0.000000    
     kh_mor_l0     515.7899300000000         1.000000         0.000000    
     kh_mor_l1    1.8055031999999999E-04     1.000000         0.000000    
    kh_riv_g23     307.9013700000000         1.000000         0.000000    
    kh_riv_g24     458.1743900000000         1.000000         0.000000    
    kh_riv_g25     570.3039800000000         1.000000         0.000000    
    kh_riv_g26     265.0291700000000         1.000000         0.000000    
    kh_riv_g27     94.98770200000000         1.000000         0.000000    
    kh_riv_g28     285.5608400000000         1.000000         0.000000    
    kh_riv_g29     50.07712400000000         1.000000         0.000000    
    kh_riv_g30     642.9529300000000         1.000000         0.000000    
    kh_riv_g60     30.75757200000000         1.000000         0.000000    
    kh_riv_g61     33.32921100000000         1.000000         0.000000    
    kh_riv_g62     146.5472500000000         1.000000         0.000000    
    kh_riv_g63     1000.000000000000         1.000000         0.000000    
    kh_sandy31     370.3137700000000         1.000000         0.000000    
    kh_sandy32     140.9876400000000         1.000000         0.000000    
    kh_sandy70     15.00193800000000         1.000000         0.000000    
    kh_sandy71     36.05539800000000         1.000000         0.000000    
      kh_ter14     5.487562400000000         1.000000         0.000000    
      kh_ter15     78.75874899999999         1.000000         0.000000    
      kh_ter33     187.3170200000000         1.000000         0.000000    
      kh_ter34     101.1644600000000         1.000000         0.000000    
      kh_ter35     1000.000000000000         1.000000         0.000000    
      kh_ter36     9.818076100000001         1.000000         0.000000    
      kh_ter37     240.9297700000000         1.000000         0.000000    
      kh_ter38     3.322962500000000         1.000000         0.000000    
      kh_ter39     12.79214700000000         1.000000         0.000000    
      kh_ter80     19.66516400000000         1.000000         0.000000    
      kh_ter81     181.4254000000000         1.000000         0.000000    
      kh_ter82     328.8801000000000         1.000000         0.000000    
      kh_ter83     389.4086300000000         1.000000         0.000000    
      kh_ter84     1000.000000000000         1.000000         0.000000    
      kh_ter85     48.06911200000000         1.000000         0.000000    
      kh_ter86     11.63798100000000         1.000000         0.000000    
      kh_ter87     206.1080200000000         1.000000         0.000000    
      kh_ter88     4.073503000000000         1.000000         0.000000    
      race_all    0.8984166800000000         1.000000         0.000000    
       rch_all    0.9978289000000000         1.000000         0.000000    
        riv_c1     1026.542000000000         1.000000         0.000000    
     riv_gview     86.07030300000000         1.000000         0.000000    
        riv_h1     1210.821100000000         1.000000         0.000000    
        riv_h2     841.6883400000000         1.000000         0.000000    
        riv_h3     1070.704900000000         1.000000         0.000000    
      riv_john     51.49450700000000         1.000000         0.000000    
    sy_h_flat1    5.4387960999999997E-03     1.000000         0.000000    
   sy_h_flat10    1.0059096999999999E-02     1.000000         0.000000    
    sy_h_flat2    2.9815075999999999E-02     1.000000         0.000000    
    sy_h_flat3    4.4845403999999997E-03     1.000000         0.000000    
    sy_h_flat4    1.5702801999999998E-02     1.000000         0.000000    
   sy_h_flat45    1.5316870999999999E-02     1.000000         0.000000    
   sy_h_flat46    4.5723834000000003E-03     1.000000         0.000000    
    sy_h_flat5    7.0302606999999998E-03     1.000000         0.000000    
   sy_h_flat51    2.3746703000000001E-02     1.000000         0.000000    
    sy_h_flat6    6.5102533000000002E-03     1.000000         0.000000    
    sy_h_flat7    1.7119260000000001E-02     1.000000         0.000000    
    sy_h_flat8    1.2587611000000000E-02     1.000000         0.000000    
   sy_h_flat89    2.3594746000000000E-02     1.000000         0.000000    
    sy_h_flat9    7.2600655999999998E-03     1.000000         0.000000    
     sy_hill11    8.4489500000000002E-03     1.000000         0.000000    
     sy_hill12    6.7218364999999999E-03     1.000000         0.000000    
     sy_hill13    8.1329487999999995E-03     1.000000         0.000000    
     sy_mang16    6.5687712000000002E-03     1.000000         0.000000    
     sy_mang17    0.1757978400000000         1.000000         0.000000    
     sy_mang18    2.8097004000000002E-03     1.000000         0.000000    
     sy_mang19    2.4377735000000000E-03     1.000000         0.000000    
     sy_mang20    2.1031623999999999E-02     1.000000         0.000000    
     sy_mang21    8.7740950000000009E-03     1.000000         0.000000    
     sy_mang22    8.1512709999999999E-03     1.000000         0.000000    
    sy_riv_g23    1.2504133000000001E-02     1.000000         0.000000    
    sy_riv_g24    9.2922583000000000E-03     1.000000         0.000000    
    sy_riv_g25    3.0597309999999999E-02     1.000000         0.000000    
    sy_riv_g26    0.1493841600000000         1.000000         0.000000    
    sy_riv_g27    7.0998132999999996E-03     1.000000         0.000000    
    sy_riv_g28    4.0794756999999997E-03     1.000000         0.000000    
    sy_riv_g29    7.2938257000000001E-03     1.000000         0.000000    
    sy_riv_g30    1.2015230000000000E-02     1.000000         0.000000    
    sy_riv_g60    9.4190674999999995E-03     1.000000         0.000000    
    sy_riv_g61    6.1463802999999996E-03     1.000000         0.000000    
    sy_riv_g62    1.7794033000000001E-02     1.000000         0.000000    
    sy_riv_g63    5.9233413000000000E-03     1.000000         0.000000    
    sy_sandy31    5.8027436000000002E-03     1.000000         0.000000    
    sy_sandy32    7.7386811999999999E-03     1.000000         0.000000    
    sy_sandy70    7.1742482999999999E-03     1.000000         0.000000    
    sy_sandy71    8.7546963999999994E-03     1.000000         0.000000    
  sy_ss_mor_l0    8.2696422999999999E-05     1.000000         0.000000    
  sy_ss_mor_l1    3.5256361000000002E-04     1.000000         0.000000    
    sy_ss_rest    1.3975737000000000E-05     1.000000         0.000000    
  sy_sy_mor_l0    3.9698041000000003E-02     1.000000         0.000000    
  sy_sy_mor_l1    1.0000000000000000E-03     1.000000         0.000000    
      sy_ter14    6.9100819999999997E-03     1.000000         0.000000    
      sy_ter15    1.6722048000000000E-02     1.000000         0.000000    
      sy_ter33    6.4058149000000000E-03     1.000000         0.000000    
      sy_ter34    8.8235238999999997E-03     1.000000         0.000000    
      sy_ter35    0.1469782100000000         1.000000         0.000000    
      sy_ter36    3.1215145999999999E-02     1.000000         0.000000    
      sy_ter37    3.7959922000000000E-02     1.000000         0.000000    
      sy_ter38    1.7550258999999999E-02     1.000000         0.000000    
      sy_ter39    2.9987387000000001E-02     1.000000         0.000000    
      sy_ter80    1.0907142999999999E-02     1.000000         0.000000    
      sy_ter81    4.4615980000000000E-02     1.000000         0.000000    
      sy_ter82    7.9220694000000005E-03     1.000000         0.000000    
      sy_ter83    8.1720475999999993E-03     1.000000         0.000000    
      sy_ter84    8.9971572999999992E-03     1.000000         0.000000    
      sy_ter85    5.9418708000000004E-03     1.000000         0.000000    
      sy_ter86    6.3074587999999996E-03     1.000000         0.000000    
      sy_ter87    9.2462434999999992E-03     1.000000         0.000000    
      sy_ter88    2.8568868000000001E-02     1.000000         0.000000    
