  single point
     hill_main     1.200000000000000         1.000000         0.000000    
     hill_mang     1.200000000000000         1.000000         0.000000    
       hill_se     1.200000000000000         1.000000         0.000000    
    kh_h_flat1     4.611950000000000         1.000000         0.000000    
   kh_h_flat10     16.44513300000000         1.000000         0.000000    
    kh_h_flat2     38.37417500000000         1.000000         0.000000    
    kh_h_flat3     190.3083900000000         1.000000         0.000000    
    kh_h_flat4     1000.000000000000         1.000000         0.000000    
   kh_h_flat45     814.5839099999999         1.000000         0.000000    
   kh_h_flat46     657.9842800000000         1.000000         0.000000    
    kh_h_flat5     1000.000000000000         1.000000         0.000000    
   kh_h_flat51     1000.000000000000         1.000000         0.000000    
    kh_h_flat6    0.6063924100000000         1.000000         0.000000    
    kh_h_flat7     1000.000000000000         1.000000         0.000000    
    kh_h_flat8     1000.000000000000         1.000000         0.000000    
   kh_h_flat89     1000.000000000000         1.000000         0.000000    
    kh_h_flat9     69.47605100000000         1.000000         0.000000    
     kh_hill11    1.0000000000000000E-02     1.000000         0.000000    
     kh_hill12     5.124932200000000         1.000000         0.000000    
     kh_hill13     126.8655700000000         1.000000         0.000000    
       kh_lake     27.12500400000000         1.000000         0.000000    
     kh_mang16     8.007844700000000         1.000000         0.000000    
     kh_mang17     1000.000000000000         1.000000         0.000000    
     kh_mang18     170.3260400000000         1.000000         0.000000    
     kh_mang19    1.0000000000000000E-02     1.000000         0.000000    
     kh_mang20     225.5359400000000         1.000000         0.000000    
     kh_mang21     154.5631400000000         1.000000         0.000000    
     kh_mang22    0.6115600800000000         1.000000         0.000000    
     kh_mor_l0     1000.000000000000         1.000000         0.000000    
     kh_mor_l1    0.1086470400000000         1.000000         0.000000    
    kh_riv_g23     2.175802500000000         1.000000         0.000000    
    kh_riv_g24     4.260435000000000         1.000000         0.000000    
    kh_riv_g25     92.42312900000000         1.000000         0.000000    
    kh_riv_g26     90.85465000000001         1.000000         0.000000    
    kh_riv_g27    0.1967767200000000         1.000000         0.000000    
    kh_riv_g28     57.81299000000000         1.000000         0.000000    
    kh_riv_g29     873.2729800000000         1.000000         0.000000    
    kh_riv_g30     1000.000000000000         1.000000         0.000000    
    kh_riv_g60     1000.000000000000         1.000000         0.000000    
    kh_riv_g61     33.44400300000000         1.000000         0.000000    
    kh_riv_g62     416.7228300000000         1.000000         0.000000    
    kh_riv_g63    1.0000000000000000E-02     1.000000         0.000000    
    kh_sandy31     76.71028000000000         1.000000         0.000000    
    kh_sandy32     15.35672900000000         1.000000         0.000000    
    kh_sandy70     4.239015800000000         1.000000         0.000000    
    kh_sandy71    7.7010348000000006E-02     1.000000         0.000000    
      kh_ter14    0.4703321900000000         1.000000         0.000000    
      kh_ter15     156.5082400000000         1.000000         0.000000    
      kh_ter33     1000.000000000000         1.000000         0.000000    
      kh_ter34     1000.000000000000         1.000000         0.000000    
      kh_ter35     1000.000000000000         1.000000         0.000000    
      kh_ter36     134.5665000000000         1.000000         0.000000    
      kh_ter37     151.9118600000000         1.000000         0.000000    
      kh_ter38    1.0000000000000000E-02     1.000000         0.000000    
      kh_ter39    0.1879404900000000         1.000000         0.000000    
      kh_ter80     1000.000000000000         1.000000         0.000000    
      kh_ter81     88.35007400000001         1.000000         0.000000    
      kh_ter82     1.035130600000000         1.000000         0.000000    
      kh_ter83    7.1525701999999997E-02     1.000000         0.000000    
      kh_ter84     1000.000000000000         1.000000         0.000000    
      kh_ter85    0.7064805100000000         1.000000         0.000000    
      kh_ter86     1.539886400000000         1.000000         0.000000    
      kh_ter87    1.1503918000000000E-02     1.000000         0.000000    
      kh_ter88     1000.000000000000         1.000000         0.000000    
      race_all     1.200000000000000         1.000000         0.000000    
       rch_all    0.5000000000000000         1.000000         0.000000    
        riv_c1     1004.268000000000         1.000000         0.000000    
     riv_gview     50.00000000000000         1.000000         0.000000    
        riv_h1     997.5714900000000         1.000000         0.000000    
        riv_h2     1093.208400000000         1.000000         0.000000    
        riv_h3     4219.931100000000         1.000000         0.000000    
      riv_john     50.00000000000000         1.000000         0.000000    
    sy_h_flat1    1.0000000000000000E-04     1.000000         0.000000    
   sy_h_flat10    0.3000000000000000         1.000000         0.000000    
    sy_h_flat2    0.3000000000000000         1.000000         0.000000    
    sy_h_flat3    6.1560509000000005E-04     1.000000         0.000000    
    sy_h_flat4    0.3000000000000000         1.000000         0.000000    
   sy_h_flat45    0.2671117600000000         1.000000         0.000000    
   sy_h_flat46    2.9160138000000000E-04     1.000000         0.000000    
    sy_h_flat5    5.6894479999999999E-04     1.000000         0.000000    
   sy_h_flat51    4.5653793000000002E-03     1.000000         0.000000    
    sy_h_flat6    2.4804348000000000E-03     1.000000         0.000000    
    sy_h_flat7    0.1398321900000000         1.000000         0.000000    
    sy_h_flat8    8.6314669999999996E-02     1.000000         0.000000    
   sy_h_flat89    7.4879620999999993E-02     1.000000         0.000000    
    sy_h_flat9    0.3000000000000000         1.000000         0.000000    
     sy_hill11    1.0000000000000000E-04     1.000000         0.000000    
     sy_hill12    1.8024291000000000E-03     1.000000         0.000000    
     sy_hill13    2.7702554999999999E-03     1.000000         0.000000    
     sy_mang16    1.6243061000000001E-03     1.000000         0.000000    
     sy_mang17    3.0137750000000001E-02     1.000000         0.000000    
     sy_mang18    0.3000000000000000         1.000000         0.000000    
     sy_mang19    1.4780114999999999E-03     1.000000         0.000000    
     sy_mang20    0.3000000000000000         1.000000         0.000000    
     sy_mang21    7.5666424000000003E-03     1.000000         0.000000    
     sy_mang22    1.7605302000000000E-03     1.000000         0.000000    
    sy_riv_g23    4.3214233999999999E-04     1.000000         0.000000    
    sy_riv_g24    1.5268634000000000E-02     1.000000         0.000000    
    sy_riv_g25    0.3000000000000000         1.000000         0.000000    
    sy_riv_g26    0.3000000000000000         1.000000         0.000000    
    sy_riv_g27    1.0769848000000001E-03     1.000000         0.000000    
    sy_riv_g28    1.3781601000000001E-04     1.000000         0.000000    
    sy_riv_g29    6.5510798999999999E-04     1.000000         0.000000    
    sy_riv_g30    0.2057382800000000         1.000000         0.000000    
    sy_riv_g60    4.0438436000000003E-03     1.000000         0.000000    
    sy_riv_g61    6.2815866999999997E-02     1.000000         0.000000    
    sy_riv_g62    0.1309307500000000         1.000000         0.000000    
    sy_riv_g63    8.7718475000000008E-03     1.000000         0.000000    
    sy_sandy31    1.2448649999999999E-03     1.000000         0.000000    
    sy_sandy32    9.3793000999999997E-03     1.000000         0.000000    
    sy_sandy70    1.1504709999999999E-03     1.000000         0.000000    
    sy_sandy71    1.2918258000000000E-02     1.000000         0.000000    
  sy_ss_mor_l0    8.2766504000000005E-05     1.000000         0.000000    
  sy_ss_mor_l1    3.2675987000000003E-04     1.000000         0.000000    
    sy_ss_rest    2.5043204000000002E-06     1.000000         0.000000    
  sy_sy_mor_l0    1.6451112000000000E-02     1.000000         0.000000    
  sy_sy_mor_l1    9.9999235999999997E-04     1.000000         0.000000    
      sy_ter14    1.0181653000000001E-02     1.000000         0.000000    
      sy_ter15    1.2402474999999999E-04     1.000000         0.000000    
      sy_ter33    0.3000000000000000         1.000000         0.000000    
      sy_ter34    0.3000000000000000         1.000000         0.000000    
      sy_ter35    6.6394342999999995E-02     1.000000         0.000000    
      sy_ter36    0.1684933900000000         1.000000         0.000000    
      sy_ter37    0.3000000000000000         1.000000         0.000000    
      sy_ter38    0.3000000000000000         1.000000         0.000000    
      sy_ter39    1.3263106000000000E-02     1.000000         0.000000    
      sy_ter80    9.5102764999999995E-03     1.000000         0.000000    
      sy_ter81    0.3000000000000000         1.000000         0.000000    
      sy_ter82    4.3862431999999998E-03     1.000000         0.000000    
      sy_ter83    0.3000000000000000         1.000000         0.000000    
      sy_ter84    1.5087599000000000E-02     1.000000         0.000000    
      sy_ter85    0.1353408800000000         1.000000         0.000000    
      sy_ter86    0.3000000000000000         1.000000         0.000000    
      sy_ter87    0.3000000000000000         1.000000         0.000000    
      sy_ter88    9.2823341000000004E-02     1.000000         0.000000    
