  single point
     hill_main     1.200000000000000         1.000000         0.000000    
     hill_mang     1.200000000000000         1.000000         0.000000    
       hill_se     1.200000000000000         1.000000         0.000000    
    kh_h_flat1     8.284918500000000         1.000000         0.000000    
   kh_h_flat10     6.579864100000000         1.000000         0.000000    
    kh_h_flat2     7.507215600000000         1.000000         0.000000    
    kh_h_flat3     370.0204000000000         1.000000         0.000000    
    kh_h_flat4     1000.000000000000         1.000000         0.000000    
   kh_h_flat45     1000.000000000000         1.000000         0.000000    
   kh_h_flat46     178.1683100000000         1.000000         0.000000    
    kh_h_flat5     1000.000000000000         1.000000         0.000000    
   kh_h_flat51     1000.000000000000         1.000000         0.000000    
    kh_h_flat6     1000.000000000000         1.000000         0.000000    
    kh_h_flat7     1000.000000000000         1.000000         0.000000    
    kh_h_flat8     1000.000000000000         1.000000         0.000000    
   kh_h_flat89     1000.000000000000         1.000000         0.000000    
    kh_h_flat9     251.5309000000000         1.000000         0.000000    
     kh_hill11     21.90123300000000         1.000000         0.000000    
     kh_hill12     1000.000000000000         1.000000         0.000000    
     kh_hill13     607.7942900000000         1.000000         0.000000    
       kh_lake     21.75194700000000         1.000000         0.000000    
     kh_mang16     8.792585900000001         1.000000         0.000000    
     kh_mang17     1000.000000000000         1.000000         0.000000    
     kh_mang18     180.2071400000000         1.000000         0.000000    
     kh_mang19    1.0000000000000000E-02     1.000000         0.000000    
     kh_mang20     411.2706600000000         1.000000         0.000000    
     kh_mang21     1000.000000000000         1.000000         0.000000    
     kh_mang22     1.029263200000000         1.000000         0.000000    
     kh_mor_l0     1000.000000000000         1.000000         0.000000    
     kh_mor_l1    2.7402150000000000E-02     1.000000         0.000000    
    kh_riv_g23     1.169504200000000         1.000000         0.000000    
    kh_riv_g24     13.76431300000000         1.000000         0.000000    
    kh_riv_g25     158.5562100000000         1.000000         0.000000    
    kh_riv_g26     162.9076700000000         1.000000         0.000000    
    kh_riv_g27    0.1763837700000000         1.000000         0.000000    
    kh_riv_g28     69.78341399999999         1.000000         0.000000    
    kh_riv_g29     508.4490300000000         1.000000         0.000000    
    kh_riv_g30     1000.000000000000         1.000000         0.000000    
    kh_riv_g60     612.7259800000000         1.000000         0.000000    
    kh_riv_g61     12.68746100000000         1.000000         0.000000    
    kh_riv_g62     819.2792200000000         1.000000         0.000000    
    kh_riv_g63    1.0000000000000000E-02     1.000000         0.000000    
    kh_sandy31     485.3404300000000         1.000000         0.000000    
    kh_sandy32     145.8450900000000         1.000000         0.000000    
    kh_sandy70    0.7494481600000000         1.000000         0.000000    
    kh_sandy71    0.1193848400000000         1.000000         0.000000    
      kh_ter14    0.8427188799999999         1.000000         0.000000    
      kh_ter15     450.2963900000000         1.000000         0.000000    
      kh_ter33     1000.000000000000         1.000000         0.000000    
      kh_ter34     1000.000000000000         1.000000         0.000000    
      kh_ter35     1000.000000000000         1.000000         0.000000    
      kh_ter36     74.29788900000000         1.000000         0.000000    
      kh_ter37     89.83437900000000         1.000000         0.000000    
      kh_ter38    1.0000000000000000E-02     1.000000         0.000000    
      kh_ter39    0.4567105600000000         1.000000         0.000000    
      kh_ter80     19.76663800000000         1.000000         0.000000    
      kh_ter81     86.02215600000000         1.000000         0.000000    
      kh_ter82    0.1821372200000000         1.000000         0.000000    
      kh_ter83     14.56633600000000         1.000000         0.000000    
      kh_ter84     1000.000000000000         1.000000         0.000000    
      kh_ter85     2.884535900000000         1.000000         0.000000    
      kh_ter86     1.164467000000000         1.000000         0.000000    
      kh_ter87    0.1362675700000000         1.000000         0.000000    
      kh_ter88     1000.000000000000         1.000000         0.000000    
      race_all     1.191393800000000         1.000000         0.000000    
       rch_all    0.5000000000000000         1.000000         0.000000    
        riv_c1     1141.077000000000         1.000000         0.000000    
     riv_gview     50.00000000000000         1.000000         0.000000    
        riv_h1     1246.333100000000         1.000000         0.000000    
        riv_h2     1113.986800000000         1.000000         0.000000    
        riv_h3     10000.00000000000         1.000000         0.000000    
      riv_john     50.00000000000000         1.000000         0.000000    
    sy_h_flat1    1.0000000000000000E-04     1.000000         0.000000    
   sy_h_flat10    5.1363659999999998E-02     1.000000         0.000000    
    sy_h_flat2    0.3000000000000000         1.000000         0.000000    
    sy_h_flat3    2.1948401000000000E-04     1.000000         0.000000    
    sy_h_flat4    0.3000000000000000         1.000000         0.000000    
   sy_h_flat45    0.2557140700000000         1.000000         0.000000    
   sy_h_flat46    1.0669154000000000E-03     1.000000         0.000000    
    sy_h_flat5    9.6867364999999998E-04     1.000000         0.000000    
   sy_h_flat51    0.1456673400000000         1.000000         0.000000    
    sy_h_flat6    5.7736669000000001E-03     1.000000         0.000000    
    sy_h_flat7    0.1103934100000000         1.000000         0.000000    
    sy_h_flat8    0.1100084600000000         1.000000         0.000000    
   sy_h_flat89    0.1440569700000000         1.000000         0.000000    
    sy_h_flat9    3.8190922000000001E-03     1.000000         0.000000    
     sy_hill11    1.4861868000000001E-03     1.000000         0.000000    
     sy_hill12    1.0837746000000001E-02     1.000000         0.000000    
     sy_hill13    3.0896150000000000E-03     1.000000         0.000000    
     sy_mang16    8.3213619000000003E-04     1.000000         0.000000    
     sy_mang17    0.1934033400000000         1.000000         0.000000    
     sy_mang18    8.1600514999999995E-03     1.000000         0.000000    
     sy_mang19    4.8484473000000002E-03     1.000000         0.000000    
     sy_mang20    0.3000000000000000         1.000000         0.000000    
     sy_mang21    8.3442273999999993E-03     1.000000         0.000000    
     sy_mang22    1.7851473000000001E-03     1.000000         0.000000    
    sy_riv_g23    6.0523849999999998E-04     1.000000         0.000000    
    sy_riv_g24    1.3672896000000000E-02     1.000000         0.000000    
    sy_riv_g25    0.3000000000000000         1.000000         0.000000    
    sy_riv_g26    0.3000000000000000         1.000000         0.000000    
    sy_riv_g27    1.2775600000000001E-03     1.000000         0.000000    
    sy_riv_g28    1.7821688000000001E-04     1.000000         0.000000    
    sy_riv_g29    9.3428452000000005E-04     1.000000         0.000000    
    sy_riv_g30    0.1277270600000000         1.000000         0.000000    
    sy_riv_g60    4.8762668999999996E-03     1.000000         0.000000    
    sy_riv_g61    3.5241367000000003E-02     1.000000         0.000000    
    sy_riv_g62    8.7609018999999996E-02     1.000000         0.000000    
    sy_riv_g63    2.9031030999999998E-03     1.000000         0.000000    
    sy_sandy31    1.0154058999999999E-03     1.000000         0.000000    
    sy_sandy32    9.5471415000000000E-03     1.000000         0.000000    
    sy_sandy70    8.6970864000000001E-04     1.000000         0.000000    
    sy_sandy71    1.5284601000000000E-02     1.000000         0.000000    
  sy_ss_mor_l0    8.0838237000000003E-05     1.000000         0.000000    
  sy_ss_mor_l1    3.1141114999999999E-04     1.000000         0.000000    
    sy_ss_rest    2.7837476000000000E-06     1.000000         0.000000    
  sy_sy_mor_l0    1.1755626000000000E-02     1.000000         0.000000    
  sy_sy_mor_l1    9.9999226999999990E-04     1.000000         0.000000    
      sy_ter14    1.2822210000000001E-02     1.000000         0.000000    
      sy_ter15    1.8276710000000000E-04     1.000000         0.000000    
      sy_ter33    0.3000000000000000         1.000000         0.000000    
      sy_ter34    0.3000000000000000         1.000000         0.000000    
      sy_ter35    8.2747360000000006E-02     1.000000         0.000000    
      sy_ter36    0.1608379100000000         1.000000         0.000000    
      sy_ter37    0.3000000000000000         1.000000         0.000000    
      sy_ter38    0.3000000000000000         1.000000         0.000000    
      sy_ter39    1.2316773000000000E-02     1.000000         0.000000    
      sy_ter80    4.8345959000000001E-02     1.000000         0.000000    
      sy_ter81    0.3000000000000000         1.000000         0.000000    
      sy_ter82    5.5409563999999998E-03     1.000000         0.000000    
      sy_ter83    0.3000000000000000         1.000000         0.000000    
      sy_ter84    1.8019639000000000E-02     1.000000         0.000000    
      sy_ter85    3.2694608000000000E-02     1.000000         0.000000    
      sy_ter86    0.1664910300000000         1.000000         0.000000    
      sy_ter87    0.3000000000000000         1.000000         0.000000    
      sy_ter88    0.3000000000000000         1.000000         0.000000    
