  single point
     hill_main     1.118446600000000         1.000000         0.000000    
     hill_mang     1.200000000000000         1.000000         0.000000    
       hill_se     1.200000000000000         1.000000         0.000000    
    kh_h_flat1     17.41422300000000         1.000000         0.000000    
   kh_h_flat10     11.30427700000000         1.000000         0.000000    
    kh_h_flat2     8.890872000000000         1.000000         0.000000    
    kh_h_flat3     434.3714000000000         1.000000         0.000000    
    kh_h_flat4     1000.000000000000         1.000000         0.000000    
   kh_h_flat45     1000.000000000000         1.000000         0.000000    
   kh_h_flat46     123.4522500000000         1.000000         0.000000    
    kh_h_flat5     1000.000000000000         1.000000         0.000000    
   kh_h_flat51     1000.000000000000         1.000000         0.000000    
    kh_h_flat6     1000.000000000000         1.000000         0.000000    
    kh_h_flat7     1000.000000000000         1.000000         0.000000    
    kh_h_flat8     1000.000000000000         1.000000         0.000000    
   kh_h_flat89     1000.000000000000         1.000000         0.000000    
    kh_h_flat9     320.0257800000000         1.000000         0.000000    
     kh_hill11     43.70526100000000         1.000000         0.000000    
     kh_hill12     1000.000000000000         1.000000         0.000000    
     kh_hill13     582.4111000000000         1.000000         0.000000    
       kh_lake     19.51289500000000         1.000000         0.000000    
     kh_mang16     10.31671400000000         1.000000         0.000000    
     kh_mang17     1000.000000000000         1.000000         0.000000    
     kh_mang18     356.2927500000000         1.000000         0.000000    
     kh_mang19    1.0000000000000000E-02     1.000000         0.000000    
     kh_mang20     450.5648400000000         1.000000         0.000000    
     kh_mang21     1000.000000000000         1.000000         0.000000    
     kh_mang22     1.503297800000000         1.000000         0.000000    
     kh_mor_l0     1000.000000000000         1.000000         0.000000    
     kh_mor_l1    2.6415950000000001E-02     1.000000         0.000000    
    kh_riv_g23    0.7041002800000000         1.000000         0.000000    
    kh_riv_g24     20.91288800000000         1.000000         0.000000    
    kh_riv_g25     207.4114400000000         1.000000         0.000000    
    kh_riv_g26     196.7459900000000         1.000000         0.000000    
    kh_riv_g27    0.3132389800000000         1.000000         0.000000    
    kh_riv_g28     96.02801800000000         1.000000         0.000000    
    kh_riv_g29     994.4267100000000         1.000000         0.000000    
    kh_riv_g30     1000.000000000000         1.000000         0.000000    
    kh_riv_g60     1000.000000000000         1.000000         0.000000    
    kh_riv_g61     14.59453200000000         1.000000         0.000000    
    kh_riv_g62     1000.000000000000         1.000000         0.000000    
    kh_riv_g63    1.1706882000000000E-02     1.000000         0.000000    
    kh_sandy31     399.7078600000000         1.000000         0.000000    
    kh_sandy32     153.2665100000000         1.000000         0.000000    
    kh_sandy70     1.353749600000000         1.000000         0.000000    
    kh_sandy71    0.2028980600000000         1.000000         0.000000    
      kh_ter14    0.9455864700000000         1.000000         0.000000    
      kh_ter15     404.1415300000000         1.000000         0.000000    
      kh_ter33     1000.000000000000         1.000000         0.000000    
      kh_ter34     1000.000000000000         1.000000         0.000000    
      kh_ter35     1000.000000000000         1.000000         0.000000    
      kh_ter36     93.92886700000000         1.000000         0.000000    
      kh_ter37     83.52960100000000         1.000000         0.000000    
      kh_ter38    1.0000000000000000E-02     1.000000         0.000000    
      kh_ter39    0.6581686000000000         1.000000         0.000000    
      kh_ter80     16.58052200000000         1.000000         0.000000    
      kh_ter81     109.0887300000000         1.000000         0.000000    
      kh_ter82    0.2392292700000000         1.000000         0.000000    
      kh_ter83    0.6759983500000000         1.000000         0.000000    
      kh_ter84     1000.000000000000         1.000000         0.000000    
      kh_ter85     3.881788600000000         1.000000         0.000000    
      kh_ter86     1.375092200000000         1.000000         0.000000    
      kh_ter87    0.1603175300000000         1.000000         0.000000    
      kh_ter88     1000.000000000000         1.000000         0.000000    
      race_all     1.200000000000000         1.000000         0.000000    
       rch_all    0.6196439900000000         1.000000         0.000000    
        riv_c1     1621.375000000000         1.000000         0.000000    
     riv_gview     50.00000000000000         1.000000         0.000000    
        riv_h1     1384.123900000000         1.000000         0.000000    
        riv_h2     1387.510900000000         1.000000         0.000000    
        riv_h3     10000.00000000000         1.000000         0.000000    
      riv_john     50.00000000000000         1.000000         0.000000    
    sy_h_flat1    2.5142745000000002E-04     1.000000         0.000000    
   sy_h_flat10    9.2681220999999994E-02     1.000000         0.000000    
    sy_h_flat2    0.3000000000000000         1.000000         0.000000    
    sy_h_flat3    2.5914809000000003E-04     1.000000         0.000000    
    sy_h_flat4    0.3000000000000000         1.000000         0.000000    
   sy_h_flat45    0.2482458800000000         1.000000         0.000000    
   sy_h_flat46    8.9789451000000001E-04     1.000000         0.000000    
    sy_h_flat5    2.3279415000000002E-03     1.000000         0.000000    
   sy_h_flat51    0.3000000000000000         1.000000         0.000000    
    sy_h_flat6    5.4802656000000000E-03     1.000000         0.000000    
    sy_h_flat7    0.3000000000000000         1.000000         0.000000    
    sy_h_flat8    2.3178866999999999E-02     1.000000         0.000000    
   sy_h_flat89    0.1672596200000000         1.000000         0.000000    
    sy_h_flat9    1.2048077000000000E-03     1.000000         0.000000    
     sy_hill11    7.7553496999999997E-03     1.000000         0.000000    
     sy_hill12    1.4874701000000001E-02     1.000000         0.000000    
     sy_hill13    3.0193912999999998E-03     1.000000         0.000000    
     sy_mang16    9.4390070000000003E-04     1.000000         0.000000    
     sy_mang17    0.3000000000000000         1.000000         0.000000    
     sy_mang18    1.2506299000000000E-02     1.000000         0.000000    
     sy_mang19    2.7802859999999998E-04     1.000000         0.000000    
     sy_mang20    6.9711957000000005E-02     1.000000         0.000000    
     sy_mang21    0.1385582800000000         1.000000         0.000000    
     sy_mang22    2.3940862999999998E-03     1.000000         0.000000    
    sy_riv_g23    5.2962688999999997E-04     1.000000         0.000000    
    sy_riv_g24    1.6442939000000000E-02     1.000000         0.000000    
    sy_riv_g25    0.3000000000000000         1.000000         0.000000    
    sy_riv_g26    0.3000000000000000         1.000000         0.000000    
    sy_riv_g27    1.3630335000000000E-03     1.000000         0.000000    
    sy_riv_g28    1.7608201000000000E-04     1.000000         0.000000    
    sy_riv_g29    8.9974670000000001E-04     1.000000         0.000000    
    sy_riv_g30    0.1113330800000000         1.000000         0.000000    
    sy_riv_g60    4.6011638000000004E-03     1.000000         0.000000    
    sy_riv_g61    4.1500378999999997E-02     1.000000         0.000000    
    sy_riv_g62    7.7175659999999993E-02     1.000000         0.000000    
    sy_riv_g63    4.2458772000000004E-03     1.000000         0.000000    
    sy_sandy31    1.2427712000000000E-03     1.000000         0.000000    
    sy_sandy32    9.5676215999999994E-03     1.000000         0.000000    
    sy_sandy70    9.6312812999999997E-04     1.000000         0.000000    
    sy_sandy71    1.4047139000000000E-02     1.000000         0.000000    
  sy_ss_mor_l0    8.0096753000000000E-05     1.000000         0.000000    
  sy_ss_mor_l1    2.9044051000000001E-04     1.000000         0.000000    
    sy_ss_rest    2.4935886999999998E-06     1.000000         0.000000    
  sy_sy_mor_l0    1.0429664999999999E-02     1.000000         0.000000    
  sy_sy_mor_l1    9.9999340999999990E-04     1.000000         0.000000    
      sy_ter14    1.3426507000000001E-02     1.000000         0.000000    
      sy_ter15    2.3096944999999999E-04     1.000000         0.000000    
      sy_ter33    0.3000000000000000         1.000000         0.000000    
      sy_ter34    0.3000000000000000         1.000000         0.000000    
      sy_ter35    0.2441590700000000         1.000000         0.000000    
      sy_ter36    0.2547524700000000         1.000000         0.000000    
      sy_ter37    0.3000000000000000         1.000000         0.000000    
      sy_ter38    0.3000000000000000         1.000000         0.000000    
      sy_ter39    1.0145609999999999E-02     1.000000         0.000000    
      sy_ter80    3.3943650999999998E-02     1.000000         0.000000    
      sy_ter81    0.3000000000000000         1.000000         0.000000    
      sy_ter82    7.3146957999999998E-03     1.000000         0.000000    
      sy_ter83    4.6299207000000002E-02     1.000000         0.000000    
      sy_ter84    2.6584819999999999E-02     1.000000         0.000000    
      sy_ter85    1.3000618000000000E-02     1.000000         0.000000    
      sy_ter86    0.1343238200000000         1.000000         0.000000    
      sy_ter87    0.3000000000000000         1.000000         0.000000    
      sy_ter88    0.3000000000000000         1.000000         0.000000    
