  single point
     hill_main    0.9861132400000000         1.000000         0.000000    
     hill_mang     1.200000000000000         1.000000         0.000000    
       hill_se     1.200000000000000         1.000000         0.000000    
    kh_h_flat1     34.56447800000000         1.000000         0.000000    
   kh_h_flat10     73.80604599999999         1.000000         0.000000    
    kh_h_flat2     6.350021700000000         1.000000         0.000000    
    kh_h_flat3     643.2451900000000         1.000000         0.000000    
    kh_h_flat4     415.1388800000000         1.000000         0.000000    
   kh_h_flat45     1000.000000000000         1.000000         0.000000    
   kh_h_flat46     85.80219800000000         1.000000         0.000000    
    kh_h_flat5     1000.000000000000         1.000000         0.000000    
   kh_h_flat51     1000.000000000000         1.000000         0.000000    
    kh_h_flat6     913.0369200000000         1.000000         0.000000    
    kh_h_flat7     1000.000000000000         1.000000         0.000000    
    kh_h_flat8     1000.000000000000         1.000000         0.000000    
   kh_h_flat89     1000.000000000000         1.000000         0.000000    
    kh_h_flat9     399.5623900000000         1.000000         0.000000    
     kh_hill11     28.95284100000000         1.000000         0.000000    
     kh_hill12     1000.000000000000         1.000000         0.000000    
     kh_hill13     511.2959000000000         1.000000         0.000000    
       kh_lake     19.54503800000000         1.000000         0.000000    
     kh_mang16     14.50664600000000         1.000000         0.000000    
     kh_mang17     1000.000000000000         1.000000         0.000000    
     kh_mang18     250.3299100000000         1.000000         0.000000    
     kh_mang19    5.0698373999999997E-02     1.000000         0.000000    
     kh_mang20     615.9613900000001         1.000000         0.000000    
     kh_mang21     1000.000000000000         1.000000         0.000000    
     kh_mang22     2.915843600000000         1.000000         0.000000    
     kh_mor_l0     1000.000000000000         1.000000         0.000000    
     kh_mor_l1    1.3836752000000001E-02     1.000000         0.000000    
    kh_riv_g23     1.168641300000000         1.000000         0.000000    
    kh_riv_g24     69.96437200000000         1.000000         0.000000    
    kh_riv_g25     238.6506000000000         1.000000         0.000000    
    kh_riv_g26     152.0218400000000         1.000000         0.000000    
    kh_riv_g27     1.265771700000000         1.000000         0.000000    
    kh_riv_g28     109.2829500000000         1.000000         0.000000    
    kh_riv_g29     1000.000000000000         1.000000         0.000000    
    kh_riv_g30     1000.000000000000         1.000000         0.000000    
    kh_riv_g60     1000.000000000000         1.000000         0.000000    
    kh_riv_g61     10.33960200000000         1.000000         0.000000    
    kh_riv_g62     1000.000000000000         1.000000         0.000000    
    kh_riv_g63    3.2394246000000002E-02     1.000000         0.000000    
    kh_sandy31     862.2489800000000         1.000000         0.000000    
    kh_sandy32     284.2809300000000         1.000000         0.000000    
    kh_sandy70    0.6776033700000000         1.000000         0.000000    
    kh_sandy71    0.3553932900000000         1.000000         0.000000    
      kh_ter14     1.411653500000000         1.000000         0.000000    
      kh_ter15     178.5311400000000         1.000000         0.000000    
      kh_ter33     1000.000000000000         1.000000         0.000000    
      kh_ter34     1000.000000000000         1.000000         0.000000    
      kh_ter35     1000.000000000000         1.000000         0.000000    
      kh_ter36     60.60157300000000         1.000000         0.000000    
      kh_ter37     169.0043600000000         1.000000         0.000000    
      kh_ter38    1.0000000000000000E-02     1.000000         0.000000    
      kh_ter39    0.4297390300000000         1.000000         0.000000    
      kh_ter80     15.87709500000000         1.000000         0.000000    
      kh_ter81     126.9454700000000         1.000000         0.000000    
      kh_ter82     1.141353200000000         1.000000         0.000000    
      kh_ter83     20.24652000000000         1.000000         0.000000    
      kh_ter84     1000.000000000000         1.000000         0.000000    
      kh_ter85     6.462685800000000         1.000000         0.000000    
      kh_ter86     1.741699500000000         1.000000         0.000000    
      kh_ter87     4.315193600000000         1.000000         0.000000    
      kh_ter88     1000.000000000000         1.000000         0.000000    
      race_all    0.9702129600000000         1.000000         0.000000    
       rch_all    0.7296596200000000         1.000000         0.000000    
        riv_c1     1625.255700000000         1.000000         0.000000    
     riv_gview     89.11217700000000         1.000000         0.000000    
        riv_h1     1680.646100000000         1.000000         0.000000    
        riv_h2     1272.537300000000         1.000000         0.000000    
        riv_h3     5497.080800000000         1.000000         0.000000    
      riv_john     50.00000000000000         1.000000         0.000000    
    sy_h_flat1    8.0028694999999999E-04     1.000000         0.000000    
   sy_h_flat10    5.4651404000000001E-02     1.000000         0.000000    
    sy_h_flat2    0.3000000000000000         1.000000         0.000000    
    sy_h_flat3    2.3291543000000000E-04     1.000000         0.000000    
    sy_h_flat4    0.3000000000000000         1.000000         0.000000    
   sy_h_flat45    9.4845598000000003E-02     1.000000         0.000000    
   sy_h_flat46    3.2969193000000001E-02     1.000000         0.000000    
    sy_h_flat5    2.3135295000000000E-02     1.000000         0.000000    
   sy_h_flat51    0.1212009200000000         1.000000         0.000000    
    sy_h_flat6    5.7280140000000000E-03     1.000000         0.000000    
    sy_h_flat7    0.3000000000000000         1.000000         0.000000    
    sy_h_flat8    5.4347972000000000E-03     1.000000         0.000000    
   sy_h_flat89    4.0460871000000002E-02     1.000000         0.000000    
    sy_h_flat9    4.8099257000000003E-03     1.000000         0.000000    
     sy_hill11    3.0652110000000000E-03     1.000000         0.000000    
     sy_hill12    1.0927795000000001E-02     1.000000         0.000000    
     sy_hill13    4.3124477000000003E-03     1.000000         0.000000    
     sy_mang16    1.0967728000000000E-03     1.000000         0.000000    
     sy_mang17    0.2077214100000000         1.000000         0.000000    
     sy_mang18    1.2336711000000000E-02     1.000000         0.000000    
     sy_mang19    4.5999703000000001E-04     1.000000         0.000000    
     sy_mang20    2.3607810999999999E-02     1.000000         0.000000    
     sy_mang21    0.1750075200000000         1.000000         0.000000    
     sy_mang22    4.2568572999999998E-03     1.000000         0.000000    
    sy_riv_g23    6.9400193000000005E-04     1.000000         0.000000    
    sy_riv_g24    1.1474953000000000E-02     1.000000         0.000000    
    sy_riv_g25    0.3000000000000000         1.000000         0.000000    
    sy_riv_g26    0.3000000000000000         1.000000         0.000000    
    sy_riv_g27    1.6011891000000001E-03     1.000000         0.000000    
    sy_riv_g28    2.2434754000000000E-04     1.000000         0.000000    
    sy_riv_g29    1.1261451999999999E-03     1.000000         0.000000    
    sy_riv_g30    6.7096398000000002E-02     1.000000         0.000000    
    sy_riv_g60    4.6930336000000003E-03     1.000000         0.000000    
    sy_riv_g61    5.3002504999999998E-02     1.000000         0.000000    
    sy_riv_g62    5.6247934999999999E-02     1.000000         0.000000    
    sy_riv_g63    5.7325917999999998E-03     1.000000         0.000000    
    sy_sandy31    2.2842854000000002E-03     1.000000         0.000000    
    sy_sandy32    8.1696892000000000E-03     1.000000         0.000000    
    sy_sandy70    3.2754385000000000E-03     1.000000         0.000000    
    sy_sandy71    1.6086326000000001E-02     1.000000         0.000000    
  sy_ss_mor_l0    8.3171290999999996E-05     1.000000         0.000000    
  sy_ss_mor_l1    1.0000000000000000E-03     1.000000         0.000000    
    sy_ss_rest    2.5650517999999999E-06     1.000000         0.000000    
  sy_sy_mor_l0    1.6220641000000001E-02     1.000000         0.000000    
  sy_sy_mor_l1    9.9999340999999990E-04     1.000000         0.000000    
      sy_ter14    2.4514639000000001E-02     1.000000         0.000000    
      sy_ter15    6.7242596999999996E-04     1.000000         0.000000    
      sy_ter33    0.3000000000000000         1.000000         0.000000    
      sy_ter34    0.3000000000000000         1.000000         0.000000    
      sy_ter35    0.3000000000000000         1.000000         0.000000    
      sy_ter36    0.3000000000000000         1.000000         0.000000    
      sy_ter37    0.3000000000000000         1.000000         0.000000    
      sy_ter38    0.3000000000000000         1.000000         0.000000    
      sy_ter39    0.1512329800000000         1.000000         0.000000    
      sy_ter80    4.4584923999999998E-03     1.000000         0.000000    
      sy_ter81    0.3000000000000000         1.000000         0.000000    
      sy_ter82    8.7592468000000003E-03     1.000000         0.000000    
      sy_ter83    8.3704530000000001E-04     1.000000         0.000000    
      sy_ter84    3.5102322999999998E-02     1.000000         0.000000    
      sy_ter85    5.3112760000000002E-03     1.000000         0.000000    
      sy_ter86    0.1162506300000000         1.000000         0.000000    
      sy_ter87    3.9527194999999999E-04     1.000000         0.000000    
      sy_ter88    0.3000000000000000         1.000000         0.000000    
