  single point
     hill_main     1.200000000000000         1.000000         0.000000    
     hill_mang     1.200000000000000         1.000000         0.000000    
       hill_se     1.200000000000000         1.000000         0.000000    
    kh_h_flat1     4.725529700000000         1.000000         0.000000    
   kh_h_flat10     22.04869100000000         1.000000         0.000000    
    kh_h_flat2     38.94822600000000         1.000000         0.000000    
    kh_h_flat3     189.3655100000000         1.000000         0.000000    
    kh_h_flat4     1000.000000000000         1.000000         0.000000    
   kh_h_flat45     785.2893500000000         1.000000         0.000000    
   kh_h_flat46     749.9738900000000         1.000000         0.000000    
    kh_h_flat5     1000.000000000000         1.000000         0.000000    
   kh_h_flat51     1000.000000000000         1.000000         0.000000    
    kh_h_flat6    0.5550780100000000         1.000000         0.000000    
    kh_h_flat7     1000.000000000000         1.000000         0.000000    
    kh_h_flat8     1000.000000000000         1.000000         0.000000    
   kh_h_flat89     1000.000000000000         1.000000         0.000000    
    kh_h_flat9     70.88086300000001         1.000000         0.000000    
     kh_hill11    1.1051518999999999E-02     1.000000         0.000000    
     kh_hill12     4.882115100000000         1.000000         0.000000    
     kh_hill13     120.9771300000000         1.000000         0.000000    
       kh_lake     26.99822800000000         1.000000         0.000000    
     kh_mang16     8.050774300000000         1.000000         0.000000    
     kh_mang17     1000.000000000000         1.000000         0.000000    
     kh_mang18     162.9350700000000         1.000000         0.000000    
     kh_mang19    1.0000000000000000E-02     1.000000         0.000000    
     kh_mang20     217.4213000000000         1.000000         0.000000    
     kh_mang21     96.29936200000000         1.000000         0.000000    
     kh_mang22    0.5096839100000000         1.000000         0.000000    
     kh_mor_l0     1000.000000000000         1.000000         0.000000    
     kh_mor_l1    0.1094584700000000         1.000000         0.000000    
    kh_riv_g23     2.176619600000000         1.000000         0.000000    
    kh_riv_g24     3.801332500000000         1.000000         0.000000    
    kh_riv_g25     92.00601100000000         1.000000         0.000000    
    kh_riv_g26     81.28992300000000         1.000000         0.000000    
    kh_riv_g27    0.1896244800000000         1.000000         0.000000    
    kh_riv_g28     57.67921100000000         1.000000         0.000000    
    kh_riv_g29     849.8258800000000         1.000000         0.000000    
    kh_riv_g30     1000.000000000000         1.000000         0.000000    
    kh_riv_g60     1000.000000000000         1.000000         0.000000    
    kh_riv_g61     35.67380800000000         1.000000         0.000000    
    kh_riv_g62     413.7095400000000         1.000000         0.000000    
    kh_riv_g63    1.0000000000000000E-02     1.000000         0.000000    
    kh_sandy31     80.41808899999999         1.000000         0.000000    
    kh_sandy32     16.07182800000000         1.000000         0.000000    
    kh_sandy70     3.977716600000000         1.000000         0.000000    
    kh_sandy71    7.5968769000000005E-02     1.000000         0.000000    
      kh_ter14    0.4724652500000000         1.000000         0.000000    
      kh_ter15     159.0480800000000         1.000000         0.000000    
      kh_ter33     1000.000000000000         1.000000         0.000000    
      kh_ter34     1000.000000000000         1.000000         0.000000    
      kh_ter35     1000.000000000000         1.000000         0.000000    
      kh_ter36     131.8162500000000         1.000000         0.000000    
      kh_ter37     154.9202200000000         1.000000         0.000000    
      kh_ter38    1.0000000000000000E-02     1.000000         0.000000    
      kh_ter39    0.1905034500000000         1.000000         0.000000    
      kh_ter80     910.3058300000000         1.000000         0.000000    
      kh_ter81     92.56498600000000         1.000000         0.000000    
      kh_ter82     1.095291300000000         1.000000         0.000000    
      kh_ter83    8.0715054999999994E-02     1.000000         0.000000    
      kh_ter84     1000.000000000000         1.000000         0.000000    
      kh_ter85    0.7395681000000000         1.000000         0.000000    
      kh_ter86     1.504215000000000         1.000000         0.000000    
      kh_ter87    1.2211741000000000E-02     1.000000         0.000000    
      kh_ter88     1000.000000000000         1.000000         0.000000    
      race_all     1.200000000000000         1.000000         0.000000    
       rch_all    0.5000000000000000         1.000000         0.000000    
        riv_c1     1003.655600000000         1.000000         0.000000    
     riv_gview     50.00000000000000         1.000000         0.000000    
        riv_h1     983.9314100000000         1.000000         0.000000    
        riv_h2     1110.138200000000         1.000000         0.000000    
        riv_h3     4247.334000000000         1.000000         0.000000    
      riv_john     50.00000000000000         1.000000         0.000000    
    sy_h_flat1    1.0000000000000000E-04     1.000000         0.000000    
   sy_h_flat10    0.3000000000000000         1.000000         0.000000    
    sy_h_flat2    0.3000000000000000         1.000000         0.000000    
    sy_h_flat3    7.3914985999999996E-04     1.000000         0.000000    
    sy_h_flat4    0.3000000000000000         1.000000         0.000000    
   sy_h_flat45    0.2684331000000000         1.000000         0.000000    
   sy_h_flat46    2.3212071999999999E-04     1.000000         0.000000    
    sy_h_flat5    5.0976259000000000E-04     1.000000         0.000000    
   sy_h_flat51    4.5207590999999997E-03     1.000000         0.000000    
    sy_h_flat6    2.3835367000000001E-03     1.000000         0.000000    
    sy_h_flat7    0.1622168100000000         1.000000         0.000000    
    sy_h_flat8    7.3711024999999999E-02     1.000000         0.000000    
   sy_h_flat89    8.5406873999999994E-02     1.000000         0.000000    
    sy_h_flat9    0.3000000000000000         1.000000         0.000000    
     sy_hill11    1.0000000000000000E-04     1.000000         0.000000    
     sy_hill12    1.6012276000000000E-03     1.000000         0.000000    
     sy_hill13    2.6966794000000001E-03     1.000000         0.000000    
     sy_mang16    1.9100593999999999E-03     1.000000         0.000000    
     sy_mang17    5.5568606999999999E-02     1.000000         0.000000    
     sy_mang18    0.2816842100000000         1.000000         0.000000    
     sy_mang19    2.1295097000000002E-03     1.000000         0.000000    
     sy_mang20    0.2009335400000000         1.000000         0.000000    
     sy_mang21    2.3927824000000000E-02     1.000000         0.000000    
     sy_mang22    1.8033247000000001E-03     1.000000         0.000000    
    sy_riv_g23    4.3371396999999999E-04     1.000000         0.000000    
    sy_riv_g24    1.5030686000000000E-02     1.000000         0.000000    
    sy_riv_g25    0.3000000000000000         1.000000         0.000000    
    sy_riv_g26    0.3000000000000000         1.000000         0.000000    
    sy_riv_g27    1.0528243000000000E-03     1.000000         0.000000    
    sy_riv_g28    1.4036402999999999E-04     1.000000         0.000000    
    sy_riv_g29    6.4566446999999997E-04     1.000000         0.000000    
    sy_riv_g30    0.2163779000000000         1.000000         0.000000    
    sy_riv_g60    4.0425544000000004E-03     1.000000         0.000000    
    sy_riv_g61    6.3672505000000004E-02     1.000000         0.000000    
    sy_riv_g62    0.1359056600000000         1.000000         0.000000    
    sy_riv_g63    8.1894879000000004E-03     1.000000         0.000000    
    sy_sandy31    1.2151763000000000E-03     1.000000         0.000000    
    sy_sandy32    9.5127661999999998E-03     1.000000         0.000000    
    sy_sandy70    1.1031794000000001E-03     1.000000         0.000000    
    sy_sandy71    1.2737693000000000E-02     1.000000         0.000000    
  sy_ss_mor_l0    8.2761291000000005E-05     1.000000         0.000000    
  sy_ss_mor_l1    3.5581322000000001E-04     1.000000         0.000000    
    sy_ss_rest    3.0205553999999999E-06     1.000000         0.000000    
  sy_sy_mor_l0    1.9568993000000000E-02     1.000000         0.000000    
  sy_sy_mor_l1    9.9999235999999997E-04     1.000000         0.000000    
      sy_ter14    1.0103709000000001E-02     1.000000         0.000000    
      sy_ter15    1.2322200000000001E-04     1.000000         0.000000    
      sy_ter33    0.3000000000000000         1.000000         0.000000    
      sy_ter34    0.3000000000000000         1.000000         0.000000    
      sy_ter35    6.9940657000000003E-02     1.000000         0.000000    
      sy_ter36    0.1682471100000000         1.000000         0.000000    
      sy_ter37    0.3000000000000000         1.000000         0.000000    
      sy_ter38    0.3000000000000000         1.000000         0.000000    
      sy_ter39    1.3059895000000000E-02     1.000000         0.000000    
      sy_ter80    1.0542968000000000E-02     1.000000         0.000000    
      sy_ter81    0.3000000000000000         1.000000         0.000000    
      sy_ter82    4.3753606999999998E-03     1.000000         0.000000    
      sy_ter83    0.3000000000000000         1.000000         0.000000    
      sy_ter84    1.5167618000000001E-02     1.000000         0.000000    
      sy_ter85    0.1308215000000000         1.000000         0.000000    
      sy_ter86    0.3000000000000000         1.000000         0.000000    
      sy_ter87    0.3000000000000000         1.000000         0.000000    
      sy_ter88    9.3416663999999996E-02     1.000000         0.000000    
