  single point
     hill_main     1.200000000000000         1.000000         0.000000    
     hill_mang     1.200000000000000         1.000000         0.000000    
       hill_se     1.200000000000000         1.000000         0.000000    
    kh_h_flat1     5.466087100000000         1.000000         0.000000    
   kh_h_flat10     55.70921900000000         1.000000         0.000000    
    kh_h_flat2     34.09243900000000         1.000000         0.000000    
    kh_h_flat3     180.1827300000000         1.000000         0.000000    
    kh_h_flat4     1000.000000000000         1.000000         0.000000    
   kh_h_flat45     640.5659100000000         1.000000         0.000000    
   kh_h_flat46     1000.000000000000         1.000000         0.000000    
    kh_h_flat5     1000.000000000000         1.000000         0.000000    
   kh_h_flat51     1000.000000000000         1.000000         0.000000    
    kh_h_flat6    0.2996679500000000         1.000000         0.000000    
    kh_h_flat7     1000.000000000000         1.000000         0.000000    
    kh_h_flat8     1000.000000000000         1.000000         0.000000    
   kh_h_flat89     1000.000000000000         1.000000         0.000000    
    kh_h_flat9     111.2417300000000         1.000000         0.000000    
     kh_hill11    1.0000000000000000E-02     1.000000         0.000000    
     kh_hill12     1.659283900000000         1.000000         0.000000    
     kh_hill13     77.58403000000000         1.000000         0.000000    
       kh_lake     26.04053900000000         1.000000         0.000000    
     kh_mang16     8.295405700000000         1.000000         0.000000    
     kh_mang17     1000.000000000000         1.000000         0.000000    
     kh_mang18     104.6341500000000         1.000000         0.000000    
     kh_mang19    1.0000000000000000E-02     1.000000         0.000000    
     kh_mang20     306.4907400000000         1.000000         0.000000    
     kh_mang21     17.65928500000000         1.000000         0.000000    
     kh_mang22    0.3475888700000000         1.000000         0.000000    
     kh_mor_l0     1000.000000000000         1.000000         0.000000    
     kh_mor_l1    0.1166146500000000         1.000000         0.000000    
    kh_riv_g23     1.431647100000000         1.000000         0.000000    
    kh_riv_g24    0.5875628200000000         1.000000         0.000000    
    kh_riv_g25     90.46960799999999         1.000000         0.000000    
    kh_riv_g26     66.45576000000000         1.000000         0.000000    
    kh_riv_g27    8.5061951999999996E-02     1.000000         0.000000    
    kh_riv_g28     61.00502400000000         1.000000         0.000000    
    kh_riv_g29     529.9169700000000         1.000000         0.000000    
    kh_riv_g30     1000.000000000000         1.000000         0.000000    
    kh_riv_g60     1000.000000000000         1.000000         0.000000    
    kh_riv_g61     85.95788300000000         1.000000         0.000000    
    kh_riv_g62     305.8700900000000         1.000000         0.000000    
    kh_riv_g63    1.0000000000000000E-02     1.000000         0.000000    
    kh_sandy31     85.78021699999999         1.000000         0.000000    
    kh_sandy32     19.41649400000000         1.000000         0.000000    
    kh_sandy70     3.311804100000000         1.000000         0.000000    
    kh_sandy71    9.0333821999999994E-02     1.000000         0.000000    
      kh_ter14    0.5808424800000000         1.000000         0.000000    
      kh_ter15     178.8223200000000         1.000000         0.000000    
      kh_ter33     793.4924900000000         1.000000         0.000000    
      kh_ter34     1000.000000000000         1.000000         0.000000    
      kh_ter35     1000.000000000000         1.000000         0.000000    
      kh_ter36     95.93068100000001         1.000000         0.000000    
      kh_ter37     95.03399500000000         1.000000         0.000000    
      kh_ter38    1.0000000000000000E-02     1.000000         0.000000    
      kh_ter39    0.1953284000000000         1.000000         0.000000    
      kh_ter80     517.7497000000000         1.000000         0.000000    
      kh_ter81     115.8525400000000         1.000000         0.000000    
      kh_ter82     2.510721000000000         1.000000         0.000000    
      kh_ter83    2.1126303999999999E-02     1.000000         0.000000    
      kh_ter84     1000.000000000000         1.000000         0.000000    
      kh_ter85     1.213725500000000         1.000000         0.000000    
      kh_ter86     1.610217400000000         1.000000         0.000000    
      kh_ter87    1.7559223999999998E-02     1.000000         0.000000    
      kh_ter88     1000.000000000000         1.000000         0.000000    
      race_all     1.200000000000000         1.000000         0.000000    
       rch_all    0.5000000000000000         1.000000         0.000000    
        riv_c1     1007.885300000000         1.000000         0.000000    
     riv_gview     50.00000000000000         1.000000         0.000000    
        riv_h1     858.9090000000000         1.000000         0.000000    
        riv_h2     1233.507700000000         1.000000         0.000000    
        riv_h3     4175.608700000000         1.000000         0.000000    
      riv_john     50.00000000000000         1.000000         0.000000    
    sy_h_flat1    1.0000000000000000E-04     1.000000         0.000000    
   sy_h_flat10    0.3000000000000000         1.000000         0.000000    
    sy_h_flat2    0.3000000000000000         1.000000         0.000000    
    sy_h_flat3    1.4398201999999999E-03     1.000000         0.000000    
    sy_h_flat4    0.3000000000000000         1.000000         0.000000    
   sy_h_flat45    0.2037488400000000         1.000000         0.000000    
   sy_h_flat46    1.0000000000000000E-04     1.000000         0.000000    
    sy_h_flat5    2.2108942000000000E-04     1.000000         0.000000    
   sy_h_flat51    4.2039707999999999E-03     1.000000         0.000000    
    sy_h_flat6    1.9938654000000002E-03     1.000000         0.000000    
    sy_h_flat7    0.3000000000000000         1.000000         0.000000    
    sy_h_flat8    2.2155481000000001E-02     1.000000         0.000000    
   sy_h_flat89    0.2535274200000000         1.000000         0.000000    
    sy_h_flat9    0.3000000000000000         1.000000         0.000000    
     sy_hill11    1.0000000000000000E-04     1.000000         0.000000    
     sy_hill12    1.2095768000000000E-03     1.000000         0.000000    
     sy_hill13    2.2782538999999999E-03     1.000000         0.000000    
     sy_mang16    1.3532278000000000E-02     1.000000         0.000000    
     sy_mang17    1.9955008000000000E-02     1.000000         0.000000    
     sy_mang18    0.2303179700000000         1.000000         0.000000    
     sy_mang19    3.5920448999999998E-03     1.000000         0.000000    
     sy_mang20    0.1172127100000000         1.000000         0.000000    
     sy_mang21    9.0901909999999992E-03     1.000000         0.000000    
     sy_mang22    1.9130733000000000E-03     1.000000         0.000000    
    sy_riv_g23    6.6035080000000003E-04     1.000000         0.000000    
    sy_riv_g24    1.4892287000000001E-02     1.000000         0.000000    
    sy_riv_g25    0.3000000000000000         1.000000         0.000000    
    sy_riv_g26    0.3000000000000000         1.000000         0.000000    
    sy_riv_g27    1.4392134000000001E-03     1.000000         0.000000    
    sy_riv_g28    6.1406101000000002E-04     1.000000         0.000000    
    sy_riv_g29    1.0272865000000000E-03     1.000000         0.000000    
    sy_riv_g30    0.2147621400000000         1.000000         0.000000    
    sy_riv_g60    4.2205571000000002E-03     1.000000         0.000000    
    sy_riv_g61    5.2501939999999997E-02     1.000000         0.000000    
    sy_riv_g62    0.1818532800000000         1.000000         0.000000    
    sy_riv_g63    5.3504045999999998E-03     1.000000         0.000000    
    sy_sandy31    9.9508743999999994E-04     1.000000         0.000000    
    sy_sandy32    9.9697793000000003E-03     1.000000         0.000000    
    sy_sandy70    8.3002913000000005E-04     1.000000         0.000000    
    sy_sandy71    1.0707367000000001E-02     1.000000         0.000000    
  sy_ss_mor_l0    8.5099903000000003E-05     1.000000         0.000000    
  sy_ss_mor_l1    4.1982902000000001E-04     1.000000         0.000000    
    sy_ss_rest    6.9333667000000003E-06     1.000000         0.000000    
  sy_sy_mor_l0    8.4144198000000003E-02     1.000000         0.000000    
  sy_sy_mor_l1    9.9999235999999997E-04     1.000000         0.000000    
      sy_ter14    1.0808093000000000E-02     1.000000         0.000000    
      sy_ter15    1.1611873000000000E-04     1.000000         0.000000    
      sy_ter33    0.3000000000000000         1.000000         0.000000    
      sy_ter34    0.3000000000000000         1.000000         0.000000    
      sy_ter35    6.5325891999999997E-02     1.000000         0.000000    
      sy_ter36    0.1584149800000000         1.000000         0.000000    
      sy_ter37    0.3000000000000000         1.000000         0.000000    
      sy_ter38    0.3000000000000000         1.000000         0.000000    
      sy_ter39    1.3282957000000000E-02     1.000000         0.000000    
      sy_ter80    7.5787090999999999E-03     1.000000         0.000000    
      sy_ter81    0.3000000000000000         1.000000         0.000000    
      sy_ter82    3.8728347000000002E-03     1.000000         0.000000    
      sy_ter83    0.3000000000000000         1.000000         0.000000    
      sy_ter84    1.3111960000000001E-02     1.000000         0.000000    
      sy_ter85    0.1372673300000000         1.000000         0.000000    
      sy_ter86    0.3000000000000000         1.000000         0.000000    
      sy_ter87    0.3000000000000000         1.000000         0.000000    
      sy_ter88    6.0260560999999997E-02     1.000000         0.000000    
