  single point
     hill_main    0.8000000000000000         1.000000         0.000000    
     hill_mang    0.9000000000000000         1.000000         0.000000    
       hill_se     1.086714000000000         1.000000         0.000000    
    kh_h_flat1     71.71278300000000         1.000000         0.000000    
   kh_h_flat10     267.2507000000000         1.000000         0.000000    
    kh_h_flat2     25.69665100000000         1.000000         0.000000    
    kh_h_flat3     561.6421500000000         1.000000         0.000000    
    kh_h_flat4     102.8107300000000         1.000000         0.000000    
   kh_h_flat45     796.5110800000000         1.000000         0.000000    
   kh_h_flat46     28.05568800000000         1.000000         0.000000    
    kh_h_flat5     1000.000000000000         1.000000         0.000000    
   kh_h_flat51     1000.000000000000         1.000000         0.000000    
    kh_h_flat6     1000.000000000000         1.000000         0.000000    
    kh_h_flat7     1000.000000000000         1.000000         0.000000    
    kh_h_flat8     1000.000000000000         1.000000         0.000000    
   kh_h_flat89     1000.000000000000         1.000000         0.000000    
    kh_h_flat9     232.6413500000000         1.000000         0.000000    
     kh_hill11     58.96650000000000         1.000000         0.000000    
     kh_hill12     1000.000000000000         1.000000         0.000000    
     kh_hill13     361.4237000000000         1.000000         0.000000    
       kh_lake     23.63644800000000         1.000000         0.000000    
     kh_mang16     39.10443700000000         1.000000         0.000000    
     kh_mang17     1000.000000000000         1.000000         0.000000    
     kh_mang18     31.08549100000000         1.000000         0.000000    
     kh_mang19     19.14618000000000         1.000000         0.000000    
     kh_mang20     1000.000000000000         1.000000         0.000000    
     kh_mang21     316.6364800000000         1.000000         0.000000    
     kh_mang22     8.588676200000000         1.000000         0.000000    
     kh_mor_l0     1000.000000000000         1.000000         0.000000    
     kh_mor_l1    1.4449665000000001E-04     1.000000         0.000000    
    kh_riv_g23     8.576176600000000         1.000000         0.000000    
    kh_riv_g24     274.8904900000000         1.000000         0.000000    
    kh_riv_g25     262.6701000000000         1.000000         0.000000    
    kh_riv_g26     273.5425900000000         1.000000         0.000000    
    kh_riv_g27     10.56366900000000         1.000000         0.000000    
    kh_riv_g28     183.9283400000000         1.000000         0.000000    
    kh_riv_g29     936.1555499999999         1.000000         0.000000    
    kh_riv_g30     1000.000000000000         1.000000         0.000000    
    kh_riv_g60     535.0986700000000         1.000000         0.000000    
    kh_riv_g61     3.298229200000000         1.000000         0.000000    
    kh_riv_g62     741.0258900000000         1.000000         0.000000    
    kh_riv_g63     19.22035500000000         1.000000         0.000000    
    kh_sandy31     1000.000000000000         1.000000         0.000000    
    kh_sandy32     463.9722400000000         1.000000         0.000000    
    kh_sandy70    0.1349497100000000         1.000000         0.000000    
    kh_sandy71     4.584377400000000         1.000000         0.000000    
      kh_ter14     2.415251600000000         1.000000         0.000000    
      kh_ter15     69.94868800000000         1.000000         0.000000    
      kh_ter33     476.7560300000000         1.000000         0.000000    
      kh_ter34     466.1174800000000         1.000000         0.000000    
      kh_ter35     1000.000000000000         1.000000         0.000000    
      kh_ter36     36.63598100000000         1.000000         0.000000    
      kh_ter37     970.7852700000000         1.000000         0.000000    
      kh_ter38    0.1593066200000000         1.000000         0.000000    
      kh_ter39     1.697072600000000         1.000000         0.000000    
      kh_ter80     2.076711900000000         1.000000         0.000000    
      kh_ter81     164.2307200000000         1.000000         0.000000    
      kh_ter82     20.19374700000000         1.000000         0.000000    
      kh_ter83     28.89306500000000         1.000000         0.000000    
      kh_ter84     1000.000000000000         1.000000         0.000000    
      kh_ter85     27.66920600000000         1.000000         0.000000    
      kh_ter86     2.349171800000000         1.000000         0.000000    
      kh_ter87     324.0848100000000         1.000000         0.000000    
      kh_ter88     37.27408500000000         1.000000         0.000000    
      race_all    0.8524065600000000         1.000000         0.000000    
       rch_all    0.9227589600000000         1.000000         0.000000    
        riv_c1     1056.302900000000         1.000000         0.000000    
     riv_gview     75.97856400000001         1.000000         0.000000    
        riv_h1     2038.469700000000         1.000000         0.000000    
        riv_h2     1042.384200000000         1.000000         0.000000    
        riv_h3     1840.803600000000         1.000000         0.000000    
      riv_john     50.00000000000000         1.000000         0.000000    
    sy_h_flat1    8.7951402000000000E-04     1.000000         0.000000    
   sy_h_flat10    1.9591284000000000E-02     1.000000         0.000000    
    sy_h_flat2    0.2213941900000000         1.000000         0.000000    
    sy_h_flat3    3.8687260999999999E-03     1.000000         0.000000    
    sy_h_flat4    0.2314743900000000         1.000000         0.000000    
   sy_h_flat45    1.7936041999999999E-02     1.000000         0.000000    
   sy_h_flat46    2.8555052000000001E-02     1.000000         0.000000    
    sy_h_flat5    5.3679671999999998E-02     1.000000         0.000000    
   sy_h_flat51    9.1858239999999994E-02     1.000000         0.000000    
    sy_h_flat6    6.6703181999999998E-03     1.000000         0.000000    
    sy_h_flat7    1.0658693000000000E-02     1.000000         0.000000    
    sy_h_flat8    5.7988935000000000E-03     1.000000         0.000000    
   sy_h_flat89    3.3323857999999998E-02     1.000000         0.000000    
    sy_h_flat9    2.6472191000000002E-03     1.000000         0.000000    
     sy_hill11    8.1001007000000000E-02     1.000000         0.000000    
     sy_hill12    4.9357851000000003E-03     1.000000         0.000000    
     sy_hill13    7.1583567000000001E-03     1.000000         0.000000    
     sy_mang16    2.5842410000000001E-03     1.000000         0.000000    
     sy_mang17    0.1408606700000000         1.000000         0.000000    
     sy_mang18    1.3455517000000000E-02     1.000000         0.000000    
     sy_mang19    1.0000000000000000E-04     1.000000         0.000000    
     sy_mang20    2.6122086999999999E-02     1.000000         0.000000    
     sy_mang21    5.2780063000000002E-02     1.000000         0.000000    
     sy_mang22    8.9858866999999992E-03     1.000000         0.000000    
    sy_riv_g23    2.2328742000000002E-03     1.000000         0.000000    
    sy_riv_g24    6.5314470000000001E-03     1.000000         0.000000    
    sy_riv_g25    0.3000000000000000         1.000000         0.000000    
    sy_riv_g26    0.3000000000000000         1.000000         0.000000    
    sy_riv_g27    3.1869006000000001E-03     1.000000         0.000000    
    sy_riv_g28    5.2174595000000000E-04     1.000000         0.000000    
    sy_riv_g29    3.1177149000000000E-03     1.000000         0.000000    
    sy_riv_g30    2.5207767999999998E-02     1.000000         0.000000    
    sy_riv_g60    5.8012037000000002E-03     1.000000         0.000000    
    sy_riv_g61    5.4050805000000002E-03     1.000000         0.000000    
    sy_riv_g62    5.0910695999999998E-02     1.000000         0.000000    
    sy_riv_g63    4.5673056000000000E-03     1.000000         0.000000    
    sy_sandy31    6.1826288999999998E-03     1.000000         0.000000    
    sy_sandy32    7.0756107999999998E-03     1.000000         0.000000    
    sy_sandy70    1.0354057000000000E-02     1.000000         0.000000    
    sy_sandy71    1.8420926000000001E-02     1.000000         0.000000    
  sy_ss_mor_l0    8.4353491000000000E-05     1.000000         0.000000    
  sy_ss_mor_l1    4.0674233000000001E-04     1.000000         0.000000    
    sy_ss_rest    3.6112571999999998E-06     1.000000         0.000000    
  sy_sy_mor_l0    9.8073183999999994E-02     1.000000         0.000000    
  sy_sy_mor_l1    9.9999340999999990E-04     1.000000         0.000000    
      sy_ter14    2.0110567999999999E-02     1.000000         0.000000    
      sy_ter15    2.4618868000000002E-03     1.000000         0.000000    
      sy_ter33    7.7026719000000002E-03     1.000000         0.000000    
      sy_ter34    9.2552774000000004E-02     1.000000         0.000000    
      sy_ter35    0.2709468300000000         1.000000         0.000000    
      sy_ter36    0.1759442400000000         1.000000         0.000000    
      sy_ter37    3.4177463999999998E-02     1.000000         0.000000    
      sy_ter38    4.2371926999999997E-02     1.000000         0.000000    
      sy_ter39    8.7910653000000005E-02     1.000000         0.000000    
      sy_ter80    2.9613109000000001E-04     1.000000         0.000000    
      sy_ter81    0.3000000000000000         1.000000         0.000000    
      sy_ter82    4.7589679999999997E-03     1.000000         0.000000    
      sy_ter83    1.0567252000000000E-03     1.000000         0.000000    
      sy_ter84    7.4463161999999998E-03     1.000000         0.000000    
      sy_ter85    8.3302791000000008E-03     1.000000         0.000000    
      sy_ter86    1.8421724000000000E-02     1.000000         0.000000    
      sy_ter87    1.7589767000000000E-03     1.000000         0.000000    
      sy_ter88    0.1613473100000000         1.000000         0.000000    
