  single point
     hill_main    0.8663633200000000         1.000000         0.000000    
     hill_mang    0.8000000000000000         1.000000         0.000000    
       hill_se     1.196956700000000         1.000000         0.000000    
    kh_h_flat1     69.43898400000000         1.000000         0.000000    
   kh_h_flat10     85.49169000000001         1.000000         0.000000    
    kh_h_flat2     49.96251900000000         1.000000         0.000000    
    kh_h_flat3     623.8318000000000         1.000000         0.000000    
    kh_h_flat4     167.3303100000000         1.000000         0.000000    
   kh_h_flat45     280.6879500000000         1.000000         0.000000    
   kh_h_flat46     23.29121900000000         1.000000         0.000000    
    kh_h_flat5     1000.000000000000         1.000000         0.000000    
   kh_h_flat51     1000.000000000000         1.000000         0.000000    
    kh_h_flat6     1000.000000000000         1.000000         0.000000    
    kh_h_flat7     1000.000000000000         1.000000         0.000000    
    kh_h_flat8     778.1307900000000         1.000000         0.000000    
   kh_h_flat89     1000.000000000000         1.000000         0.000000    
    kh_h_flat9     90.46980499999999         1.000000         0.000000    
     kh_hill11     192.3419900000000         1.000000         0.000000    
     kh_hill12     516.7155600000000         1.000000         0.000000    
     kh_hill13     300.2476200000000         1.000000         0.000000    
       kh_lake     16.58932300000000         1.000000         0.000000    
     kh_mang16     159.8107200000000         1.000000         0.000000    
     kh_mang17     222.2490100000000         1.000000         0.000000    
     kh_mang18     182.4169800000000         1.000000         0.000000    
     kh_mang19     13.68732100000000         1.000000         0.000000    
     kh_mang20     425.0080200000000         1.000000         0.000000    
     kh_mang21     54.11107400000000         1.000000         0.000000    
     kh_mang22     35.04267100000000         1.000000         0.000000    
     kh_mor_l0     1000.000000000000         1.000000         0.000000    
     kh_mor_l1    1.2889136000000001E-04     1.000000         0.000000    
    kh_riv_g23     79.38328300000001         1.000000         0.000000    
    kh_riv_g24     327.4911200000000         1.000000         0.000000    
    kh_riv_g25     920.4718000000000         1.000000         0.000000    
    kh_riv_g26     449.3659800000000         1.000000         0.000000    
    kh_riv_g27     50.82635200000000         1.000000         0.000000    
    kh_riv_g28     211.1036200000000         1.000000         0.000000    
    kh_riv_g29     433.8242000000000         1.000000         0.000000    
    kh_riv_g30     1000.000000000000         1.000000         0.000000    
    kh_riv_g60     163.7375700000000         1.000000         0.000000    
    kh_riv_g61     9.874985300000001         1.000000         0.000000    
    kh_riv_g62     229.5532300000000         1.000000         0.000000    
    kh_riv_g63     687.1444800000000         1.000000         0.000000    
    kh_sandy31     779.5990700000000         1.000000         0.000000    
    kh_sandy32     238.4212900000000         1.000000         0.000000    
    kh_sandy70    0.7145243100000001         1.000000         0.000000    
    kh_sandy71     8.036565299999999         1.000000         0.000000    
      kh_ter14     4.274596300000000         1.000000         0.000000    
      kh_ter15     230.8879400000000         1.000000         0.000000    
      kh_ter33     1000.000000000000         1.000000         0.000000    
      kh_ter34     202.5084900000000         1.000000         0.000000    
      kh_ter35     1000.000000000000         1.000000         0.000000    
      kh_ter36     20.99667900000000         1.000000         0.000000    
      kh_ter37     291.6614800000000         1.000000         0.000000    
      kh_ter38    0.8585619400000000         1.000000         0.000000    
      kh_ter39     5.065855000000000         1.000000         0.000000    
      kh_ter80     8.600871100000001         1.000000         0.000000    
      kh_ter81     205.0467100000000         1.000000         0.000000    
      kh_ter82     55.55640000000000         1.000000         0.000000    
      kh_ter83     1000.000000000000         1.000000         0.000000    
      kh_ter84     1000.000000000000         1.000000         0.000000    
      kh_ter85     48.75170200000000         1.000000         0.000000    
      kh_ter86     9.129073399999999         1.000000         0.000000    
      kh_ter87     219.9305600000000         1.000000         0.000000    
      kh_ter88     12.76894200000000         1.000000         0.000000    
      race_all    0.8324929000000000         1.000000         0.000000    
       rch_all    0.9878377900000000         1.000000         0.000000    
        riv_c1     1062.140800000000         1.000000         0.000000    
     riv_gview     77.97385400000000         1.000000         0.000000    
        riv_h1     1423.195700000000         1.000000         0.000000    
        riv_h2     744.4372900000000         1.000000         0.000000    
        riv_h3     1868.436300000000         1.000000         0.000000    
      riv_john     50.00000000000000         1.000000         0.000000    
    sy_h_flat1    2.1177745000000000E-03     1.000000         0.000000    
   sy_h_flat10    1.5007570000000000E-02     1.000000         0.000000    
    sy_h_flat2    8.1857005999999996E-02     1.000000         0.000000    
    sy_h_flat3    4.2556505999999999E-03     1.000000         0.000000    
    sy_h_flat4    7.7628710000000004E-02     1.000000         0.000000    
   sy_h_flat45    1.4194339000000000E-02     1.000000         0.000000    
   sy_h_flat46    5.0519707000000001E-03     1.000000         0.000000    
    sy_h_flat5    5.9930914000000000E-03     1.000000         0.000000    
   sy_h_flat51    4.1415175999999998E-02     1.000000         0.000000    
    sy_h_flat6    6.5927915000000004E-03     1.000000         0.000000    
    sy_h_flat7    1.3177280000000000E-02     1.000000         0.000000    
    sy_h_flat8    6.4977589000000001E-03     1.000000         0.000000    
   sy_h_flat89    4.3701372000000002E-02     1.000000         0.000000    
    sy_h_flat9    3.8969297000000002E-03     1.000000         0.000000    
     sy_hill11    1.1667030000000000E-02     1.000000         0.000000    
     sy_hill12    5.1525156000000001E-03     1.000000         0.000000    
     sy_hill13    7.7194013000000004E-03     1.000000         0.000000    
     sy_mang16    1.0017343999999999E-02     1.000000         0.000000    
     sy_mang17    0.2153643200000000         1.000000         0.000000    
     sy_mang18    3.8692599999999998E-03     1.000000         0.000000    
     sy_mang19    3.3869101999999999E-04     1.000000         0.000000    
     sy_mang20    5.0046419000000002E-02     1.000000         0.000000    
     sy_mang21    1.5783988000000000E-03     1.000000         0.000000    
     sy_mang22    1.0041039000000000E-02     1.000000         0.000000    
    sy_riv_g23    4.1152923000000001E-03     1.000000         0.000000    
    sy_riv_g24    7.9369149999999992E-03     1.000000         0.000000    
    sy_riv_g25    5.0743415000000000E-02     1.000000         0.000000    
    sy_riv_g26    0.3000000000000000         1.000000         0.000000    
    sy_riv_g27    5.2723635999999997E-03     1.000000         0.000000    
    sy_riv_g28    1.4128209000000001E-03     1.000000         0.000000    
    sy_riv_g29    4.6914610000000001E-03     1.000000         0.000000    
    sy_riv_g30    1.1785545000000000E-02     1.000000         0.000000    
    sy_riv_g60    6.4479526000000001E-03     1.000000         0.000000    
    sy_riv_g61    4.9224420000000000E-03     1.000000         0.000000    
    sy_riv_g62    3.0694861000000000E-02     1.000000         0.000000    
    sy_riv_g63    5.4998427000000003E-03     1.000000         0.000000    
    sy_sandy31    5.4486086000000000E-03     1.000000         0.000000    
    sy_sandy32    7.1058374000000004E-03     1.000000         0.000000    
    sy_sandy70    7.7230251000000001E-03     1.000000         0.000000    
    sy_sandy71    1.0799750000000000E-02     1.000000         0.000000    
  sy_ss_mor_l0    8.4853420999999994E-05     1.000000         0.000000    
  sy_ss_mor_l1    4.3219157000000001E-04     1.000000         0.000000    
    sy_ss_rest    4.1454602000000000E-06     1.000000         0.000000    
  sy_sy_mor_l0    8.1741524999999995E-02     1.000000         0.000000    
  sy_sy_mor_l1    1.0000000000000000E-03     1.000000         0.000000    
      sy_ter14    5.9329908000000002E-03     1.000000         0.000000    
      sy_ter15    4.2690324000000002E-02     1.000000         0.000000    
      sy_ter33    5.7164410000000001E-03     1.000000         0.000000    
      sy_ter34    6.5317611999999997E-03     1.000000         0.000000    
      sy_ter35    0.3000000000000000         1.000000         0.000000    
      sy_ter36    2.4908277999999999E-02     1.000000         0.000000    
      sy_ter37    0.1007960500000000         1.000000         0.000000    
      sy_ter38    4.8264097999999998E-02     1.000000         0.000000    
      sy_ter39    2.1748129000000001E-02     1.000000         0.000000    
      sy_ter80    4.8889457000000002E-03     1.000000         0.000000    
      sy_ter81    0.3000000000000000         1.000000         0.000000    
      sy_ter82    5.8750225000000003E-03     1.000000         0.000000    
      sy_ter83    4.4927496999999997E-03     1.000000         0.000000    
      sy_ter84    7.6866026999999996E-03     1.000000         0.000000    
      sy_ter85    6.7476278000000002E-03     1.000000         0.000000    
      sy_ter86    6.8702707999999998E-03     1.000000         0.000000    
      sy_ter87    2.3538856000000002E-03     1.000000         0.000000    
      sy_ter88    5.3999078999999998E-02     1.000000         0.000000    
