  single point
     hill_main     1.200000000000000         1.000000         0.000000    
     hill_mang     1.200000000000000         1.000000         0.000000    
       hill_se     1.200000000000000         1.000000         0.000000    
    kh_h_flat1     4.884099100000000         1.000000         0.000000    
   kh_h_flat10     7.660746900000000         1.000000         0.000000    
    kh_h_flat2     42.33102100000000         1.000000         0.000000    
    kh_h_flat3     225.9443300000000         1.000000         0.000000    
    kh_h_flat4     1000.000000000000         1.000000         0.000000    
   kh_h_flat45     902.0609100000000         1.000000         0.000000    
   kh_h_flat46     414.5187100000000         1.000000         0.000000    
    kh_h_flat5     1000.000000000000         1.000000         0.000000    
   kh_h_flat51     1000.000000000000         1.000000         0.000000    
    kh_h_flat6     3.883060300000000         1.000000         0.000000    
    kh_h_flat7     1000.000000000000         1.000000         0.000000    
    kh_h_flat8     1000.000000000000         1.000000         0.000000    
   kh_h_flat89     1000.000000000000         1.000000         0.000000    
    kh_h_flat9     65.43070800000000         1.000000         0.000000    
     kh_hill11    0.1568031300000000         1.000000         0.000000    
     kh_hill12     98.49897700000000         1.000000         0.000000    
     kh_hill13     286.5796500000000         1.000000         0.000000    
       kh_lake     28.46838200000000         1.000000         0.000000    
     kh_mang16     8.578835000000000         1.000000         0.000000    
     kh_mang17     1000.000000000000         1.000000         0.000000    
     kh_mang18     122.0838600000000         1.000000         0.000000    
     kh_mang19    1.0000000000000000E-02     1.000000         0.000000    
     kh_mang20     536.5717900000000         1.000000         0.000000    
     kh_mang21     1000.000000000000         1.000000         0.000000    
     kh_mang22    0.6669394000000000         1.000000         0.000000    
     kh_mor_l0     1000.000000000000         1.000000         0.000000    
     kh_mor_l1    8.7588772999999995E-02     1.000000         0.000000    
    kh_riv_g23     2.631360200000000         1.000000         0.000000    
    kh_riv_g24     19.12752300000000         1.000000         0.000000    
    kh_riv_g25     121.0252300000000         1.000000         0.000000    
    kh_riv_g26     112.7654100000000         1.000000         0.000000    
    kh_riv_g27    0.3049573200000000         1.000000         0.000000    
    kh_riv_g28     56.05564500000000         1.000000         0.000000    
    kh_riv_g29     789.9172200000000         1.000000         0.000000    
    kh_riv_g30     1000.000000000000         1.000000         0.000000    
    kh_riv_g60     864.9305200000000         1.000000         0.000000    
    kh_riv_g61     17.76400900000000         1.000000         0.000000    
    kh_riv_g62     478.8747400000000         1.000000         0.000000    
    kh_riv_g63    1.0000000000000000E-02     1.000000         0.000000    
    kh_sandy31     178.0555500000000         1.000000         0.000000    
    kh_sandy32     29.96027200000000         1.000000         0.000000    
    kh_sandy70     1.648155500000000         1.000000         0.000000    
    kh_sandy71    6.4403791000000002E-02     1.000000         0.000000    
      kh_ter14    0.5130639200000000         1.000000         0.000000    
      kh_ter15     317.8988000000000         1.000000         0.000000    
      kh_ter33     1000.000000000000         1.000000         0.000000    
      kh_ter34     1000.000000000000         1.000000         0.000000    
      kh_ter35     1000.000000000000         1.000000         0.000000    
      kh_ter36     79.09672999999999         1.000000         0.000000    
      kh_ter37     118.2725700000000         1.000000         0.000000    
      kh_ter38    1.0000000000000000E-02     1.000000         0.000000    
      kh_ter39    0.2660379500000000         1.000000         0.000000    
      kh_ter80     166.8581300000000         1.000000         0.000000    
      kh_ter81     101.3390700000000         1.000000         0.000000    
      kh_ter82     4.316167800000000         1.000000         0.000000    
      kh_ter83     7.149444900000000         1.000000         0.000000    
      kh_ter84     1000.000000000000         1.000000         0.000000    
      kh_ter85     1.507884500000000         1.000000         0.000000    
      kh_ter86     1.238019900000000         1.000000         0.000000    
      kh_ter87    4.0556187000000000E-02     1.000000         0.000000    
      kh_ter88     1000.000000000000         1.000000         0.000000    
      race_all     1.200000000000000         1.000000         0.000000    
       rch_all    0.5000000000000000         1.000000         0.000000    
        riv_c1     862.2704600000000         1.000000         0.000000    
     riv_gview     50.00000000000000         1.000000         0.000000    
        riv_h1     1083.145800000000         1.000000         0.000000    
        riv_h2     983.1854000000000         1.000000         0.000000    
        riv_h3     3373.857200000000         1.000000         0.000000    
      riv_john     50.00000000000000         1.000000         0.000000    
    sy_h_flat1    1.0000000000000000E-04     1.000000         0.000000    
   sy_h_flat10    5.1113526999999999E-02     1.000000         0.000000    
    sy_h_flat2    0.3000000000000000         1.000000         0.000000    
    sy_h_flat3    2.4586124999999997E-04     1.000000         0.000000    
    sy_h_flat4    0.3000000000000000         1.000000         0.000000    
   sy_h_flat45    0.2777631200000000         1.000000         0.000000    
   sy_h_flat46    7.4882498999999999E-04     1.000000         0.000000    
    sy_h_flat5    7.1126280999999996E-04     1.000000         0.000000    
   sy_h_flat51    5.4329267000000001E-03     1.000000         0.000000    
    sy_h_flat6    5.0324380000000002E-03     1.000000         0.000000    
    sy_h_flat7    5.6246002000000003E-02     1.000000         0.000000    
    sy_h_flat8    0.2926779700000000         1.000000         0.000000    
   sy_h_flat89    1.2680077000000000E-02     1.000000         0.000000    
    sy_h_flat9    0.3000000000000000         1.000000         0.000000    
     sy_hill11    3.2083329000000000E-04     1.000000         0.000000    
     sy_hill12    7.3581167999999999E-03     1.000000         0.000000    
     sy_hill13    3.3347685999999999E-03     1.000000         0.000000    
     sy_mang16    1.2347463000000000E-03     1.000000         0.000000    
     sy_mang17    6.2766469000000005E-02     1.000000         0.000000    
     sy_mang18    0.1603311600000000         1.000000         0.000000    
     sy_mang19    2.5859701000000000E-03     1.000000         0.000000    
     sy_mang20    0.1279719300000000         1.000000         0.000000    
     sy_mang21    3.0757268000000001E-02     1.000000         0.000000    
     sy_mang22    1.5532253000000000E-03     1.000000         0.000000    
    sy_riv_g23    4.5963497999999998E-04     1.000000         0.000000    
    sy_riv_g24    1.8182754999999998E-02     1.000000         0.000000    
    sy_riv_g25    0.3000000000000000         1.000000         0.000000    
    sy_riv_g26    0.3000000000000000         1.000000         0.000000    
    sy_riv_g27    1.1170061000000001E-03     1.000000         0.000000    
    sy_riv_g28    1.2132536999999999E-04     1.000000         0.000000    
    sy_riv_g29    7.5060581000000002E-04     1.000000         0.000000    
    sy_riv_g30    0.1071813700000000         1.000000         0.000000    
    sy_riv_g60    4.5922719999999997E-03     1.000000         0.000000    
    sy_riv_g61    5.8061917999999997E-02     1.000000         0.000000    
    sy_riv_g62    0.1115970300000000         1.000000         0.000000    
    sy_riv_g63    6.4657370999999996E-03     1.000000         0.000000    
    sy_sandy31    1.0042209000000000E-03     1.000000         0.000000    
    sy_sandy32    1.0054125000000001E-02     1.000000         0.000000    
    sy_sandy70    7.7758923999999999E-04     1.000000         0.000000    
    sy_sandy71    1.3055517000000001E-02     1.000000         0.000000    
  sy_ss_mor_l0    8.0044242000000003E-05     1.000000         0.000000    
  sy_ss_mor_l1    2.5815602999999999E-04     1.000000         0.000000    
    sy_ss_rest    2.9239606000000001E-06     1.000000         0.000000    
  sy_sy_mor_l0    8.1951326999999997E-03     1.000000         0.000000    
  sy_sy_mor_l1    9.9999226999999990E-04     1.000000         0.000000    
      sy_ter14    1.1109697000000000E-02     1.000000         0.000000    
      sy_ter15    1.5263173999999999E-04     1.000000         0.000000    
      sy_ter33    0.3000000000000000         1.000000         0.000000    
      sy_ter34    0.3000000000000000         1.000000         0.000000    
      sy_ter35    2.8223300000000000E-02     1.000000         0.000000    
      sy_ter36    0.1458202200000000         1.000000         0.000000    
      sy_ter37    0.3000000000000000         1.000000         0.000000    
      sy_ter38    0.3000000000000000         1.000000         0.000000    
      sy_ter39    1.1707372000000001E-02     1.000000         0.000000    
      sy_ter80    8.8569019000000002E-03     1.000000         0.000000    
      sy_ter81    0.3000000000000000         1.000000         0.000000    
      sy_ter82    4.9533537000000004E-03     1.000000         0.000000    
      sy_ter83    0.3000000000000000         1.000000         0.000000    
      sy_ter84    1.6108266999999999E-02     1.000000         0.000000    
      sy_ter85    0.1884183600000000         1.000000         0.000000    
      sy_ter86    0.3000000000000000         1.000000         0.000000    
      sy_ter87    0.3000000000000000         1.000000         0.000000    
      sy_ter88    9.6487433999999997E-02     1.000000         0.000000    
