  single point
     hill_main    0.9836837500000000         1.000000         0.000000    
     hill_mang     1.200000000000000         1.000000         0.000000    
       hill_se     1.200000000000000         1.000000         0.000000    
    kh_h_flat1     31.16534900000000         1.000000         0.000000    
   kh_h_flat10     25.31736400000000         1.000000         0.000000    
    kh_h_flat2     6.248140600000000         1.000000         0.000000    
    kh_h_flat3     533.0638500000000         1.000000         0.000000    
    kh_h_flat4     620.3992000000000         1.000000         0.000000    
   kh_h_flat45     1000.000000000000         1.000000         0.000000    
   kh_h_flat46     88.80980099999999         1.000000         0.000000    
    kh_h_flat5     1000.000000000000         1.000000         0.000000    
   kh_h_flat51     1000.000000000000         1.000000         0.000000    
    kh_h_flat6     1000.000000000000         1.000000         0.000000    
    kh_h_flat7     1000.000000000000         1.000000         0.000000    
    kh_h_flat8     1000.000000000000         1.000000         0.000000    
   kh_h_flat89     1000.000000000000         1.000000         0.000000    
    kh_h_flat9     433.5767400000000         1.000000         0.000000    
     kh_hill11     22.89405300000000         1.000000         0.000000    
     kh_hill12     1000.000000000000         1.000000         0.000000    
     kh_hill13     508.3477000000000         1.000000         0.000000    
       kh_lake     19.31897100000000         1.000000         0.000000    
     kh_mang16     13.65099100000000         1.000000         0.000000    
     kh_mang17     1000.000000000000         1.000000         0.000000    
     kh_mang18     270.6750800000000         1.000000         0.000000    
     kh_mang19    2.2628878000000002E-02     1.000000         0.000000    
     kh_mang20     656.6193600000000         1.000000         0.000000    
     kh_mang21     1000.000000000000         1.000000         0.000000    
     kh_mang22     2.826179300000000         1.000000         0.000000    
     kh_mor_l0     1000.000000000000         1.000000         0.000000    
     kh_mor_l1    1.9755294000000000E-02     1.000000         0.000000    
    kh_riv_g23     1.145209300000000         1.000000         0.000000    
    kh_riv_g24     35.70579800000000         1.000000         0.000000    
    kh_riv_g25     243.5459100000000         1.000000         0.000000    
    kh_riv_g26     193.7126200000000         1.000000         0.000000    
    kh_riv_g27    0.9631905700000000         1.000000         0.000000    
    kh_riv_g28     105.4269800000000         1.000000         0.000000    
    kh_riv_g29     980.5068700000000         1.000000         0.000000    
    kh_riv_g30     1000.000000000000         1.000000         0.000000    
    kh_riv_g60     1000.000000000000         1.000000         0.000000    
    kh_riv_g61     16.49217600000000         1.000000         0.000000    
    kh_riv_g62     1000.000000000000         1.000000         0.000000    
    kh_riv_g63    2.2523743999999998E-02     1.000000         0.000000    
    kh_sandy31     725.7342100000000         1.000000         0.000000    
    kh_sandy32     248.8753200000000         1.000000         0.000000    
    kh_sandy70    0.8246825900000000         1.000000         0.000000    
    kh_sandy71    0.3367189000000000         1.000000         0.000000    
      kh_ter14     1.677003400000000         1.000000         0.000000    
      kh_ter15     273.9272000000000         1.000000         0.000000    
      kh_ter33     1000.000000000000         1.000000         0.000000    
      kh_ter34     1000.000000000000         1.000000         0.000000    
      kh_ter35     1000.000000000000         1.000000         0.000000    
      kh_ter36     71.31496199999999         1.000000         0.000000    
      kh_ter37     55.31401600000000         1.000000         0.000000    
      kh_ter38    1.0000000000000000E-02     1.000000         0.000000    
      kh_ter39    0.5128988600000000         1.000000         0.000000    
      kh_ter80     13.37422000000000         1.000000         0.000000    
      kh_ter81     135.1325100000000         1.000000         0.000000    
      kh_ter82    0.5001452000000000         1.000000         0.000000    
      kh_ter83     15.78192700000000         1.000000         0.000000    
      kh_ter84     1000.000000000000         1.000000         0.000000    
      kh_ter85     7.598763300000000         1.000000         0.000000    
      kh_ter86     2.249476500000000         1.000000         0.000000    
      kh_ter87     1.121625700000000         1.000000         0.000000    
      kh_ter88     1000.000000000000         1.000000         0.000000    
      race_all     1.070213000000000         1.000000         0.000000    
       rch_all    0.7144684800000000         1.000000         0.000000    
        riv_c1     1852.380400000000         1.000000         0.000000    
     riv_gview     71.57924600000000         1.000000         0.000000    
        riv_h1     1544.734200000000         1.000000         0.000000    
        riv_h2     1310.006100000000         1.000000         0.000000    
        riv_h3     7174.241000000000         1.000000         0.000000    
      riv_john     50.00000000000000         1.000000         0.000000    
    sy_h_flat1    9.6284563999999998E-04     1.000000         0.000000    
   sy_h_flat10    5.4491241000000003E-02     1.000000         0.000000    
    sy_h_flat2    0.3000000000000000         1.000000         0.000000    
    sy_h_flat3    2.5053390999999999E-04     1.000000         0.000000    
    sy_h_flat4    0.3000000000000000         1.000000         0.000000    
   sy_h_flat45    0.1145391400000000         1.000000         0.000000    
   sy_h_flat46    1.3452857000000000E-02     1.000000         0.000000    
    sy_h_flat5    1.7403292000000001E-02     1.000000         0.000000    
   sy_h_flat51    0.1281533700000000         1.000000         0.000000    
    sy_h_flat6    5.8687245999999998E-03     1.000000         0.000000    
    sy_h_flat7    0.3000000000000000         1.000000         0.000000    
    sy_h_flat8    8.0340480000000002E-03     1.000000         0.000000    
   sy_h_flat89    6.0766556999999999E-02     1.000000         0.000000    
    sy_h_flat9    4.2764229000000001E-03     1.000000         0.000000    
     sy_hill11    1.9555000999999998E-03     1.000000         0.000000    
     sy_hill12    1.1657097999999999E-02     1.000000         0.000000    
     sy_hill13    4.1695927000000004E-03     1.000000         0.000000    
     sy_mang16    1.0897073000000000E-03     1.000000         0.000000    
     sy_mang17    0.2227943800000000         1.000000         0.000000    
     sy_mang18    1.1408237999999999E-02     1.000000         0.000000    
     sy_mang19    7.1284994000000003E-04     1.000000         0.000000    
     sy_mang20    2.5291580000000001E-02     1.000000         0.000000    
     sy_mang21    0.1669698000000000         1.000000         0.000000    
     sy_mang22    4.0376455000000000E-03     1.000000         0.000000    
    sy_riv_g23    6.5819274999999997E-04     1.000000         0.000000    
    sy_riv_g24    1.9315704000000000E-02     1.000000         0.000000    
    sy_riv_g25    0.3000000000000000         1.000000         0.000000    
    sy_riv_g26    0.3000000000000000         1.000000         0.000000    
    sy_riv_g27    1.7106649000000001E-03     1.000000         0.000000    
    sy_riv_g28    2.2232498000000000E-04     1.000000         0.000000    
    sy_riv_g29    1.0932473000000000E-03     1.000000         0.000000    
    sy_riv_g30    6.5302263999999999E-02     1.000000         0.000000    
    sy_riv_g60    4.6582660999999999E-03     1.000000         0.000000    
    sy_riv_g61    0.1281208700000000         1.000000         0.000000    
    sy_riv_g62    5.7692592000000001E-02     1.000000         0.000000    
    sy_riv_g63    4.6566029999999996E-03     1.000000         0.000000    
    sy_sandy31    1.5602455000000000E-03     1.000000         0.000000    
    sy_sandy32    9.4403200999999999E-03     1.000000         0.000000    
    sy_sandy70    1.5944772000000000E-03     1.000000         0.000000    
    sy_sandy71    1.4958610000000001E-02     1.000000         0.000000    
  sy_ss_mor_l0    8.2540921999999995E-05     1.000000         0.000000    
  sy_ss_mor_l1    1.0000000000000000E-03     1.000000         0.000000    
    sy_ss_rest    2.6196413000000002E-06     1.000000         0.000000    
  sy_sy_mor_l0    1.3930239000000001E-02     1.000000         0.000000    
  sy_sy_mor_l1    9.9999340999999990E-04     1.000000         0.000000    
      sy_ter14    2.2677932000000001E-02     1.000000         0.000000    
      sy_ter15    3.9136628000000000E-04     1.000000         0.000000    
      sy_ter33    0.3000000000000000         1.000000         0.000000    
      sy_ter34    0.3000000000000000         1.000000         0.000000    
      sy_ter35    0.2293215300000000         1.000000         0.000000    
      sy_ter36    0.3000000000000000         1.000000         0.000000    
      sy_ter37    0.3000000000000000         1.000000         0.000000    
      sy_ter38    0.3000000000000000         1.000000         0.000000    
      sy_ter39    7.3485549999999997E-02     1.000000         0.000000    
      sy_ter80    4.9431299999999996E-03     1.000000         0.000000    
      sy_ter81    0.3000000000000000         1.000000         0.000000    
      sy_ter82    1.1885712999999999E-02     1.000000         0.000000    
      sy_ter83    6.5417755999999997E-04     1.000000         0.000000    
      sy_ter84    5.4038134000000002E-02     1.000000         0.000000    
      sy_ter85    5.7318611000000000E-03     1.000000         0.000000    
      sy_ter86    0.1282965400000000         1.000000         0.000000    
      sy_ter87    3.9050431000000000E-03     1.000000         0.000000    
      sy_ter88    0.3000000000000000         1.000000         0.000000    
