  single point
     hill_main    0.8368563500000000         1.000000         0.000000    
     hill_mang    0.8000000000000000         1.000000         0.000000    
       hill_se    0.9898516000000001         1.000000         0.000000    
    kh_h_flat1     82.63938200000000         1.000000         0.000000    
   kh_h_flat10     240.7711900000000         1.000000         0.000000    
    kh_h_flat2     28.57273900000000         1.000000         0.000000    
    kh_h_flat3     498.3241100000000         1.000000         0.000000    
    kh_h_flat4     111.8285400000000         1.000000         0.000000    
   kh_h_flat45     815.2193600000001         1.000000         0.000000    
   kh_h_flat46     32.60154900000000         1.000000         0.000000    
    kh_h_flat5     1000.000000000000         1.000000         0.000000    
   kh_h_flat51     1000.000000000000         1.000000         0.000000    
    kh_h_flat6     1000.000000000000         1.000000         0.000000    
    kh_h_flat7     1000.000000000000         1.000000         0.000000    
    kh_h_flat8     1000.000000000000         1.000000         0.000000    
   kh_h_flat89     1000.000000000000         1.000000         0.000000    
    kh_h_flat9     214.9358400000000         1.000000         0.000000    
     kh_hill11     139.9123400000000         1.000000         0.000000    
     kh_hill12     1000.000000000000         1.000000         0.000000    
     kh_hill13     319.3739000000000         1.000000         0.000000    
       kh_lake     23.90813600000000         1.000000         0.000000    
     kh_mang16     43.52353300000000         1.000000         0.000000    
     kh_mang17     1000.000000000000         1.000000         0.000000    
     kh_mang18     29.56985600000000         1.000000         0.000000    
     kh_mang19     26.09211100000000         1.000000         0.000000    
     kh_mang20     1000.000000000000         1.000000         0.000000    
     kh_mang21     298.0814800000000         1.000000         0.000000    
     kh_mang22     8.837531100000000         1.000000         0.000000    
     kh_mor_l0     1000.000000000000         1.000000         0.000000    
     kh_mor_l1    1.3738410000000000E-04     1.000000         0.000000    
    kh_riv_g23     15.49325100000000         1.000000         0.000000    
    kh_riv_g24     340.6421400000000         1.000000         0.000000    
    kh_riv_g25     245.2165100000000         1.000000         0.000000    
    kh_riv_g26     300.0335400000000         1.000000         0.000000    
    kh_riv_g27     11.30202600000000         1.000000         0.000000    
    kh_riv_g28     201.5868700000000         1.000000         0.000000    
    kh_riv_g29     611.2755400000000         1.000000         0.000000    
    kh_riv_g30     1000.000000000000         1.000000         0.000000    
    kh_riv_g60     301.4386300000000         1.000000         0.000000    
    kh_riv_g61     3.511961600000000         1.000000         0.000000    
    kh_riv_g62     552.9884400000000         1.000000         0.000000    
    kh_riv_g63     68.72463200000000         1.000000         0.000000    
    kh_sandy31     997.8879700000000         1.000000         0.000000    
    kh_sandy32     446.0984700000000         1.000000         0.000000    
    kh_sandy70    0.1583775500000000         1.000000         0.000000    
    kh_sandy71     5.191455600000000         1.000000         0.000000    
      kh_ter14     2.795254200000000         1.000000         0.000000    
      kh_ter15     65.93745400000000         1.000000         0.000000    
      kh_ter33     499.2823400000000         1.000000         0.000000    
      kh_ter34     386.3799500000000         1.000000         0.000000    
      kh_ter35     1000.000000000000         1.000000         0.000000    
      kh_ter36     37.10277100000000         1.000000         0.000000    
      kh_ter37     553.2481800000000         1.000000         0.000000    
      kh_ter38    0.2413797600000000         1.000000         0.000000    
      kh_ter39     2.103036000000000         1.000000         0.000000    
      kh_ter80     3.625566500000000         1.000000         0.000000    
      kh_ter81     203.6171300000000         1.000000         0.000000    
      kh_ter82     26.31648300000000         1.000000         0.000000    
      kh_ter83     43.81283200000000         1.000000         0.000000    
      kh_ter84     1000.000000000000         1.000000         0.000000    
      kh_ter85     33.74028500000000         1.000000         0.000000    
      kh_ter86     3.687297700000000         1.000000         0.000000    
      kh_ter87     190.9133600000000         1.000000         0.000000    
      kh_ter88     33.04274000000000         1.000000         0.000000    
      race_all    0.8456492700000000         1.000000         0.000000    
       rch_all    0.9648889000000000         1.000000         0.000000    
        riv_c1     1060.168800000000         1.000000         0.000000    
     riv_gview     74.51435100000000         1.000000         0.000000    
        riv_h1     2013.229300000000         1.000000         0.000000    
        riv_h2     937.1235500000000         1.000000         0.000000    
        riv_h3     1848.828700000000         1.000000         0.000000    
      riv_john     57.66754900000000         1.000000         0.000000    
    sy_h_flat1    2.4293879000000002E-03     1.000000         0.000000    
   sy_h_flat10    1.7011146000000001E-02     1.000000         0.000000    
    sy_h_flat2    0.1777724300000000         1.000000         0.000000    
    sy_h_flat3    4.5980025999999997E-03     1.000000         0.000000    
    sy_h_flat4    0.1920131000000000         1.000000         0.000000    
   sy_h_flat45    1.3418615000000000E-02     1.000000         0.000000    
   sy_h_flat46    2.4720084000000000E-02     1.000000         0.000000    
    sy_h_flat5    4.0594577000000000E-02     1.000000         0.000000    
   sy_h_flat51    7.7155400999999998E-02     1.000000         0.000000    
    sy_h_flat6    7.0132709000000001E-03     1.000000         0.000000    
    sy_h_flat7    6.9641822999999999E-03     1.000000         0.000000    
    sy_h_flat8    9.0952294999999996E-03     1.000000         0.000000    
   sy_h_flat89    3.2573102000000000E-02     1.000000         0.000000    
    sy_h_flat9    3.2292839999999998E-03     1.000000         0.000000    
     sy_hill11    2.3849466000000000E-02     1.000000         0.000000    
     sy_hill12    4.9667319000000001E-03     1.000000         0.000000    
     sy_hill13    7.4979577999999998E-03     1.000000         0.000000    
     sy_mang16    3.3044451000000001E-03     1.000000         0.000000    
     sy_mang17    0.1412059100000000         1.000000         0.000000    
     sy_mang18    1.2903108000000000E-02     1.000000         0.000000    
     sy_mang19    1.0000000000000000E-04     1.000000         0.000000    
     sy_mang20    3.0150507000000000E-02     1.000000         0.000000    
     sy_mang21    4.2520810999999999E-02     1.000000         0.000000    
     sy_mang22    8.9668517999999999E-03     1.000000         0.000000    
    sy_riv_g23    3.1340970999999998E-03     1.000000         0.000000    
    sy_riv_g24    7.4945193000000004E-03     1.000000         0.000000    
    sy_riv_g25    0.3000000000000000         1.000000         0.000000    
    sy_riv_g26    0.3000000000000000         1.000000         0.000000    
    sy_riv_g27    3.6111691000000000E-03     1.000000         0.000000    
    sy_riv_g28    6.4371553000000005E-04     1.000000         0.000000    
    sy_riv_g29    4.0083013000000002E-03     1.000000         0.000000    
    sy_riv_g30    2.6498259999999999E-02     1.000000         0.000000    
    sy_riv_g60    6.1287472000000004E-03     1.000000         0.000000    
    sy_riv_g61    5.9678941999999997E-03     1.000000         0.000000    
    sy_riv_g62    4.8973893999999997E-02     1.000000         0.000000    
    sy_riv_g63    5.4838509000000001E-03     1.000000         0.000000    
    sy_sandy31    5.8239186000000002E-03     1.000000         0.000000    
    sy_sandy32    7.2292828999999999E-03     1.000000         0.000000    
    sy_sandy70    8.4580344999999994E-03     1.000000         0.000000    
    sy_sandy71    1.3346063000000000E-02     1.000000         0.000000    
  sy_ss_mor_l0    8.4592409999999994E-05     1.000000         0.000000    
  sy_ss_mor_l1    4.2510866999999998E-04     1.000000         0.000000    
    sy_ss_rest    3.6545048999999999E-06     1.000000         0.000000    
  sy_sy_mor_l0    0.1011993100000000         1.000000         0.000000    
  sy_sy_mor_l1    1.0000000000000000E-03     1.000000         0.000000    
      sy_ter14    1.1927882000000001E-02     1.000000         0.000000    
      sy_ter15    3.2579118999999999E-03     1.000000         0.000000    
      sy_ter33    6.8298878999999996E-03     1.000000         0.000000    
      sy_ter34    8.4727688999999995E-02     1.000000         0.000000    
      sy_ter35    0.2544388600000000         1.000000         0.000000    
      sy_ter36    0.1228838200000000         1.000000         0.000000    
      sy_ter37    4.1560260000000002E-02     1.000000         0.000000    
      sy_ter38    4.4015938999999997E-02     1.000000         0.000000    
      sy_ter39    6.9108054000000002E-02     1.000000         0.000000    
      sy_ter80    3.7284210000000000E-04     1.000000         0.000000    
      sy_ter81    0.3000000000000000         1.000000         0.000000    
      sy_ter82    5.5509560000000001E-03     1.000000         0.000000    
      sy_ter83    1.8880692000000001E-03     1.000000         0.000000    
      sy_ter84    8.5244208999999994E-03     1.000000         0.000000    
      sy_ter85    7.8575684000000007E-03     1.000000         0.000000    
      sy_ter86    9.2797739999999993E-03     1.000000         0.000000    
      sy_ter87    1.5006289000000000E-03     1.000000         0.000000    
      sy_ter88    0.1951462100000000         1.000000         0.000000    
