  single point
     hill_main     1.200000000000000         1.000000         0.000000    
     hill_mang     1.200000000000000         1.000000         0.000000    
       hill_se     1.200000000000000         1.000000         0.000000    
    kh_h_flat1     4.957113800000000         1.000000         0.000000    
   kh_h_flat10     4.521294300000000         1.000000         0.000000    
    kh_h_flat2     17.57622200000000         1.000000         0.000000    
    kh_h_flat3     248.1543600000000         1.000000         0.000000    
    kh_h_flat4     1000.000000000000         1.000000         0.000000    
   kh_h_flat45     935.7786500000000         1.000000         0.000000    
   kh_h_flat46     415.3867900000000         1.000000         0.000000    
    kh_h_flat5     1000.000000000000         1.000000         0.000000    
   kh_h_flat51     1000.000000000000         1.000000         0.000000    
    kh_h_flat6     38.83060300000000         1.000000         0.000000    
    kh_h_flat7     1000.000000000000         1.000000         0.000000    
    kh_h_flat8     1000.000000000000         1.000000         0.000000    
   kh_h_flat89     1000.000000000000         1.000000         0.000000    
    kh_h_flat9     97.76922999999999         1.000000         0.000000    
     kh_hill11    0.3186508500000000         1.000000         0.000000    
     kh_hill12     268.9035900000000         1.000000         0.000000    
     kh_hill13     429.9687000000000         1.000000         0.000000    
       kh_lake     28.40278400000000         1.000000         0.000000    
     kh_mang16     8.255639100000000         1.000000         0.000000    
     kh_mang17     1000.000000000000         1.000000         0.000000    
     kh_mang18     170.6524700000000         1.000000         0.000000    
     kh_mang19    1.0000000000000000E-02     1.000000         0.000000    
     kh_mang20     390.0348900000000         1.000000         0.000000    
     kh_mang21     1000.000000000000         1.000000         0.000000    
     kh_mang22    0.4744728400000000         1.000000         0.000000    
     kh_mor_l0     1000.000000000000         1.000000         0.000000    
     kh_mor_l1    6.8397861000000004E-02     1.000000         0.000000    
    kh_riv_g23     1.879932200000000         1.000000         0.000000    
    kh_riv_g24     8.485841700000000         1.000000         0.000000    
    kh_riv_g25     123.0376400000000         1.000000         0.000000    
    kh_riv_g26     104.8184200000000         1.000000         0.000000    
    kh_riv_g27    0.2306334000000000         1.000000         0.000000    
    kh_riv_g28     59.02389600000000         1.000000         0.000000    
    kh_riv_g29     712.7219400000000         1.000000         0.000000    
    kh_riv_g30     1000.000000000000         1.000000         0.000000    
    kh_riv_g60     716.4204500000000         1.000000         0.000000    
    kh_riv_g61     20.23780800000000         1.000000         0.000000    
    kh_riv_g62     551.2872100000000         1.000000         0.000000    
    kh_riv_g63    1.0000000000000000E-02     1.000000         0.000000    
    kh_sandy31     325.5731200000000         1.000000         0.000000    
    kh_sandy32     88.26735600000001         1.000000         0.000000    
    kh_sandy70    0.8943738100000000         1.000000         0.000000    
    kh_sandy71    9.9911474000000000E-02     1.000000         0.000000    
      kh_ter14    0.6754330000000000         1.000000         0.000000    
      kh_ter15     421.1829300000000         1.000000         0.000000    
      kh_ter33     1000.000000000000         1.000000         0.000000    
      kh_ter34     1000.000000000000         1.000000         0.000000    
      kh_ter35     1000.000000000000         1.000000         0.000000    
      kh_ter36     74.47883899999999         1.000000         0.000000    
      kh_ter37     86.52568100000001         1.000000         0.000000    
      kh_ter38    1.0000000000000000E-02     1.000000         0.000000    
      kh_ter39    0.3568042600000000         1.000000         0.000000    
      kh_ter80     47.88594600000000         1.000000         0.000000    
      kh_ter81     87.27674000000000         1.000000         0.000000    
      kh_ter82    0.6695321200000000         1.000000         0.000000    
      kh_ter83     24.34100000000000         1.000000         0.000000    
      kh_ter84     1000.000000000000         1.000000         0.000000    
      kh_ter85     2.204026200000000         1.000000         0.000000    
      kh_ter86     1.084866400000000         1.000000         0.000000    
      kh_ter87    0.1013049200000000         1.000000         0.000000    
      kh_ter88     1000.000000000000         1.000000         0.000000    
      race_all     1.200000000000000         1.000000         0.000000    
       rch_all    0.5000000000000000         1.000000         0.000000    
        riv_c1     930.5170100000000         1.000000         0.000000    
     riv_gview     50.00000000000000         1.000000         0.000000    
        riv_h1     1115.300000000000         1.000000         0.000000    
        riv_h2     1031.272000000000         1.000000         0.000000    
        riv_h3     5747.515200000000         1.000000         0.000000    
      riv_john     50.00000000000000         1.000000         0.000000    
    sy_h_flat1    1.0000000000000000E-04     1.000000         0.000000    
   sy_h_flat10    4.1825983999999997E-02     1.000000         0.000000    
    sy_h_flat2    0.3000000000000000         1.000000         0.000000    
    sy_h_flat3    3.0344121999999999E-04     1.000000         0.000000    
    sy_h_flat4    0.3000000000000000         1.000000         0.000000    
   sy_h_flat45    0.2894331800000000         1.000000         0.000000    
   sy_h_flat46    7.3476078999999998E-04     1.000000         0.000000    
    sy_h_flat5    7.1027551999999999E-04     1.000000         0.000000    
   sy_h_flat51    8.3261237000000002E-03     1.000000         0.000000    
    sy_h_flat6    5.4255125999999997E-03     1.000000         0.000000    
    sy_h_flat7    5.7585250999999997E-02     1.000000         0.000000    
    sy_h_flat8    0.2781299500000000         1.000000         0.000000    
   sy_h_flat89    4.1864762000000000E-02     1.000000         0.000000    
    sy_h_flat9    0.2641118800000000         1.000000         0.000000    
     sy_hill11    1.4334765000000001E-03     1.000000         0.000000    
     sy_hill12    9.9059005999999998E-03     1.000000         0.000000    
     sy_hill13    3.2171248999999999E-03     1.000000         0.000000    
     sy_mang16    2.0918991000000000E-03     1.000000         0.000000    
     sy_mang17    6.0478048000000000E-02     1.000000         0.000000    
     sy_mang18    0.2446984700000000         1.000000         0.000000    
     sy_mang19    2.2186498999999999E-03     1.000000         0.000000    
     sy_mang20    0.2173158200000000         1.000000         0.000000    
     sy_mang21    4.4564314000000001E-02     1.000000         0.000000    
     sy_mang22    1.4397600000000000E-03     1.000000         0.000000    
    sy_riv_g23    5.4989567000000004E-04     1.000000         0.000000    
    sy_riv_g24    1.5092683000000001E-02     1.000000         0.000000    
    sy_riv_g25    0.3000000000000000         1.000000         0.000000    
    sy_riv_g26    0.3000000000000000         1.000000         0.000000    
    sy_riv_g27    1.1767737999999999E-03     1.000000         0.000000    
    sy_riv_g28    1.7936212000000000E-04     1.000000         0.000000    
    sy_riv_g29    9.3375485000000004E-04     1.000000         0.000000    
    sy_riv_g30    9.0342749999999999E-02     1.000000         0.000000    
    sy_riv_g60    4.8403756999999999E-03     1.000000         0.000000    
    sy_riv_g61    4.5764274000000001E-02     1.000000         0.000000    
    sy_riv_g62    0.1284814300000000         1.000000         0.000000    
    sy_riv_g63    3.5195987999999999E-03     1.000000         0.000000    
    sy_sandy31    9.4597886000000002E-04     1.000000         0.000000    
    sy_sandy32    1.0017752000000000E-02     1.000000         0.000000    
    sy_sandy70    7.4718026000000000E-04     1.000000         0.000000    
    sy_sandy71    1.3019988999999999E-02     1.000000         0.000000    
  sy_ss_mor_l0    8.0858861000000006E-05     1.000000         0.000000    
  sy_ss_mor_l1    3.2775270999999998E-04     1.000000         0.000000    
    sy_ss_rest    3.3345441999999998E-06     1.000000         0.000000    
  sy_sy_mor_l0    1.0461925000000000E-02     1.000000         0.000000    
  sy_sy_mor_l1    9.9999226999999990E-04     1.000000         0.000000    
      sy_ter14    1.2720403000000000E-02     1.000000         0.000000    
      sy_ter15    1.8966421999999999E-04     1.000000         0.000000    
      sy_ter33    0.3000000000000000         1.000000         0.000000    
      sy_ter34    0.3000000000000000         1.000000         0.000000    
      sy_ter35    3.8632064000000001E-02     1.000000         0.000000    
      sy_ter36    0.1490929600000000         1.000000         0.000000    
      sy_ter37    0.3000000000000000         1.000000         0.000000    
      sy_ter38    0.3000000000000000         1.000000         0.000000    
      sy_ter39    1.1768073000000000E-02     1.000000         0.000000    
      sy_ter80    1.7495900000000002E-02     1.000000         0.000000    
      sy_ter81    0.3000000000000000         1.000000         0.000000    
      sy_ter82    5.0613654000000001E-03     1.000000         0.000000    
      sy_ter83    0.3000000000000000         1.000000         0.000000    
      sy_ter84    1.5940685999999999E-02     1.000000         0.000000    
      sy_ter85    0.1259788700000000         1.000000         0.000000    
      sy_ter86    0.2058052100000000         1.000000         0.000000    
      sy_ter87    0.3000000000000000         1.000000         0.000000    
      sy_ter88    0.1278733300000000         1.000000         0.000000    
