  single point
     hill_main    0.8974785500000000         1.000000         0.000000    
     hill_mang    0.9312068100000001         1.000000         0.000000    
       hill_se     1.061057400000000         1.000000         0.000000    
    kh_h_flat1     368.2341400000000         1.000000         0.000000    
   kh_h_flat10     262.6166100000000         1.000000         0.000000    
    kh_h_flat2     55.29922700000000         1.000000         0.000000    
    kh_h_flat3     446.2657200000000         1.000000         0.000000    
    kh_h_flat4     133.1765200000000         1.000000         0.000000    
   kh_h_flat45     361.8519600000000         1.000000         0.000000    
   kh_h_flat46     171.6225400000000         1.000000         0.000000    
    kh_h_flat5     881.9347400000000         1.000000         0.000000    
   kh_h_flat51     1000.000000000000         1.000000         0.000000    
    kh_h_flat6     305.0973200000000         1.000000         0.000000    
    kh_h_flat7     1000.000000000000         1.000000         0.000000    
    kh_h_flat8     773.5568800000000         1.000000         0.000000    
   kh_h_flat89     369.8642500000000         1.000000         0.000000    
    kh_h_flat9     730.4219800000000         1.000000         0.000000    
     kh_hill11     273.8559100000000         1.000000         0.000000    
     kh_hill12     322.2983100000000         1.000000         0.000000    
     kh_hill13     303.9548200000000         1.000000         0.000000    
       kh_lake     313.1440900000000         1.000000         0.000000    
     kh_mang16     154.9175000000000         1.000000         0.000000    
     kh_mang17     245.4317000000000         1.000000         0.000000    
     kh_mang18     234.6414100000000         1.000000         0.000000    
     kh_mang19     224.1324700000000         1.000000         0.000000    
     kh_mang20     276.5898900000000         1.000000         0.000000    
     kh_mang21     234.3784400000000         1.000000         0.000000    
     kh_mang22     257.3625200000000         1.000000         0.000000    
     kh_mor_l0     496.5086300000000         1.000000         0.000000    
     kh_mor_l1    1.1048542000000000E-04     1.000000         0.000000    
    kh_riv_g23     105.0682700000000         1.000000         0.000000    
    kh_riv_g24     227.2688600000000         1.000000         0.000000    
    kh_riv_g25     269.0732200000000         1.000000         0.000000    
    kh_riv_g26     206.1936800000000         1.000000         0.000000    
    kh_riv_g27     217.5710100000000         1.000000         0.000000    
    kh_riv_g28     127.9243300000000         1.000000         0.000000    
    kh_riv_g29     192.1367600000000         1.000000         0.000000    
    kh_riv_g30     333.8493400000000         1.000000         0.000000    
    kh_riv_g60     133.6133300000000         1.000000         0.000000    
    kh_riv_g61     176.5119800000000         1.000000         0.000000    
    kh_riv_g62     113.6265000000000         1.000000         0.000000    
    kh_riv_g63     309.5288100000000         1.000000         0.000000    
    kh_sandy31     123.5710100000000         1.000000         0.000000    
    kh_sandy32     237.8386500000000         1.000000         0.000000    
    kh_sandy70     219.2273900000000         1.000000         0.000000    
    kh_sandy71     256.3013700000000         1.000000         0.000000    
      kh_ter14     37.23754800000000         1.000000         0.000000    
      kh_ter15     71.25830800000000         1.000000         0.000000    
      kh_ter33     90.25936799999999         1.000000         0.000000    
      kh_ter34     31.66580800000000         1.000000         0.000000    
      kh_ter35     184.7346500000000         1.000000         0.000000    
      kh_ter36     29.98152400000000         1.000000         0.000000    
      kh_ter37     51.67366300000000         1.000000         0.000000    
      kh_ter38     18.24926000000000         1.000000         0.000000    
      kh_ter39     26.40808500000000         1.000000         0.000000    
      kh_ter80     35.82609200000000         1.000000         0.000000    
      kh_ter81     81.95591000000000         1.000000         0.000000    
      kh_ter82     55.25700100000000         1.000000         0.000000    
      kh_ter83     75.78512600000001         1.000000         0.000000    
      kh_ter84     78.34230300000000         1.000000         0.000000    
      kh_ter85     62.50461000000000         1.000000         0.000000    
      kh_ter86     40.43165600000000         1.000000         0.000000    
      kh_ter87     43.21739700000000         1.000000         0.000000    
      kh_ter88     42.32352400000000         1.000000         0.000000    
      race_all    0.9410754300000000         1.000000         0.000000    
       rch_all     1.006240400000000         1.000000         0.000000    
        riv_c1     569.5698100000000         1.000000         0.000000    
     riv_gview     133.5968500000000         1.000000         0.000000    
        riv_h1     2213.628100000000         1.000000         0.000000    
        riv_h2     662.9115700000000         1.000000         0.000000    
        riv_h3     1689.362400000000         1.000000         0.000000    
      riv_john     92.53874700000000         1.000000         0.000000    
    sy_h_flat1    1.1162610999999999E-02     1.000000         0.000000    
   sy_h_flat10    9.8882608999999993E-03     1.000000         0.000000    
    sy_h_flat2    1.2144804000000000E-02     1.000000         0.000000    
    sy_h_flat3    8.4811039999999997E-03     1.000000         0.000000    
    sy_h_flat4    1.1470048000000000E-02     1.000000         0.000000    
   sy_h_flat45    9.0011798999999997E-03     1.000000         0.000000    
   sy_h_flat46    1.0361042000000001E-02     1.000000         0.000000    
    sy_h_flat5    1.0567178999999999E-02     1.000000         0.000000    
   sy_h_flat51    1.1406602000000000E-02     1.000000         0.000000    
    sy_h_flat6    9.4138330999999995E-03     1.000000         0.000000    
    sy_h_flat7    1.4728155000000000E-02     1.000000         0.000000    
    sy_h_flat8    2.6277702999999999E-02     1.000000         0.000000    
   sy_h_flat89    1.6246136000000001E-02     1.000000         0.000000    
    sy_h_flat9    1.2299535000000000E-02     1.000000         0.000000    
     sy_hill11    8.8880056999999998E-03     1.000000         0.000000    
     sy_hill12    8.8836942999999998E-03     1.000000         0.000000    
     sy_hill13    9.5392028000000004E-03     1.000000         0.000000    
     sy_mang16    9.7044479999999992E-03     1.000000         0.000000    
     sy_mang17    1.4100333000000000E-02     1.000000         0.000000    
     sy_mang18    4.1494673999999997E-03     1.000000         0.000000    
     sy_mang19    4.1506863999999999E-03     1.000000         0.000000    
     sy_mang20    8.5446215999999998E-03     1.000000         0.000000    
     sy_mang21    7.3408850999999997E-03     1.000000         0.000000    
     sy_mang22    9.5850963000000001E-03     1.000000         0.000000    
    sy_riv_g23    1.1093146999999999E-02     1.000000         0.000000    
    sy_riv_g24    1.0294573000000000E-02     1.000000         0.000000    
    sy_riv_g25    1.5431359000000000E-02     1.000000         0.000000    
    sy_riv_g26    1.5271837999999999E-02     1.000000         0.000000    
    sy_riv_g27    9.6213844000000003E-03     1.000000         0.000000    
    sy_riv_g28    9.1277640000000000E-03     1.000000         0.000000    
    sy_riv_g29    9.8582875000000000E-03     1.000000         0.000000    
    sy_riv_g30    1.0627852000000000E-02     1.000000         0.000000    
    sy_riv_g60    1.0260300999999999E-02     1.000000         0.000000    
    sy_riv_g61    1.0481515000000000E-02     1.000000         0.000000    
    sy_riv_g62    1.1246146000000000E-02     1.000000         0.000000    
    sy_riv_g63    1.0188271000000000E-02     1.000000         0.000000    
    sy_sandy31    9.6953373000000006E-03     1.000000         0.000000    
    sy_sandy32    9.8974487999999999E-03     1.000000         0.000000    
    sy_sandy70    9.5250283999999998E-03     1.000000         0.000000    
    sy_sandy71    9.8200570000000001E-03     1.000000         0.000000    
  sy_ss_mor_l0    9.8833901999999995E-05     1.000000         0.000000    
  sy_ss_mor_l1    1.1514572000000001E-04     1.000000         0.000000    
    sy_ss_rest    1.6444710999999999E-04     1.000000         0.000000    
  sy_sy_mor_l0    1.9125824000000000E-02     1.000000         0.000000    
  sy_sy_mor_l1    9.9964125999999994E-04     1.000000         0.000000    
      sy_ter14    9.5778685999999991E-03     1.000000         0.000000    
      sy_ter15    8.1464295999999995E-03     1.000000         0.000000    
      sy_ter33    9.4411368999999992E-03     1.000000         0.000000    
      sy_ter34    1.6335282000000000E-02     1.000000         0.000000    
      sy_ter35    1.9530144999999999E-02     1.000000         0.000000    
      sy_ter36    1.1303792999999999E-02     1.000000         0.000000    
      sy_ter37    1.2491574000000000E-02     1.000000         0.000000    
      sy_ter38    1.4088537999999999E-02     1.000000         0.000000    
      sy_ter39    1.7969997000000001E-02     1.000000         0.000000    
      sy_ter80    1.9887922999999998E-02     1.000000         0.000000    
      sy_ter81    1.3309469000000001E-02     1.000000         0.000000    
      sy_ter82    9.8854829000000009E-03     1.000000         0.000000    
      sy_ter83    1.0571759999999999E-02     1.000000         0.000000    
      sy_ter84    1.0046968000000000E-02     1.000000         0.000000    
      sy_ter85    1.7918010000000002E-02     1.000000         0.000000    
      sy_ter86    9.5420613999999994E-03     1.000000         0.000000    
      sy_ter87    1.1598285000000000E-02     1.000000         0.000000    
      sy_ter88    1.1453827000000000E-02     1.000000         0.000000    
