  single point
     hill_main    0.9939037100000000         1.000000         0.000000    
     hill_mang    0.8000000000000000         1.000000         0.000000    
       hill_se     1.033082200000000         1.000000         0.000000    
    kh_h_flat1     303.2953700000000         1.000000         0.000000    
   kh_h_flat10     380.5232500000000         1.000000         0.000000    
    kh_h_flat2     230.0631000000000         1.000000         0.000000    
    kh_h_flat3     311.8541500000000         1.000000         0.000000    
    kh_h_flat4     236.7668100000000         1.000000         0.000000    
   kh_h_flat45     297.7054300000000         1.000000         0.000000    
   kh_h_flat46     283.6952900000000         1.000000         0.000000    
    kh_h_flat5     347.6302400000000         1.000000         0.000000    
   kh_h_flat51     316.2649800000000         1.000000         0.000000    
    kh_h_flat6     297.6401700000000         1.000000         0.000000    
    kh_h_flat7     359.5845300000000         1.000000         0.000000    
    kh_h_flat8     357.1829900000000         1.000000         0.000000    
   kh_h_flat89     317.3741900000000         1.000000         0.000000    
    kh_h_flat9     307.3538600000000         1.000000         0.000000    
     kh_hill11     280.2204700000000         1.000000         0.000000    
     kh_hill12     351.6041200000000         1.000000         0.000000    
     kh_hill13     299.7669900000000         1.000000         0.000000    
       kh_lake     266.3874900000000         1.000000         0.000000    
     kh_mang16     291.0676900000000         1.000000         0.000000    
     kh_mang17     332.8252900000000         1.000000         0.000000    
     kh_mang18     249.4216500000000         1.000000         0.000000    
     kh_mang19     238.1904200000000         1.000000         0.000000    
     kh_mang20     290.2044600000000         1.000000         0.000000    
     kh_mang21     200.6476900000000         1.000000         0.000000    
     kh_mang22     251.7919100000000         1.000000         0.000000    
     kh_mor_l0     321.7557800000000         1.000000         0.000000    
     kh_mor_l1    1.1095459000000000E-04     1.000000         0.000000    
    kh_riv_g23     351.1995200000000         1.000000         0.000000    
    kh_riv_g24     319.8525900000000         1.000000         0.000000    
    kh_riv_g25     327.2749800000000         1.000000         0.000000    
    kh_riv_g26     265.9144100000000         1.000000         0.000000    
    kh_riv_g27     256.8853500000000         1.000000         0.000000    
    kh_riv_g28     289.8123400000000         1.000000         0.000000    
    kh_riv_g29     176.7274400000000         1.000000         0.000000    
    kh_riv_g30     294.7548400000000         1.000000         0.000000    
    kh_riv_g60     186.4359000000000         1.000000         0.000000    
    kh_riv_g61     186.8529200000000         1.000000         0.000000    
    kh_riv_g62     236.1429000000000         1.000000         0.000000    
    kh_riv_g63     373.6242300000000         1.000000         0.000000    
    kh_sandy31     274.6587600000000         1.000000         0.000000    
    kh_sandy32     269.4242600000000         1.000000         0.000000    
    kh_sandy70     220.0718500000000         1.000000         0.000000    
    kh_sandy71     227.1198300000000         1.000000         0.000000    
      kh_ter14     35.96973800000000         1.000000         0.000000    
      kh_ter15     62.61135500000000         1.000000         0.000000    
      kh_ter33     72.69314500000000         1.000000         0.000000    
      kh_ter34     57.53467400000000         1.000000         0.000000    
      kh_ter35     144.4747900000000         1.000000         0.000000    
      kh_ter36     25.30134700000000         1.000000         0.000000    
      kh_ter37     72.83579000000000         1.000000         0.000000    
      kh_ter38     28.56062400000000         1.000000         0.000000    
      kh_ter39     38.11903000000000         1.000000         0.000000    
      kh_ter80     46.32924400000000         1.000000         0.000000    
      kh_ter81     46.24678300000000         1.000000         0.000000    
      kh_ter82     76.05038700000000         1.000000         0.000000    
      kh_ter83     75.66696200000000         1.000000         0.000000    
      kh_ter84     133.3336800000000         1.000000         0.000000    
      kh_ter85     45.76155600000000         1.000000         0.000000    
      kh_ter86     40.03793600000000         1.000000         0.000000    
      kh_ter87     62.58203900000000         1.000000         0.000000    
      kh_ter88     23.32746600000000         1.000000         0.000000    
      race_all    0.9829152900000000         1.000000         0.000000    
       rch_all     1.006240400000000         1.000000         0.000000    
        riv_c1     1026.696500000000         1.000000         0.000000    
     riv_gview     98.82854500000001         1.000000         0.000000    
        riv_h1     1065.270700000000         1.000000         0.000000    
        riv_h2     966.4281900000000         1.000000         0.000000    
        riv_h3     963.6062600000000         1.000000         0.000000    
      riv_john     93.29851600000001         1.000000         0.000000    
    sy_h_flat1    9.8763665000000007E-03     1.000000         0.000000    
   sy_h_flat10    9.1429318000000002E-03     1.000000         0.000000    
    sy_h_flat2    7.7385665000000003E-03     1.000000         0.000000    
    sy_h_flat3    6.8349120999999999E-03     1.000000         0.000000    
    sy_h_flat4    8.6134340999999993E-03     1.000000         0.000000    
   sy_h_flat45    6.8200159999999999E-03     1.000000         0.000000    
   sy_h_flat46    7.4040130000000001E-03     1.000000         0.000000    
    sy_h_flat5    8.6244380999999995E-03     1.000000         0.000000    
   sy_h_flat51    9.5691548000000001E-03     1.000000         0.000000    
    sy_h_flat6    9.0562481000000007E-03     1.000000         0.000000    
    sy_h_flat7    1.0228503999999999E-02     1.000000         0.000000    
    sy_h_flat8    1.5909033000000000E-02     1.000000         0.000000    
   sy_h_flat89    1.3138036000000001E-02     1.000000         0.000000    
    sy_h_flat9    1.0826913000000001E-02     1.000000         0.000000    
     sy_hill11    8.4140026999999992E-03     1.000000         0.000000    
     sy_hill12    8.3456677000000000E-03     1.000000         0.000000    
     sy_hill13    9.5596321999999994E-03     1.000000         0.000000    
     sy_mang16    8.8395582000000000E-03     1.000000         0.000000    
     sy_mang17    2.2303483999999998E-02     1.000000         0.000000    
     sy_mang18    7.8548265999999999E-03     1.000000         0.000000    
     sy_mang19    8.5407411000000006E-03     1.000000         0.000000    
     sy_mang20    1.2070208000000001E-02     1.000000         0.000000    
     sy_mang21    8.4953609999999999E-03     1.000000         0.000000    
     sy_mang22    9.2927680999999995E-03     1.000000         0.000000    
    sy_riv_g23    1.0876622000000001E-02     1.000000         0.000000    
    sy_riv_g24    1.0521078000000000E-02     1.000000         0.000000    
    sy_riv_g25    2.2444059999999998E-02     1.000000         0.000000    
    sy_riv_g26    1.9102522000000000E-02     1.000000         0.000000    
    sy_riv_g27    9.6274085000000002E-03     1.000000         0.000000    
    sy_riv_g28    7.8245024000000007E-03     1.000000         0.000000    
    sy_riv_g29    9.2294808000000002E-03     1.000000         0.000000    
    sy_riv_g30    1.0966376999999999E-02     1.000000         0.000000    
    sy_riv_g60    1.0409264999999999E-02     1.000000         0.000000    
    sy_riv_g61    1.0456870000000000E-02     1.000000         0.000000    
    sy_riv_g62    1.1041690999999999E-02     1.000000         0.000000    
    sy_riv_g63    9.9117961000000001E-03     1.000000         0.000000    
    sy_sandy31    9.2909340000000007E-03     1.000000         0.000000    
    sy_sandy32    9.8531347999999998E-03     1.000000         0.000000    
    sy_sandy70    9.0270004000000004E-03     1.000000         0.000000    
    sy_sandy71    9.4871815000000005E-03     1.000000         0.000000    
  sy_ss_mor_l0    9.7613560000000001E-05     1.000000         0.000000    
  sy_ss_mor_l1    1.2124836000000000E-04     1.000000         0.000000    
    sy_ss_rest    7.4422675000000000E-05     1.000000         0.000000    
  sy_sy_mor_l0    2.2393534999999999E-02     1.000000         0.000000    
  sy_sy_mor_l1    9.9964125999999994E-04     1.000000         0.000000    
      sy_ter14    9.4004537000000003E-03     1.000000         0.000000    
      sy_ter15    7.2767298999999999E-03     1.000000         0.000000    
      sy_ter33    9.2081139000000003E-03     1.000000         0.000000    
      sy_ter34    1.0249301000000001E-02     1.000000         0.000000    
      sy_ter35    2.0091678000000002E-02     1.000000         0.000000    
      sy_ter36    1.1762468999999999E-02     1.000000         0.000000    
      sy_ter37    1.0926969999999999E-02     1.000000         0.000000    
      sy_ter38    1.2970040000000000E-02     1.000000         0.000000    
      sy_ter39    1.4282679000000000E-02     1.000000         0.000000    
      sy_ter80    1.0350099999999999E-02     1.000000         0.000000    
      sy_ter81    1.4266377000000000E-02     1.000000         0.000000    
      sy_ter82    1.0128977000000001E-02     1.000000         0.000000    
      sy_ter83    1.0606424000000000E-02     1.000000         0.000000    
      sy_ter84    1.0225817000000000E-02     1.000000         0.000000    
      sy_ter85    9.7419429999999994E-03     1.000000         0.000000    
      sy_ter86    9.6331731999999993E-03     1.000000         0.000000    
      sy_ter87    1.0438807000000000E-02     1.000000         0.000000    
      sy_ter88    1.2348754999999999E-02     1.000000         0.000000    
