  single point
     hill_main    0.9356814800000000         1.000000         0.000000    
     hill_mang    0.9162465500000000         1.000000         0.000000    
       hill_se     1.082123100000000         1.000000         0.000000    
    kh_h_flat1     361.3723400000000         1.000000         0.000000    
   kh_h_flat10     278.8166900000000         1.000000         0.000000    
    kh_h_flat2     60.67448000000000         1.000000         0.000000    
    kh_h_flat3     425.8837500000000         1.000000         0.000000    
    kh_h_flat4     117.7493800000000         1.000000         0.000000    
   kh_h_flat45     402.2200200000000         1.000000         0.000000    
   kh_h_flat46     162.9724800000000         1.000000         0.000000    
    kh_h_flat5     975.0361900000000         1.000000         0.000000    
   kh_h_flat51     1000.000000000000         1.000000         0.000000    
    kh_h_flat6     328.2873600000000         1.000000         0.000000    
    kh_h_flat7     1000.000000000000         1.000000         0.000000    
    kh_h_flat8     804.1507400000000         1.000000         0.000000    
   kh_h_flat89     354.5886300000000         1.000000         0.000000    
    kh_h_flat9     649.2373900000000         1.000000         0.000000    
     kh_hill11     278.2918600000000         1.000000         0.000000    
     kh_hill12     332.2685500000000         1.000000         0.000000    
     kh_hill13     307.4765100000000         1.000000         0.000000    
       kh_lake     302.9364200000000         1.000000         0.000000    
     kh_mang16     134.9777400000000         1.000000         0.000000    
     kh_mang17     298.1561600000000         1.000000         0.000000    
     kh_mang18     229.2598500000000         1.000000         0.000000    
     kh_mang19     206.4202600000000         1.000000         0.000000    
     kh_mang20     254.5762800000000         1.000000         0.000000    
     kh_mang21     223.3934200000000         1.000000         0.000000    
     kh_mang22     252.1597200000000         1.000000         0.000000    
     kh_mor_l0     517.2676700000000         1.000000         0.000000    
     kh_mor_l1    1.1136856999999999E-04     1.000000         0.000000    
    kh_riv_g23     124.1165600000000         1.000000         0.000000    
    kh_riv_g24     195.2787900000000         1.000000         0.000000    
    kh_riv_g25     285.6437000000000         1.000000         0.000000    
    kh_riv_g26     204.0280700000000         1.000000         0.000000    
    kh_riv_g27     208.8084100000000         1.000000         0.000000    
    kh_riv_g28     127.2111900000000         1.000000         0.000000    
    kh_riv_g29     194.9351500000000         1.000000         0.000000    
    kh_riv_g30     343.5537700000000         1.000000         0.000000    
    kh_riv_g60     143.6526200000000         1.000000         0.000000    
    kh_riv_g61     160.2359600000000         1.000000         0.000000    
    kh_riv_g62     125.6768400000000         1.000000         0.000000    
    kh_riv_g63     330.2603200000000         1.000000         0.000000    
    kh_sandy31     85.40474200000000         1.000000         0.000000    
    kh_sandy32     227.3891600000000         1.000000         0.000000    
    kh_sandy70     189.0582800000000         1.000000         0.000000    
    kh_sandy71     253.4126800000000         1.000000         0.000000    
      kh_ter14     35.73691900000000         1.000000         0.000000    
      kh_ter15     79.39012300000000         1.000000         0.000000    
      kh_ter33     107.8382500000000         1.000000         0.000000    
      kh_ter34     28.27957200000000         1.000000         0.000000    
      kh_ter35     230.7660500000000         1.000000         0.000000    
      kh_ter36     28.83593200000000         1.000000         0.000000    
      kh_ter37     48.76117000000000         1.000000         0.000000    
      kh_ter38     12.53050300000000         1.000000         0.000000    
      kh_ter39     21.79555300000000         1.000000         0.000000    
      kh_ter80     37.59315400000000         1.000000         0.000000    
      kh_ter81     77.10394900000000         1.000000         0.000000    
      kh_ter82     58.14518200000000         1.000000         0.000000    
      kh_ter83     75.77559400000000         1.000000         0.000000    
      kh_ter84     87.29477100000000         1.000000         0.000000    
      kh_ter85     57.35709600000000         1.000000         0.000000    
      kh_ter86     39.16830800000000         1.000000         0.000000    
      kh_ter87     43.07477100000000         1.000000         0.000000    
      kh_ter88     44.64010100000000         1.000000         0.000000    
      race_all    0.9459329000000000         1.000000         0.000000    
       rch_all     1.006240400000000         1.000000         0.000000    
        riv_c1     624.2802200000000         1.000000         0.000000    
     riv_gview     115.0399400000000         1.000000         0.000000    
        riv_h1     2048.718500000000         1.000000         0.000000    
        riv_h2     637.1659500000000         1.000000         0.000000    
        riv_h3     1829.830400000000         1.000000         0.000000    
      riv_john     92.52888299999999         1.000000         0.000000    
    sy_h_flat1    1.1514781999999999E-02     1.000000         0.000000    
   sy_h_flat10    9.8868205000000008E-03     1.000000         0.000000    
    sy_h_flat2    1.2255041000000000E-02     1.000000         0.000000    
    sy_h_flat3    8.5203836000000005E-03     1.000000         0.000000    
    sy_h_flat4    1.1662690999999999E-02     1.000000         0.000000    
   sy_h_flat45    9.3144636999999992E-03     1.000000         0.000000    
   sy_h_flat46    1.0464962000000000E-02     1.000000         0.000000    
    sy_h_flat5    1.0648774000000000E-02     1.000000         0.000000    
   sy_h_flat51    1.2586182000000000E-02     1.000000         0.000000    
    sy_h_flat6    9.3834186000000003E-03     1.000000         0.000000    
    sy_h_flat7    1.4623262999999999E-02     1.000000         0.000000    
    sy_h_flat8    2.7879648000000000E-02     1.000000         0.000000    
   sy_h_flat89    1.6599085999999999E-02     1.000000         0.000000    
    sy_h_flat9    1.3924153999999999E-02     1.000000         0.000000    
     sy_hill11    8.8902897999999994E-03     1.000000         0.000000    
     sy_hill12    8.7834270999999995E-03     1.000000         0.000000    
     sy_hill13    9.5273844999999996E-03     1.000000         0.000000    
     sy_mang16    9.7841804999999997E-03     1.000000         0.000000    
     sy_mang17    1.6858892000000000E-02     1.000000         0.000000    
     sy_mang18    4.1931546000000004E-03     1.000000         0.000000    
     sy_mang19    4.5995806999999996E-03     1.000000         0.000000    
     sy_mang20    9.7960349999999998E-03     1.000000         0.000000    
     sy_mang21    8.1214731000000002E-03     1.000000         0.000000    
     sy_mang22    9.5250878999999997E-03     1.000000         0.000000    
    sy_riv_g23    1.1402878999999999E-02     1.000000         0.000000    
    sy_riv_g24    1.0339756000000000E-02     1.000000         0.000000    
    sy_riv_g25    1.6226605000000002E-02     1.000000         0.000000    
    sy_riv_g26    1.5851126000000000E-02     1.000000         0.000000    
    sy_riv_g27    9.6436262999999994E-03     1.000000         0.000000    
    sy_riv_g28    9.1449695000000008E-03     1.000000         0.000000    
    sy_riv_g29    9.9001919000000008E-03     1.000000         0.000000    
    sy_riv_g30    1.0736637000000000E-02     1.000000         0.000000    
    sy_riv_g60    1.0390775000000000E-02     1.000000         0.000000    
    sy_riv_g61    1.0572493000000001E-02     1.000000         0.000000    
    sy_riv_g62    1.1598318000000000E-02     1.000000         0.000000    
    sy_riv_g63    1.0224298000000000E-02     1.000000         0.000000    
    sy_sandy31    9.6798428999999991E-03     1.000000         0.000000    
    sy_sandy32    9.8958002000000007E-03     1.000000         0.000000    
    sy_sandy70    9.5372497000000001E-03     1.000000         0.000000    
    sy_sandy71    9.8683602000000006E-03     1.000000         0.000000    
  sy_ss_mor_l0    9.8950384000000003E-05     1.000000         0.000000    
  sy_ss_mor_l1    1.1714780000000000E-04     1.000000         0.000000    
    sy_ss_rest    1.3059330000000000E-04     1.000000         0.000000    
  sy_sy_mor_l0    2.0624921000000001E-02     1.000000         0.000000    
  sy_sy_mor_l1    9.9964125999999994E-04     1.000000         0.000000    
      sy_ter14    9.7804885999999997E-03     1.000000         0.000000    
      sy_ter15    7.9178122000000007E-03     1.000000         0.000000    
      sy_ter33    9.5632401999999998E-03     1.000000         0.000000    
      sy_ter34    1.8150785999999999E-02     1.000000         0.000000    
      sy_ter35    2.2000381999999999E-02     1.000000         0.000000    
      sy_ter36    1.1937913000000000E-02     1.000000         0.000000    
      sy_ter37    1.3197631000000000E-02     1.000000         0.000000    
      sy_ter38    1.5560324000000000E-02     1.000000         0.000000    
      sy_ter39    2.0122316000000001E-02     1.000000         0.000000    
      sy_ter80    1.8838450999999999E-02     1.000000         0.000000    
      sy_ter81    1.4102740000000001E-02     1.000000         0.000000    
      sy_ter82    9.9108123999999999E-03     1.000000         0.000000    
      sy_ter83    1.0622869000000000E-02     1.000000         0.000000    
      sy_ter84    1.0080917999999999E-02     1.000000         0.000000    
      sy_ter85    2.0263455999999999E-02     1.000000         0.000000    
      sy_ter86    9.6606344999999993E-03     1.000000         0.000000    
      sy_ter87    1.0748222999999999E-02     1.000000         0.000000    
      sy_ter88    1.1744497000000000E-02     1.000000         0.000000    
