  single point
     hill_main    0.9363414000000000         1.000000         0.000000    
     hill_mang    0.9011582000000000         1.000000         0.000000    
       hill_se     1.071453300000000         1.000000         0.000000    
    kh_h_flat1     309.1166800000000         1.000000         0.000000    
   kh_h_flat10     271.1914600000000         1.000000         0.000000    
    kh_h_flat2     72.22087800000000         1.000000         0.000000    
    kh_h_flat3     394.2586400000000         1.000000         0.000000    
    kh_h_flat4     123.9844900000000         1.000000         0.000000    
   kh_h_flat45     392.5076600000000         1.000000         0.000000    
   kh_h_flat46     192.7434100000000         1.000000         0.000000    
    kh_h_flat5     701.7517200000000         1.000000         0.000000    
   kh_h_flat51     888.7593200000000         1.000000         0.000000    
    kh_h_flat6     316.7735600000000         1.000000         0.000000    
    kh_h_flat7     1000.000000000000         1.000000         0.000000    
    kh_h_flat8     638.3371800000000         1.000000         0.000000    
   kh_h_flat89     338.4887000000000         1.000000         0.000000    
    kh_h_flat9     519.3551500000000         1.000000         0.000000    
     kh_hill11     278.9615500000000         1.000000         0.000000    
     kh_hill12     327.9773000000000         1.000000         0.000000    
     kh_hill13     307.2555900000000         1.000000         0.000000    
       kh_lake     300.2608000000000         1.000000         0.000000    
     kh_mang16     189.0744200000000         1.000000         0.000000    
     kh_mang17     298.1561600000000         1.000000         0.000000    
     kh_mang18     255.6053700000000         1.000000         0.000000    
     kh_mang19     213.4505100000000         1.000000         0.000000    
     kh_mang20     257.4224900000000         1.000000         0.000000    
     kh_mang21     223.2780300000000         1.000000         0.000000    
     kh_mang22     260.3811300000000         1.000000         0.000000    
     kh_mor_l0     446.8054600000000         1.000000         0.000000    
     kh_mor_l1    1.1051943000000001E-04     1.000000         0.000000    
    kh_riv_g23     151.2586400000000         1.000000         0.000000    
    kh_riv_g24     207.4285600000000         1.000000         0.000000    
    kh_riv_g25     294.9121200000000         1.000000         0.000000    
    kh_riv_g26     201.1194600000000         1.000000         0.000000    
    kh_riv_g27     217.5409900000000         1.000000         0.000000    
    kh_riv_g28     154.3174100000000         1.000000         0.000000    
    kh_riv_g29     198.1083100000000         1.000000         0.000000    
    kh_riv_g30     324.6621400000000         1.000000         0.000000    
    kh_riv_g60     161.3665400000000         1.000000         0.000000    
    kh_riv_g61     178.6417100000000         1.000000         0.000000    
    kh_riv_g62     161.5469900000000         1.000000         0.000000    
    kh_riv_g63     358.4757800000000         1.000000         0.000000    
    kh_sandy31     98.70094300000000         1.000000         0.000000    
    kh_sandy32     230.9859400000000         1.000000         0.000000    
    kh_sandy70     202.8786400000000         1.000000         0.000000    
    kh_sandy71     253.5733300000000         1.000000         0.000000    
      kh_ter14     36.16159300000000         1.000000         0.000000    
      kh_ter15     76.39097400000000         1.000000         0.000000    
      kh_ter33     101.0680000000000         1.000000         0.000000    
      kh_ter34     39.23428300000000         1.000000         0.000000    
      kh_ter35     240.5902100000000         1.000000         0.000000    
      kh_ter36     30.83116900000000         1.000000         0.000000    
      kh_ter37     53.13625300000000         1.000000         0.000000    
      kh_ter38     16.55279200000000         1.000000         0.000000    
      kh_ter39     25.35824900000000         1.000000         0.000000    
      kh_ter80     45.67319100000000         1.000000         0.000000    
      kh_ter81     79.54052299999999         1.000000         0.000000    
      kh_ter82     60.39852200000000         1.000000         0.000000    
      kh_ter83     73.39606499999999         1.000000         0.000000    
      kh_ter84     91.50305100000000         1.000000         0.000000    
      kh_ter85     58.65618400000000         1.000000         0.000000    
      kh_ter86     39.65004700000000         1.000000         0.000000    
      kh_ter87     49.73972600000000         1.000000         0.000000    
      kh_ter88     46.10961300000000         1.000000         0.000000    
      race_all    0.8959329000000000         1.000000         0.000000    
       rch_all     1.006240400000000         1.000000         0.000000    
        riv_c1     786.7070500000000         1.000000         0.000000    
     riv_gview     110.4896700000000         1.000000         0.000000    
        riv_h1     1733.533600000000         1.000000         0.000000    
        riv_h2     765.6128100000000         1.000000         0.000000    
        riv_h3     1563.561100000000         1.000000         0.000000    
      riv_john     92.55234100000000         1.000000         0.000000    
    sy_h_flat1    1.1153507999999999E-02     1.000000         0.000000    
   sy_h_flat10    9.8158045000000006E-03     1.000000         0.000000    
    sy_h_flat2    1.0784283000000000E-02     1.000000         0.000000    
    sy_h_flat3    8.4459597999999997E-03     1.000000         0.000000    
    sy_h_flat4    1.1046781000000000E-02     1.000000         0.000000    
   sy_h_flat45    9.1544650000000005E-03     1.000000         0.000000    
   sy_h_flat46    1.0031873000000000E-02     1.000000         0.000000    
    sy_h_flat5    1.0395145000000000E-02     1.000000         0.000000    
   sy_h_flat51    1.1619264000000001E-02     1.000000         0.000000    
    sy_h_flat6    9.4358241999999998E-03     1.000000         0.000000    
    sy_h_flat7    1.3016929999999999E-02     1.000000         0.000000    
    sy_h_flat8    2.2231840999999999E-02     1.000000         0.000000    
   sy_h_flat89    1.4722638000000000E-02     1.000000         0.000000    
    sy_h_flat9    1.2645869000000001E-02     1.000000         0.000000    
     sy_hill11    8.9086595000000008E-03     1.000000         0.000000    
     sy_hill12    8.8381199999999997E-03     1.000000         0.000000    
     sy_hill13    9.5827913000000008E-03     1.000000         0.000000    
     sy_mang16    9.7534065000000007E-03     1.000000         0.000000    
     sy_mang17    1.6858892000000000E-02     1.000000         0.000000    
     sy_mang18    4.5651542999999998E-03     1.000000         0.000000    
     sy_mang19    5.1977419000000004E-03     1.000000         0.000000    
     sy_mang20    9.7960349999999998E-03     1.000000         0.000000    
     sy_mang21    8.1214731000000002E-03     1.000000         0.000000    
     sy_mang22    9.5118527999999997E-03     1.000000         0.000000    
    sy_riv_g23    1.1265084999999999E-02     1.000000         0.000000    
    sy_riv_g24    1.0339345999999999E-02     1.000000         0.000000    
    sy_riv_g25    1.6205827999999999E-02     1.000000         0.000000    
    sy_riv_g26    1.5774061999999998E-02     1.000000         0.000000    
    sy_riv_g27    9.6541925000000004E-03     1.000000         0.000000    
    sy_riv_g28    9.1430056000000003E-03     1.000000         0.000000    
    sy_riv_g29    9.8511553000000009E-03     1.000000         0.000000    
    sy_riv_g30    1.0720118000000001E-02     1.000000         0.000000    
    sy_riv_g60    1.0362763000000001E-02     1.000000         0.000000    
    sy_riv_g61    1.0552456000000000E-02     1.000000         0.000000    
    sy_riv_g62    1.1437114999999999E-02     1.000000         0.000000    
    sy_riv_g63    1.0210352000000001E-02     1.000000         0.000000    
    sy_sandy31    9.6813442000000006E-03     1.000000         0.000000    
    sy_sandy32    9.9024132999999993E-03     1.000000         0.000000    
    sy_sandy70    9.5127999000000005E-03     1.000000         0.000000    
    sy_sandy71    9.8489336999999996E-03     1.000000         0.000000    
  sy_ss_mor_l0    9.8858276000000003E-05     1.000000         0.000000    
  sy_ss_mor_l1    1.1650693000000000E-04     1.000000         0.000000    
    sy_ss_rest    1.3059330000000000E-04     1.000000         0.000000    
  sy_sy_mor_l0    1.9976792000000000E-02     1.000000         0.000000    
  sy_sy_mor_l1    9.9964125999999994E-04     1.000000         0.000000    
      sy_ter14    9.7036641999999999E-03     1.000000         0.000000    
      sy_ter15    7.7802239000000000E-03     1.000000         0.000000    
      sy_ter33    9.5102846000000001E-03     1.000000         0.000000    
      sy_ter34    1.4843527000000000E-02     1.000000         0.000000    
      sy_ter35    2.0723827000000000E-02     1.000000         0.000000    
      sy_ter36    1.1632419999999999E-02     1.000000         0.000000    
      sy_ter37    1.2647803000000001E-02     1.000000         0.000000    
      sy_ter38    1.3317691000000000E-02     1.000000         0.000000    
      sy_ter39    1.8849670999999998E-02     1.000000         0.000000    
      sy_ter80    1.5773366000000000E-02     1.000000         0.000000    
      sy_ter81    1.3552474000000000E-02     1.000000         0.000000    
      sy_ter82    9.9184800000000004E-03     1.000000         0.000000    
      sy_ter83    1.0576306000000001E-02     1.000000         0.000000    
      sy_ter84    1.0080386000000000E-02     1.000000         0.000000    
      sy_ter85    1.8080577000000000E-02     1.000000         0.000000    
      sy_ter86    9.5867858000000007E-03     1.000000         0.000000    
      sy_ter87    9.0808599000000000E-03     1.000000         0.000000    
      sy_ter88    1.1658297000000000E-02     1.000000         0.000000    
