  single point
     hill_main    0.9468055000000000         1.000000         0.000000    
     hill_mang     1.200000000000000         1.000000         0.000000    
       hill_se     1.136981600000000         1.000000         0.000000    
    kh_h_flat1     83.09102300000001         1.000000         0.000000    
   kh_h_flat10     679.0280299999999         1.000000         0.000000    
    kh_h_flat2     207.6020500000000         1.000000         0.000000    
    kh_h_flat3     1000.000000000000         1.000000         0.000000    
    kh_h_flat4     70.03781600000001         1.000000         0.000000    
   kh_h_flat45     1000.000000000000         1.000000         0.000000    
   kh_h_flat46     3.550565600000000         1.000000         0.000000    
    kh_h_flat5     1000.000000000000         1.000000         0.000000    
   kh_h_flat51     870.5833900000000         1.000000         0.000000    
    kh_h_flat6     1000.000000000000         1.000000         0.000000    
    kh_h_flat7     1000.000000000000         1.000000         0.000000    
    kh_h_flat8     1000.000000000000         1.000000         0.000000    
   kh_h_flat89     42.53328800000000         1.000000         0.000000    
    kh_h_flat9     818.0845000000000         1.000000         0.000000    
     kh_hill11     311.3734100000000         1.000000         0.000000    
     kh_hill12     677.0572300000000         1.000000         0.000000    
     kh_hill13     302.2770600000000         1.000000         0.000000    
       kh_lake     252.8732900000000         1.000000         0.000000    
     kh_mang16     10.10495700000000         1.000000         0.000000    
     kh_mang17     105.4285100000000         1.000000         0.000000    
     kh_mang18     63.50777900000000         1.000000         0.000000    
     kh_mang19     22.71584400000000         1.000000         0.000000    
     kh_mang20     73.59677200000000         1.000000         0.000000    
     kh_mang21     203.6760700000000         1.000000         0.000000    
     kh_mang22     109.4996600000000         1.000000         0.000000    
     kh_mor_l0     539.1241900000000         1.000000         0.000000    
     kh_mor_l1    1.5073427999999999E-04     1.000000         0.000000    
    kh_riv_g23     11.11351000000000         1.000000         0.000000    
    kh_riv_g24     40.32563000000000         1.000000         0.000000    
    kh_riv_g25     93.38878099999999         1.000000         0.000000    
    kh_riv_g26     410.5874600000000         1.000000         0.000000    
    kh_riv_g27     87.20096200000000         1.000000         0.000000    
    kh_riv_g28     53.81074000000000         1.000000         0.000000    
    kh_riv_g29     693.3033700000000         1.000000         0.000000    
    kh_riv_g30     850.5786300000000         1.000000         0.000000    
    kh_riv_g60     172.4920800000000         1.000000         0.000000    
    kh_riv_g61     27.67811200000000         1.000000         0.000000    
    kh_riv_g62     84.60163500000000         1.000000         0.000000    
    kh_riv_g63     407.1612500000000         1.000000         0.000000    
    kh_sandy31     8.834871200000000         1.000000         0.000000    
    kh_sandy32     191.8148100000000         1.000000         0.000000    
    kh_sandy70     35.86716800000000         1.000000         0.000000    
    kh_sandy71     219.0356300000000         1.000000         0.000000    
      kh_ter14     15.06754000000000         1.000000         0.000000    
      kh_ter15     180.6528700000000         1.000000         0.000000    
      kh_ter33     160.1723500000000         1.000000         0.000000    
      kh_ter34     5.493738800000000         1.000000         0.000000    
      kh_ter35     321.4657700000000         1.000000         0.000000    
      kh_ter36     9.591197800000000         1.000000         0.000000    
      kh_ter37     135.5697300000000         1.000000         0.000000    
      kh_ter38    0.2896439600000000         1.000000         0.000000    
      kh_ter39     1.354180500000000         1.000000         0.000000    
      kh_ter80     9.156473600000000         1.000000         0.000000    
      kh_ter81     33.23359600000000         1.000000         0.000000    
      kh_ter82     43.60376000000000         1.000000         0.000000    
      kh_ter83     122.9722900000000         1.000000         0.000000    
      kh_ter84     250.2670700000000         1.000000         0.000000    
      kh_ter85     32.79623400000000         1.000000         0.000000    
      kh_ter86     17.05148400000000         1.000000         0.000000    
      kh_ter87     27.47126200000000         1.000000         0.000000    
      kh_ter88     28.56003300000000         1.000000         0.000000    
      race_all     1.200000000000000         1.000000         0.000000    
       rch_all    0.5000000000000000         1.000000         0.000000    
        riv_c1     128.2603400000000         1.000000         0.000000    
     riv_gview     73.42259799999999         1.000000         0.000000    
        riv_h1     4429.220100000000         1.000000         0.000000    
        riv_h2     742.4958900000000         1.000000         0.000000    
        riv_h3     4789.993600000000         1.000000         0.000000    
      riv_john     86.69052700000000         1.000000         0.000000    
    sy_h_flat1    1.1735673000000000E-02     1.000000         0.000000    
   sy_h_flat10    1.2082861000000000E-02     1.000000         0.000000    
    sy_h_flat2    3.9235615000000001E-02     1.000000         0.000000    
    sy_h_flat3    7.1217040000000004E-03     1.000000         0.000000    
    sy_h_flat4    2.6125803999999999E-02     1.000000         0.000000    
   sy_h_flat45    3.1223358000000000E-02     1.000000         0.000000    
   sy_h_flat46    1.5856070000000000E-02     1.000000         0.000000    
    sy_h_flat5    1.2242489000000000E-02     1.000000         0.000000    
   sy_h_flat51    3.9944289000000001E-02     1.000000         0.000000    
    sy_h_flat6    8.6463051999999992E-03     1.000000         0.000000    
    sy_h_flat7    7.7167813000000002E-02     1.000000         0.000000    
    sy_h_flat8    6.2041599000000003E-02     1.000000         0.000000    
   sy_h_flat89    2.8629946999999999E-02     1.000000         0.000000    
    sy_h_flat9    2.4163970999999999E-02     1.000000         0.000000    
     sy_hill11    8.5003076999999993E-03     1.000000         0.000000    
     sy_hill12    7.8337470999999999E-03     1.000000         0.000000    
     sy_hill13    8.6978989000000007E-03     1.000000         0.000000    
     sy_mang16    6.3066549000000000E-03     1.000000         0.000000    
     sy_mang17    1.5978914000000000E-02     1.000000         0.000000    
     sy_mang18    7.4309689999999999E-03     1.000000         0.000000    
     sy_mang19    3.9808116999999997E-03     1.000000         0.000000    
     sy_mang20    1.8395515000000001E-02     1.000000         0.000000    
     sy_mang21    8.6040590000000007E-03     1.000000         0.000000    
     sy_mang22    9.1741906999999994E-03     1.000000         0.000000    
    sy_riv_g23    1.0897370999999999E-02     1.000000         0.000000    
    sy_riv_g24    9.3872282000000001E-03     1.000000         0.000000    
    sy_riv_g25    0.2802012000000000         1.000000         0.000000    
    sy_riv_g26    9.1692895999999996E-02     1.000000         0.000000    
    sy_riv_g27    9.0806277999999994E-03     1.000000         0.000000    
    sy_riv_g28    7.2552182000000000E-03     1.000000         0.000000    
    sy_riv_g29    9.2748302000000005E-03     1.000000         0.000000    
    sy_riv_g30    1.2318409000000001E-02     1.000000         0.000000    
    sy_riv_g60    1.0161013999999999E-02     1.000000         0.000000    
    sy_riv_g61    1.1386074000000000E-02     1.000000         0.000000    
    sy_riv_g62    1.8473086000000000E-02     1.000000         0.000000    
    sy_riv_g63    1.0008272000000000E-02     1.000000         0.000000    
    sy_sandy31    9.8216650000000003E-03     1.000000         0.000000    
    sy_sandy32    8.9366355999999994E-03     1.000000         0.000000    
    sy_sandy70    1.2198626000000001E-02     1.000000         0.000000    
    sy_sandy71    1.1105742000000000E-02     1.000000         0.000000    
  sy_ss_mor_l0    9.8163661999999999E-05     1.000000         0.000000    
  sy_ss_mor_l1    1.1773914000000000E-04     1.000000         0.000000    
    sy_ss_rest    5.4700823000000003E-04     1.000000         0.000000    
  sy_sy_mor_l0    5.3634027000000004E-03     1.000000         0.000000    
  sy_sy_mor_l1    9.9964090000000008E-04     1.000000         0.000000    
      sy_ter14    9.8258019000000002E-03     1.000000         0.000000    
      sy_ter15    5.5440041000000004E-03     1.000000         0.000000    
      sy_ter33    1.6561671000000000E-02     1.000000         0.000000    
      sy_ter34    0.1442025300000000         1.000000         0.000000    
      sy_ter35    2.4947256000000001E-02     1.000000         0.000000    
      sy_ter36    2.4167042999999999E-02     1.000000         0.000000    
      sy_ter37    4.2083606000000003E-02     1.000000         0.000000    
      sy_ter38    0.2436946100000000         1.000000         0.000000    
      sy_ter39    2.7302790000000000E-02     1.000000         0.000000    
      sy_ter80    1.2199540000000000E-02     1.000000         0.000000    
      sy_ter81    3.5554911000000002E-02     1.000000         0.000000    
      sy_ter82    8.9921801000000003E-03     1.000000         0.000000    
      sy_ter83    1.3696276000000000E-02     1.000000         0.000000    
      sy_ter84    8.9067893000000006E-03     1.000000         0.000000    
      sy_ter85    0.1073801600000000         1.000000         0.000000    
      sy_ter86    1.6376796999999998E-02     1.000000         0.000000    
      sy_ter87    8.2015426999999998E-03     1.000000         0.000000    
      sy_ter88    1.0730022000000001E-02     1.000000         0.000000    
