  single point
     hill_main     1.046805500000000         1.000000         0.000000    
     hill_mang     1.200000000000000         1.000000         0.000000    
       hill_se     1.200000000000000         1.000000         0.000000    
    kh_h_flat1     106.3362600000000         1.000000         0.000000    
   kh_h_flat10     901.4686400000001         1.000000         0.000000    
    kh_h_flat2     172.7040800000000         1.000000         0.000000    
    kh_h_flat3     1000.000000000000         1.000000         0.000000    
    kh_h_flat4     71.41191600000001         1.000000         0.000000    
   kh_h_flat45     933.7548200000000         1.000000         0.000000    
   kh_h_flat46     10.89356900000000         1.000000         0.000000    
    kh_h_flat5     1000.000000000000         1.000000         0.000000    
   kh_h_flat51     607.4606500000000         1.000000         0.000000    
    kh_h_flat6     813.3027700000000         1.000000         0.000000    
    kh_h_flat7     1000.000000000000         1.000000         0.000000    
    kh_h_flat8     1000.000000000000         1.000000         0.000000    
   kh_h_flat89     54.56956600000000         1.000000         0.000000    
    kh_h_flat9     889.1860900000000         1.000000         0.000000    
     kh_hill11     303.2256000000000         1.000000         0.000000    
     kh_hill12     449.6174600000000         1.000000         0.000000    
     kh_hill13     295.8331700000000         1.000000         0.000000    
       kh_lake     275.9053600000000         1.000000         0.000000    
     kh_mang16     11.04693300000000         1.000000         0.000000    
     kh_mang17     76.91530200000000         1.000000         0.000000    
     kh_mang18     51.25778700000000         1.000000         0.000000    
     kh_mang19     72.75096700000000         1.000000         0.000000    
     kh_mang20     158.5773400000000         1.000000         0.000000    
     kh_mang21     216.2689500000000         1.000000         0.000000    
     kh_mang22     151.0800300000000         1.000000         0.000000    
     kh_mor_l0     529.7794400000000         1.000000         0.000000    
     kh_mor_l1    1.3136374999999999E-04     1.000000         0.000000    
    kh_riv_g23     24.89968100000000         1.000000         0.000000    
    kh_riv_g24     47.79283000000000         1.000000         0.000000    
    kh_riv_g25     193.1315700000000         1.000000         0.000000    
    kh_riv_g26     267.2544300000000         1.000000         0.000000    
    kh_riv_g27     95.20268799999999         1.000000         0.000000    
    kh_riv_g28     56.06227500000000         1.000000         0.000000    
    kh_riv_g29     333.8511500000000         1.000000         0.000000    
    kh_riv_g30     794.4728900000000         1.000000         0.000000    
    kh_riv_g60     80.36958600000000         1.000000         0.000000    
    kh_riv_g61     37.54247300000000         1.000000         0.000000    
    kh_riv_g62     82.63278200000001         1.000000         0.000000    
    kh_riv_g63     254.2266900000000         1.000000         0.000000    
    kh_sandy31     10.66036200000000         1.000000         0.000000    
    kh_sandy32     194.2220700000000         1.000000         0.000000    
    kh_sandy70     45.72267900000000         1.000000         0.000000    
    kh_sandy71     225.8710800000000         1.000000         0.000000    
      kh_ter14     22.78248600000000         1.000000         0.000000    
      kh_ter15     157.6685100000000         1.000000         0.000000    
      kh_ter33     161.6708200000000         1.000000         0.000000    
      kh_ter34     4.405531900000000         1.000000         0.000000    
      kh_ter35     264.0674600000000         1.000000         0.000000    
      kh_ter36     11.90074700000000         1.000000         0.000000    
      kh_ter37     41.84074600000000         1.000000         0.000000    
      kh_ter38    0.4012546200000000         1.000000         0.000000    
      kh_ter39     2.171031400000000         1.000000         0.000000    
      kh_ter80     11.48459400000000         1.000000         0.000000    
      kh_ter81     30.79401700000000         1.000000         0.000000    
      kh_ter82     56.22306000000000         1.000000         0.000000    
      kh_ter83     100.0861300000000         1.000000         0.000000    
      kh_ter84     161.2778100000000         1.000000         0.000000    
      kh_ter85     37.18128700000000         1.000000         0.000000    
      kh_ter86     26.07630900000000         1.000000         0.000000    
      kh_ter87     14.40023400000000         1.000000         0.000000    
      kh_ter88     37.82950700000000         1.000000         0.000000    
      race_all     1.200000000000000         1.000000         0.000000    
       rch_all    0.5000000000000000         1.000000         0.000000    
        riv_c1     133.3369200000000         1.000000         0.000000    
     riv_gview     91.03651200000000         1.000000         0.000000    
        riv_h1     3161.410500000000         1.000000         0.000000    
        riv_h2     685.3097800000000         1.000000         0.000000    
        riv_h3     4706.173200000000         1.000000         0.000000    
      riv_john     86.71425200000000         1.000000         0.000000    
    sy_h_flat1    1.3381906000000001E-02     1.000000         0.000000    
   sy_h_flat10    1.1033539000000000E-02     1.000000         0.000000    
    sy_h_flat2    2.9448657000000000E-02     1.000000         0.000000    
    sy_h_flat3    8.3856651000000001E-03     1.000000         0.000000    
    sy_h_flat4    2.0189038999999999E-02     1.000000         0.000000    
   sy_h_flat45    1.6170802000000001E-02     1.000000         0.000000    
   sy_h_flat46    1.4974339000000000E-02     1.000000         0.000000    
    sy_h_flat5    1.2137065000000001E-02     1.000000         0.000000    
   sy_h_flat51    2.8623101000000001E-02     1.000000         0.000000    
    sy_h_flat6    8.7826150000000006E-03     1.000000         0.000000    
    sy_h_flat7    3.8778673999999999E-02     1.000000         0.000000    
    sy_h_flat8    9.9093871000000000E-02     1.000000         0.000000    
   sy_h_flat89    3.5736255000000001E-02     1.000000         0.000000    
    sy_h_flat9    2.6303461000000000E-02     1.000000         0.000000    
     sy_hill11    8.6672276000000006E-03     1.000000         0.000000    
     sy_hill12    7.9758144999999992E-03     1.000000         0.000000    
     sy_hill13    8.9776525000000006E-03     1.000000         0.000000    
     sy_mang16    1.0072616000000000E-02     1.000000         0.000000    
     sy_mang17    2.0140531000000000E-02     1.000000         0.000000    
     sy_mang18    4.2985428999999997E-03     1.000000         0.000000    
     sy_mang19    3.6210293000000001E-03     1.000000         0.000000    
     sy_mang20    1.1490554000000000E-02     1.000000         0.000000    
     sy_mang21    9.2307518000000009E-03     1.000000         0.000000    
     sy_mang22    9.9305111000000008E-03     1.000000         0.000000    
    sy_riv_g23    1.2284990000000001E-02     1.000000         0.000000    
    sy_riv_g24    1.0187187000000000E-02     1.000000         0.000000    
    sy_riv_g25    4.7398926000000001E-02     1.000000         0.000000    
    sy_riv_g26    3.2523363999999999E-02     1.000000         0.000000    
    sy_riv_g27    9.5633760999999998E-03     1.000000         0.000000    
    sy_riv_g28    8.9265846000000006E-03     1.000000         0.000000    
    sy_riv_g29    1.0025846000000000E-02     1.000000         0.000000    
    sy_riv_g30    1.1624588999999999E-02     1.000000         0.000000    
    sy_riv_g60    1.0674523999999999E-02     1.000000         0.000000    
    sy_riv_g61    1.1727668000000000E-02     1.000000         0.000000    
    sy_riv_g62    1.6692179000000001E-02     1.000000         0.000000    
    sy_riv_g63    1.0378999000000000E-02     1.000000         0.000000    
    sy_sandy31    1.0282819000000000E-02     1.000000         0.000000    
    sy_sandy32    9.5557453999999993E-03     1.000000         0.000000    
    sy_sandy70    1.1207945000000000E-02     1.000000         0.000000    
    sy_sandy71    1.0470959000000000E-02     1.000000         0.000000    
  sy_ss_mor_l0    9.8603563000000005E-05     1.000000         0.000000    
  sy_ss_mor_l1    1.2340499000000000E-04     1.000000         0.000000    
    sy_ss_rest    5.8311006000000005E-04     1.000000         0.000000    
  sy_sy_mor_l0    9.8375962999999993E-03     1.000000         0.000000    
  sy_sy_mor_l1    9.9964125999999994E-04     1.000000         0.000000    
      sy_ter14    1.0218022000000000E-02     1.000000         0.000000    
      sy_ter15    6.7012850000000004E-03     1.000000         0.000000    
      sy_ter33    1.1992137000000000E-02     1.000000         0.000000    
      sy_ter34    9.4162666000000006E-02     1.000000         0.000000    
      sy_ter35    3.6573186000000001E-02     1.000000         0.000000    
      sy_ter36    2.3113761000000000E-02     1.000000         0.000000    
      sy_ter37    2.8733821000000000E-02     1.000000         0.000000    
      sy_ter38    9.8327909000000005E-02     1.000000         0.000000    
      sy_ter39    2.5588478000000001E-02     1.000000         0.000000    
      sy_ter80    2.0592234000000001E-02     1.000000         0.000000    
      sy_ter81    2.5030614000000000E-02     1.000000         0.000000    
      sy_ter82    9.5736533999999998E-03     1.000000         0.000000    
      sy_ter83    1.1719801000000000E-02     1.000000         0.000000    
      sy_ter84    9.6589504999999992E-03     1.000000         0.000000    
      sy_ter85    7.5728655000000006E-02     1.000000         0.000000    
      sy_ter86    1.2272767000000000E-02     1.000000         0.000000    
      sy_ter87    1.4947056000000000E-02     1.000000         0.000000    
      sy_ter88    1.1792950999999999E-02     1.000000         0.000000    
