  single point
     hill_main    0.8000000000000000         1.000000         0.000000    
     hill_mang     1.200000000000000         1.000000         0.000000    
       hill_se     1.200000000000000         1.000000         0.000000    
    kh_h_flat1     72.63961200000000         1.000000         0.000000    
   kh_h_flat10     666.6088300000000         1.000000         0.000000    
    kh_h_flat2     236.2402300000000         1.000000         0.000000    
    kh_h_flat3     1000.000000000000         1.000000         0.000000    
    kh_h_flat4     76.92214800000001         1.000000         0.000000    
   kh_h_flat45     1000.000000000000         1.000000         0.000000    
   kh_h_flat46     1.618149600000000         1.000000         0.000000    
    kh_h_flat5     1000.000000000000         1.000000         0.000000    
   kh_h_flat51     1000.000000000000         1.000000         0.000000    
    kh_h_flat6     1000.000000000000         1.000000         0.000000    
    kh_h_flat7     1000.000000000000         1.000000         0.000000    
    kh_h_flat8     1000.000000000000         1.000000         0.000000    
   kh_h_flat89     33.51104800000000         1.000000         0.000000    
    kh_h_flat9     764.4276500000000         1.000000         0.000000    
     kh_hill11     364.5856900000000         1.000000         0.000000    
     kh_hill12     1000.000000000000         1.000000         0.000000    
     kh_hill13     368.1487100000000         1.000000         0.000000    
       kh_lake     260.0372100000000         1.000000         0.000000    
     kh_mang16     10.22284300000000         1.000000         0.000000    
     kh_mang17     86.40232100000000         1.000000         0.000000    
     kh_mang18     103.6989000000000         1.000000         0.000000    
     kh_mang19     11.23400900000000         1.000000         0.000000    
     kh_mang20     29.64372500000000         1.000000         0.000000    
     kh_mang21     151.7265400000000         1.000000         0.000000    
     kh_mang22     100.0867200000000         1.000000         0.000000    
     kh_mor_l0     475.2140900000000         1.000000         0.000000    
     kh_mor_l1    1.6904092000000000E-04     1.000000         0.000000    
    kh_riv_g23     3.989523900000000         1.000000         0.000000    
    kh_riv_g24     33.83373200000000         1.000000         0.000000    
    kh_riv_g25     95.30412400000000         1.000000         0.000000    
    kh_riv_g26     500.4478200000000         1.000000         0.000000    
    kh_riv_g27     88.91792100000001         1.000000         0.000000    
    kh_riv_g28     50.47550700000000         1.000000         0.000000    
    kh_riv_g29     1000.000000000000         1.000000         0.000000    
    kh_riv_g30     552.8318700000000         1.000000         0.000000    
    kh_riv_g60     313.6986500000000         1.000000         0.000000    
    kh_riv_g61     20.92637700000000         1.000000         0.000000    
    kh_riv_g62     75.61952900000000         1.000000         0.000000    
    kh_riv_g63     814.2917200000001         1.000000         0.000000    
    kh_sandy31     9.042035000000000         1.000000         0.000000    
    kh_sandy32     161.4491000000000         1.000000         0.000000    
    kh_sandy70     24.48170800000000         1.000000         0.000000    
    kh_sandy71     130.5854000000000         1.000000         0.000000    
      kh_ter14     10.21351400000000         1.000000         0.000000    
      kh_ter15     190.7134300000000         1.000000         0.000000    
      kh_ter33     129.8324700000000         1.000000         0.000000    
      kh_ter34     6.578763200000000         1.000000         0.000000    
      kh_ter35     350.5419500000000         1.000000         0.000000    
      kh_ter36     7.449768400000000         1.000000         0.000000    
      kh_ter37     310.2353600000000         1.000000         0.000000    
      kh_ter38    0.1888991000000000         1.000000         0.000000    
      kh_ter39     1.067124700000000         1.000000         0.000000    
      kh_ter80     7.118266100000000         1.000000         0.000000    
      kh_ter81     50.54238200000000         1.000000         0.000000    
      kh_ter82     45.11282800000000         1.000000         0.000000    
      kh_ter83     243.0937000000000         1.000000         0.000000    
      kh_ter84     433.9082500000000         1.000000         0.000000    
      kh_ter85     31.61858900000000         1.000000         0.000000    
      kh_ter86     12.33795000000000         1.000000         0.000000    
      kh_ter87     55.78237700000000         1.000000         0.000000    
      kh_ter88     18.62922000000000         1.000000         0.000000    
      race_all     1.200000000000000         1.000000         0.000000    
       rch_all    0.5000000000000000         1.000000         0.000000    
        riv_c1     120.5287300000000         1.000000         0.000000    
     riv_gview     71.79937800000000         1.000000         0.000000    
        riv_h1     3996.990800000000         1.000000         0.000000    
        riv_h2     865.7282900000000         1.000000         0.000000    
        riv_h3     4041.505600000000         1.000000         0.000000    
      riv_john     50.00000000000000         1.000000         0.000000    
    sy_h_flat1    1.4998005000000000E-02     1.000000         0.000000    
   sy_h_flat10    1.4116007999999999E-02     1.000000         0.000000    
    sy_h_flat2    5.8559598999999997E-02     1.000000         0.000000    
    sy_h_flat3    5.9777907000000000E-03     1.000000         0.000000    
    sy_h_flat4    3.3158628000000002E-02     1.000000         0.000000    
   sy_h_flat45    3.0005391999999999E-02     1.000000         0.000000    
   sy_h_flat46    2.5055878000000000E-02     1.000000         0.000000    
    sy_h_flat5    1.7899422000000002E-02     1.000000         0.000000    
   sy_h_flat51    4.8498768999999997E-02     1.000000         0.000000    
    sy_h_flat6    8.4434217999999998E-03     1.000000         0.000000    
    sy_h_flat7    0.1161643300000000         1.000000         0.000000    
    sy_h_flat8    4.1380309999999997E-02     1.000000         0.000000    
   sy_h_flat89    1.9738934000000000E-02     1.000000         0.000000    
    sy_h_flat9    2.8925981999999999E-02     1.000000         0.000000    
     sy_hill11    9.3094904000000003E-03     1.000000         0.000000    
     sy_hill12    8.0532282999999996E-03     1.000000         0.000000    
     sy_hill13    8.4836663999999992E-03     1.000000         0.000000    
     sy_mang16    5.2590731000000000E-03     1.000000         0.000000    
     sy_mang17    2.0547540000000000E-02     1.000000         0.000000    
     sy_mang18    1.6914061000000001E-02     1.000000         0.000000    
     sy_mang19    5.7315192000000001E-03     1.000000         0.000000    
     sy_mang20    2.8306616999999999E-02     1.000000         0.000000    
     sy_mang21    8.8503569000000001E-03     1.000000         0.000000    
     sy_mang22    9.0610636000000005E-03     1.000000         0.000000    
    sy_riv_g23    1.0714397000000001E-02     1.000000         0.000000    
    sy_riv_g24    8.5959100000000000E-03     1.000000         0.000000    
    sy_riv_g25    0.3000000000000000         1.000000         0.000000    
    sy_riv_g26    0.2420478200000000         1.000000         0.000000    
    sy_riv_g27    8.6890551000000007E-03     1.000000         0.000000    
    sy_riv_g28    6.5730685000000002E-03     1.000000         0.000000    
    sy_riv_g29    9.1276025000000000E-03     1.000000         0.000000    
    sy_riv_g30    1.3618036000000000E-02     1.000000         0.000000    
    sy_riv_g60    1.0001283000000000E-02     1.000000         0.000000    
    sy_riv_g61    1.1735997999999999E-02     1.000000         0.000000    
    sy_riv_g62    2.1995497999999999E-02     1.000000         0.000000    
    sy_riv_g63    1.0066639000000000E-02     1.000000         0.000000    
    sy_sandy31    1.0726377000000000E-02     1.000000         0.000000    
    sy_sandy32    9.2517782999999992E-03     1.000000         0.000000    
    sy_sandy70    1.7505722000000001E-02     1.000000         0.000000    
    sy_sandy71    1.1959233000000000E-02     1.000000         0.000000    
  sy_ss_mor_l0    9.7160667000000003E-05     1.000000         0.000000    
  sy_ss_mor_l1    1.1390821000000000E-04     1.000000         0.000000    
    sy_ss_rest    3.9021713999999998E-04     1.000000         0.000000    
  sy_sy_mor_l0    4.5477460000000001E-03     1.000000         0.000000    
  sy_sy_mor_l1    9.9964090000000008E-04     1.000000         0.000000    
      sy_ter14    1.1905100000000000E-02     1.000000         0.000000    
      sy_ter15    4.1391140000000002E-03     1.000000         0.000000    
      sy_ter33    2.3286910000000001E-02     1.000000         0.000000    
      sy_ter34    0.3000000000000000         1.000000         0.000000    
      sy_ter35    1.5528066000000000E-02     1.000000         0.000000    
      sy_ter36    2.9340101000000000E-02     1.000000         0.000000    
      sy_ter37    9.3168888000000005E-02     1.000000         0.000000    
      sy_ter38    0.3000000000000000         1.000000         0.000000    
      sy_ter39    2.6617572999999999E-02     1.000000         0.000000    
      sy_ter80    4.7259130999999996E-03     1.000000         0.000000    
      sy_ter81    9.3186200999999996E-02     1.000000         0.000000    
      sy_ter82    8.1862059999999997E-03     1.000000         0.000000    
      sy_ter83    1.9606284000000002E-02     1.000000         0.000000    
      sy_ter84    7.9006049999999998E-03     1.000000         0.000000    
      sy_ter85    0.1329259700000000         1.000000         0.000000    
      sy_ter86    2.3778454000000001E-02     1.000000         0.000000    
      sy_ter87    9.1501549000000005E-03     1.000000         0.000000    
      sy_ter88    8.8525161000000008E-03     1.000000         0.000000    
