  single point
     hill_main     1.079545100000000         1.000000         0.000000    
     hill_mang     1.070333600000000         1.000000         0.000000    
       hill_se     1.200000000000000         1.000000         0.000000    
    kh_h_flat1     108.7442000000000         1.000000         0.000000    
   kh_h_flat10     811.6860799999999         1.000000         0.000000    
    kh_h_flat2     148.9944600000000         1.000000         0.000000    
    kh_h_flat3     792.7857400000000         1.000000         0.000000    
    kh_h_flat4     75.97710700000000         1.000000         0.000000    
   kh_h_flat45     774.7216500000000         1.000000         0.000000    
   kh_h_flat46     25.02638900000000         1.000000         0.000000    
    kh_h_flat5     1000.000000000000         1.000000         0.000000    
   kh_h_flat51     640.5002500000001         1.000000         0.000000    
    kh_h_flat6     610.8786200000000         1.000000         0.000000    
    kh_h_flat7     1000.000000000000         1.000000         0.000000    
    kh_h_flat8     1000.000000000000         1.000000         0.000000    
   kh_h_flat89     72.43477799999999         1.000000         0.000000    
    kh_h_flat9     994.4544700000000         1.000000         0.000000    
     kh_hill11     318.2551300000000         1.000000         0.000000    
     kh_hill12     424.5339000000000         1.000000         0.000000    
     kh_hill13     299.4282000000000         1.000000         0.000000    
       kh_lake     316.7993500000000         1.000000         0.000000    
     kh_mang16     12.89101700000000         1.000000         0.000000    
     kh_mang17     87.77465300000000         1.000000         0.000000    
     kh_mang18     51.59577500000000         1.000000         0.000000    
     kh_mang19     85.26048600000000         1.000000         0.000000    
     kh_mang20     175.9716600000000         1.000000         0.000000    
     kh_mang21     218.1868800000000         1.000000         0.000000    
     kh_mang22     172.0843700000000         1.000000         0.000000    
     kh_mor_l0     543.2872000000000         1.000000         0.000000    
     kh_mor_l1    1.2186448000000000E-04     1.000000         0.000000    
    kh_riv_g23     35.43304700000000         1.000000         0.000000    
    kh_riv_g24     55.38722600000000         1.000000         0.000000    
    kh_riv_g25     206.2110400000000         1.000000         0.000000    
    kh_riv_g26     204.4656000000000         1.000000         0.000000    
    kh_riv_g27     94.27946799999999         1.000000         0.000000    
    kh_riv_g28     60.00746700000000         1.000000         0.000000    
    kh_riv_g29     238.4308500000000         1.000000         0.000000    
    kh_riv_g30     564.2901100000000         1.000000         0.000000    
    kh_riv_g60     67.91856400000000         1.000000         0.000000    
    kh_riv_g61     47.66043300000000         1.000000         0.000000    
    kh_riv_g62     76.30902700000000         1.000000         0.000000    
    kh_riv_g63     209.5826900000000         1.000000         0.000000    
    kh_sandy31     11.07662600000000         1.000000         0.000000    
    kh_sandy32     186.1395400000000         1.000000         0.000000    
    kh_sandy70     62.70503100000000         1.000000         0.000000    
    kh_sandy71     242.9887300000000         1.000000         0.000000    
      kh_ter14     26.00065700000000         1.000000         0.000000    
      kh_ter15     148.0908600000000         1.000000         0.000000    
      kh_ter33     159.9350600000000         1.000000         0.000000    
      kh_ter34     4.004812100000000         1.000000         0.000000    
      kh_ter35     268.3012000000000         1.000000         0.000000    
      kh_ter36     13.70525900000000         1.000000         0.000000    
      kh_ter37     23.84024900000000         1.000000         0.000000    
      kh_ter38    0.4680739500000000         1.000000         0.000000    
      kh_ter39     3.012352100000000         1.000000         0.000000    
      kh_ter80     13.36854900000000         1.000000         0.000000    
      kh_ter81     25.99516000000000         1.000000         0.000000    
      kh_ter82     58.58110800000000         1.000000         0.000000    
      kh_ter83     92.77655000000000         1.000000         0.000000    
      kh_ter84     119.8886400000000         1.000000         0.000000    
      kh_ter85     39.37199100000000         1.000000         0.000000    
      kh_ter86     29.42094600000000         1.000000         0.000000    
      kh_ter87     11.29001000000000         1.000000         0.000000    
      kh_ter88     43.67526100000000         1.000000         0.000000    
      race_all     1.200000000000000         1.000000         0.000000    
       rch_all    0.5684889000000000         1.000000         0.000000    
        riv_c1     146.3314100000000         1.000000         0.000000    
     riv_gview     100.4911600000000         1.000000         0.000000    
        riv_h1     3063.066000000000         1.000000         0.000000    
        riv_h2     619.3409100000000         1.000000         0.000000    
        riv_h3     4695.175000000000         1.000000         0.000000    
      riv_john     92.48293500000000         1.000000         0.000000    
    sy_h_flat1    1.4888859000000001E-02     1.000000         0.000000    
   sy_h_flat10    1.0069256000000000E-02     1.000000         0.000000    
    sy_h_flat2    2.3914675999999999E-02     1.000000         0.000000    
    sy_h_flat3    8.8000054999999994E-03     1.000000         0.000000    
    sy_h_flat4    1.4553646999999999E-02     1.000000         0.000000    
   sy_h_flat45    1.1170790999999999E-02     1.000000         0.000000    
   sy_h_flat46    1.4038307000000000E-02     1.000000         0.000000    
    sy_h_flat5    1.2647372000000000E-02     1.000000         0.000000    
   sy_h_flat51    2.3262967999999998E-02     1.000000         0.000000    
    sy_h_flat6    9.0312993000000001E-03     1.000000         0.000000    
    sy_h_flat7    2.6277050000000000E-02     1.000000         0.000000    
    sy_h_flat8    0.1145308100000000         1.000000         0.000000    
   sy_h_flat89    3.4434957000000002E-02     1.000000         0.000000    
    sy_h_flat9    2.5512442000000000E-02     1.000000         0.000000    
     sy_hill11    8.7353080000000007E-03     1.000000         0.000000    
     sy_hill12    8.2376072999999998E-03     1.000000         0.000000    
     sy_hill13    9.1827565999999996E-03     1.000000         0.000000    
     sy_mang16    1.0964471000000000E-02     1.000000         0.000000    
     sy_mang17    1.9206233999999999E-02     1.000000         0.000000    
     sy_mang18    3.7141049000000001E-03     1.000000         0.000000    
     sy_mang19    3.2840198999999999E-03     1.000000         0.000000    
     sy_mang20    1.0470633000000000E-02     1.000000         0.000000    
     sy_mang21    9.1025103999999996E-03     1.000000         0.000000    
     sy_mang22    9.9135267999999992E-03     1.000000         0.000000    
    sy_riv_g23    1.2863191000000000E-02     1.000000         0.000000    
    sy_riv_g24    1.0533693000000000E-02     1.000000         0.000000    
    sy_riv_g25    1.9633543000000000E-02     1.000000         0.000000    
    sy_riv_g26    1.8544639000000002E-02     1.000000         0.000000    
    sy_riv_g27    9.7141125999999998E-03     1.000000         0.000000    
    sy_riv_g28    9.2601660999999998E-03     1.000000         0.000000    
    sy_riv_g29    1.0215686999999999E-02     1.000000         0.000000    
    sy_riv_g30    1.1247439999999999E-02     1.000000         0.000000    
    sy_riv_g60    1.0805956000000000E-02     1.000000         0.000000    
    sy_riv_g61    1.1446115999999999E-02     1.000000         0.000000    
    sy_riv_g62    1.6150106000000001E-02     1.000000         0.000000    
    sy_riv_g63    1.0930867000000000E-02     1.000000         0.000000    
    sy_sandy31    9.8637324000000002E-03     1.000000         0.000000    
    sy_sandy32    9.8595702000000007E-03     1.000000         0.000000    
    sy_sandy70    1.0281281000000000E-02     1.000000         0.000000    
    sy_sandy71    1.0058304000000001E-02     1.000000         0.000000    
  sy_ss_mor_l0    9.9952011000000005E-05     1.000000         0.000000    
  sy_ss_mor_l1    1.2535758000000000E-04     1.000000         0.000000    
    sy_ss_rest    4.1818657999999998E-04     1.000000         0.000000    
  sy_sy_mor_l0    2.2224526000000001E-02     1.000000         0.000000    
  sy_sy_mor_l1    9.9964125999999994E-04     1.000000         0.000000    
      sy_ter14    1.0404066000000000E-02     1.000000         0.000000    
      sy_ter15    7.6673562000000002E-03     1.000000         0.000000    
      sy_ter33    1.0924725999999999E-02     1.000000         0.000000    
      sy_ter34    5.5414158999999998E-02     1.000000         0.000000    
      sy_ter35    4.4444771000000001E-02     1.000000         0.000000    
      sy_ter36    1.9647267999999999E-02     1.000000         0.000000    
      sy_ter37    2.1532856000000000E-02     1.000000         0.000000    
      sy_ter38    5.8298584000000001E-02     1.000000         0.000000    
      sy_ter39    2.9637644000000001E-02     1.000000         0.000000    
      sy_ter80    2.9322537999999999E-02     1.000000         0.000000    
      sy_ter81    2.1055991000000000E-02     1.000000         0.000000    
      sy_ter82    9.9106279999999995E-03     1.000000         0.000000    
      sy_ter83    1.1582303000000000E-02     1.000000         0.000000    
      sy_ter84    1.0129763000000000E-02     1.000000         0.000000    
      sy_ter85    6.7292904000000001E-02     1.000000         0.000000    
      sy_ter86    1.0937716000000000E-02     1.000000         0.000000    
      sy_ter87    1.9244530999999999E-02     1.000000         0.000000    
      sy_ter88    1.2693434999999999E-02     1.000000         0.000000    
