  single point
     hill_main     1.059648600000000         1.000000         0.000000    
     hill_mang     1.004975500000000         1.000000         0.000000    
       hill_se     1.200000000000000         1.000000         0.000000    
    kh_h_flat1     96.55169700000000         1.000000         0.000000    
   kh_h_flat10     721.8826800000001         1.000000         0.000000    
    kh_h_flat2     122.5118300000000         1.000000         0.000000    
    kh_h_flat3     623.4569700000000         1.000000         0.000000    
    kh_h_flat4     69.61087000000001         1.000000         0.000000    
   kh_h_flat45     685.0248400000000         1.000000         0.000000    
   kh_h_flat46     34.51150700000000         1.000000         0.000000    
    kh_h_flat5     1000.000000000000         1.000000         0.000000    
   kh_h_flat51     817.5224800000000         1.000000         0.000000    
    kh_h_flat6     586.5576600000001         1.000000         0.000000    
    kh_h_flat7     1000.000000000000         1.000000         0.000000    
    kh_h_flat8     1000.000000000000         1.000000         0.000000    
   kh_h_flat89     122.7603000000000         1.000000         0.000000    
    kh_h_flat9     1000.000000000000         1.000000         0.000000    
     kh_hill11     312.2528600000000         1.000000         0.000000    
     kh_hill12     401.9622700000000         1.000000         0.000000    
     kh_hill13     300.7706600000000         1.000000         0.000000    
       kh_lake     328.0606200000000         1.000000         0.000000    
     kh_mang16     18.71058500000000         1.000000         0.000000    
     kh_mang17     131.1071800000000         1.000000         0.000000    
     kh_mang18     71.92426700000000         1.000000         0.000000    
     kh_mang19     102.2716000000000         1.000000         0.000000    
     kh_mang20     180.4305000000000         1.000000         0.000000    
     kh_mang21     216.8726200000000         1.000000         0.000000    
     kh_mang22     184.0702600000000         1.000000         0.000000    
     kh_mor_l0     648.5505600000000         1.000000         0.000000    
     kh_mor_l1    1.2108701000000000E-04     1.000000         0.000000    
    kh_riv_g23     39.57401800000000         1.000000         0.000000    
    kh_riv_g24     63.56334800000000         1.000000         0.000000    
    kh_riv_g25     222.7952900000000         1.000000         0.000000    
    kh_riv_g26     208.0654400000000         1.000000         0.000000    
    kh_riv_g27     102.6023700000000         1.000000         0.000000    
    kh_riv_g28     68.28369700000000         1.000000         0.000000    
    kh_riv_g29     220.6890400000000         1.000000         0.000000    
    kh_riv_g30     518.5897100000000         1.000000         0.000000    
    kh_riv_g60     73.87683600000000         1.000000         0.000000    
    kh_riv_g61     53.32508300000000         1.000000         0.000000    
    kh_riv_g62     78.68588300000000         1.000000         0.000000    
    kh_riv_g63     219.5095100000000         1.000000         0.000000    
    kh_sandy31     14.22491100000000         1.000000         0.000000    
    kh_sandy32     188.5910300000000         1.000000         0.000000    
    kh_sandy70     71.05490300000000         1.000000         0.000000    
    kh_sandy71     242.6079200000000         1.000000         0.000000    
      kh_ter14     26.60341700000000         1.000000         0.000000    
      kh_ter15     141.8692100000000         1.000000         0.000000    
      kh_ter33     160.3038600000000         1.000000         0.000000    
      kh_ter34     4.266635700000000         1.000000         0.000000    
      kh_ter35     289.3375800000000         1.000000         0.000000    
      kh_ter36     15.34286500000000         1.000000         0.000000    
      kh_ter37     25.94272900000000         1.000000         0.000000    
      kh_ter38    0.5568276100000000         1.000000         0.000000    
      kh_ter39     3.658057800000000         1.000000         0.000000    
      kh_ter80     14.90834000000000         1.000000         0.000000    
      kh_ter81     28.61334200000000         1.000000         0.000000    
      kh_ter82     57.44649800000000         1.000000         0.000000    
      kh_ter83     92.59780600000001         1.000000         0.000000    
      kh_ter84     115.1728700000000         1.000000         0.000000    
      kh_ter85     43.24320000000000         1.000000         0.000000    
      kh_ter86     29.78280400000000         1.000000         0.000000    
      kh_ter87     12.47961400000000         1.000000         0.000000    
      kh_ter88     45.56203400000000         1.000000         0.000000    
      race_all     1.200000000000000         1.000000         0.000000    
       rch_all    0.7684889000000000         1.000000         0.000000    
        riv_c1     174.2199500000000         1.000000         0.000000    
     riv_gview     101.9025900000000         1.000000         0.000000    
        riv_h1     3403.202600000000         1.000000         0.000000    
        riv_h2     625.0957300000000         1.000000         0.000000    
        riv_h3     4643.600400000000         1.000000         0.000000    
      riv_john     92.54171300000000         1.000000         0.000000    
    sy_h_flat1    1.4607662000000000E-02     1.000000         0.000000    
   sy_h_flat10    1.0059138000000000E-02     1.000000         0.000000    
    sy_h_flat2    2.1137421999999999E-02     1.000000         0.000000    
    sy_h_flat3    8.7483100000000005E-03     1.000000         0.000000    
    sy_h_flat4    1.4252147999999999E-02     1.000000         0.000000    
   sy_h_flat45    1.1076680000000000E-02     1.000000         0.000000    
   sy_h_flat46    1.3559140000000001E-02     1.000000         0.000000    
    sy_h_flat5    1.2562370000000000E-02     1.000000         0.000000    
   sy_h_flat51    2.1924817999999999E-02     1.000000         0.000000    
    sy_h_flat6    9.0640999000000007E-03     1.000000         0.000000    
    sy_h_flat7    2.4447882000000001E-02     1.000000         0.000000    
    sy_h_flat8    9.5308622999999995E-02     1.000000         0.000000    
   sy_h_flat89    2.9809806000000001E-02     1.000000         0.000000    
    sy_h_flat9    2.2769349000000001E-02     1.000000         0.000000    
     sy_hill11    8.7781188999999996E-03     1.000000         0.000000    
     sy_hill12    8.2637483000000001E-03     1.000000         0.000000    
     sy_hill13    9.2211732999999997E-03     1.000000         0.000000    
     sy_mang16    1.0991114000000000E-02     1.000000         0.000000    
     sy_mang17    1.8949732000000000E-02     1.000000         0.000000    
     sy_mang18    3.6224708999999999E-03     1.000000         0.000000    
     sy_mang19    3.1761713999999999E-03     1.000000         0.000000    
     sy_mang20    1.0295978000000001E-02     1.000000         0.000000    
     sy_mang21    8.8639036000000004E-03     1.000000         0.000000    
     sy_mang22    9.8959832999999994E-03     1.000000         0.000000    
    sy_riv_g23    1.2795811000000001E-02     1.000000         0.000000    
    sy_riv_g24    1.0498133999999999E-02     1.000000         0.000000    
    sy_riv_g25    1.9477365999999999E-02     1.000000         0.000000    
    sy_riv_g26    1.8456205999999999E-02     1.000000         0.000000    
    sy_riv_g27    9.7120503000000004E-03     1.000000         0.000000    
    sy_riv_g28    9.2610331999999993E-03     1.000000         0.000000    
    sy_riv_g29    1.0193337000000000E-02     1.000000         0.000000    
    sy_riv_g30    1.1221444000000001E-02     1.000000         0.000000    
    sy_riv_g60    1.0796609000000000E-02     1.000000         0.000000    
    sy_riv_g61    1.1323292000000000E-02     1.000000         0.000000    
    sy_riv_g62    1.5595896999999999E-02     1.000000         0.000000    
    sy_riv_g63    1.0805939000000001E-02     1.000000         0.000000    
    sy_sandy31    9.7827717999999994E-03     1.000000         0.000000    
    sy_sandy32    9.8437666999999993E-03     1.000000         0.000000    
    sy_sandy70    1.0117134999999999E-02     1.000000         0.000000    
    sy_sandy71    1.0044423000000000E-02     1.000000         0.000000    
  sy_ss_mor_l0    1.0000099999999999E-04     1.000000         0.000000    
  sy_ss_mor_l1    1.2524581999999999E-04     1.000000         0.000000    
    sy_ss_rest    2.8399623000000001E-04     1.000000         0.000000    
  sy_sy_mor_l0    2.2762754000000000E-02     1.000000         0.000000    
  sy_sy_mor_l1    9.9964125999999994E-04     1.000000         0.000000    
      sy_ter14    1.0503858000000000E-02     1.000000         0.000000    
      sy_ter15    7.7530995999999996E-03     1.000000         0.000000    
      sy_ter33    1.0714768000000000E-02     1.000000         0.000000    
      sy_ter34    4.9682117999999997E-02     1.000000         0.000000    
      sy_ter35    4.1222367000000003E-02     1.000000         0.000000    
      sy_ter36    1.8324226999999998E-02     1.000000         0.000000    
      sy_ter37    2.0622827999999999E-02     1.000000         0.000000    
      sy_ter38    4.5764863000000003E-02     1.000000         0.000000    
      sy_ter39    3.0828674000000000E-02     1.000000         0.000000    
      sy_ter80    2.9525340000000001E-02     1.000000         0.000000    
      sy_ter81    1.9896624000000002E-02     1.000000         0.000000    
      sy_ter82    9.9197052999999997E-03     1.000000         0.000000    
      sy_ter83    1.1076914000000000E-02     1.000000         0.000000    
      sy_ter84    1.0124057000000001E-02     1.000000         0.000000    
      sy_ter85    5.9427004999999998E-02     1.000000         0.000000    
      sy_ter86    1.0809822000000000E-02     1.000000         0.000000    
      sy_ter87    1.7206071999999999E-02     1.000000         0.000000    
      sy_ter88    1.2678661000000001E-02     1.000000         0.000000    
