  single point
     hill_main     1.027696500000000         1.000000         0.000000    
     hill_mang    0.9226521800000000         1.000000         0.000000    
       hill_se     1.183435300000000         1.000000         0.000000    
    kh_h_flat1     80.66244500000001         1.000000         0.000000    
   kh_h_flat10     501.5246900000000         1.000000         0.000000    
    kh_h_flat2     101.8291300000000         1.000000         0.000000    
    kh_h_flat3     403.7041800000000         1.000000         0.000000    
    kh_h_flat4     58.16615600000000         1.000000         0.000000    
   kh_h_flat45     501.9902900000000         1.000000         0.000000    
   kh_h_flat46     61.92105900000000         1.000000         0.000000    
    kh_h_flat5     1000.000000000000         1.000000         0.000000    
   kh_h_flat51     965.8079400000000         1.000000         0.000000    
    kh_h_flat6     544.2789600000000         1.000000         0.000000    
    kh_h_flat7     1000.000000000000         1.000000         0.000000    
    kh_h_flat8     1000.000000000000         1.000000         0.000000    
   kh_h_flat89     278.2246200000000         1.000000         0.000000    
    kh_h_flat9     1000.000000000000         1.000000         0.000000    
     kh_hill11     305.4087900000000         1.000000         0.000000    
     kh_hill12     374.1188500000000         1.000000         0.000000    
     kh_hill13     307.1885400000000         1.000000         0.000000    
       kh_lake     338.8515700000000         1.000000         0.000000    
     kh_mang16     24.22639900000000         1.000000         0.000000    
     kh_mang17     259.2705500000000         1.000000         0.000000    
     kh_mang18     139.7643300000000         1.000000         0.000000    
     kh_mang19     147.7217800000000         1.000000         0.000000    
     kh_mang20     190.2013000000000         1.000000         0.000000    
     kh_mang21     215.9261500000000         1.000000         0.000000    
     kh_mang22     197.3965400000000         1.000000         0.000000    
     kh_mor_l0     865.3162000000000         1.000000         0.000000    
     kh_mor_l1    1.1936816000000000E-04     1.000000         0.000000    
    kh_riv_g23     49.72286600000000         1.000000         0.000000    
    kh_riv_g24     83.20197200000000         1.000000         0.000000    
    kh_riv_g25     265.2503200000000         1.000000         0.000000    
    kh_riv_g26     211.7809100000000         1.000000         0.000000    
    kh_riv_g27     121.7042400000000         1.000000         0.000000    
    kh_riv_g28     82.04562900000001         1.000000         0.000000    
    kh_riv_g29     189.7429100000000         1.000000         0.000000    
    kh_riv_g30     453.5215500000000         1.000000         0.000000    
    kh_riv_g60     86.05628400000001         1.000000         0.000000    
    kh_riv_g61     65.77116100000001         1.000000         0.000000    
    kh_riv_g62     82.81338100000001         1.000000         0.000000    
    kh_riv_g63     238.4298900000000         1.000000         0.000000    
    kh_sandy31     23.15242700000000         1.000000         0.000000    
    kh_sandy32     199.1660800000000         1.000000         0.000000    
    kh_sandy70     92.98577700000000         1.000000         0.000000    
    kh_sandy71     243.2285200000000         1.000000         0.000000    
      kh_ter14     28.65031800000000         1.000000         0.000000    
      kh_ter15     127.8248400000000         1.000000         0.000000    
      kh_ter33     163.1984400000000         1.000000         0.000000    
      kh_ter34     4.691618300000000         1.000000         0.000000    
      kh_ter35     311.7134000000000         1.000000         0.000000    
      kh_ter36     19.10503000000000         1.000000         0.000000    
      kh_ter37     31.23068400000000         1.000000         0.000000    
      kh_ter38    0.9372189300000000         1.000000         0.000000    
      kh_ter39     5.711522600000000         1.000000         0.000000    
      kh_ter80     18.05030700000000         1.000000         0.000000    
      kh_ter81     33.73071400000000         1.000000         0.000000    
      kh_ter82     54.54229100000000         1.000000         0.000000    
      kh_ter83     95.04441400000000         1.000000         0.000000    
      kh_ter84     102.6853100000000         1.000000         0.000000    
      kh_ter85     52.94855300000000         1.000000         0.000000    
      kh_ter86     31.90475900000000         1.000000         0.000000    
      kh_ter87     16.11766500000000         1.000000         0.000000    
      kh_ter88     47.34073200000000         1.000000         0.000000    
      race_all     1.137466900000000         1.000000         0.000000    
       rch_all     1.068488900000000         1.000000         0.000000    
        riv_c1     222.7259200000000         1.000000         0.000000    
     riv_gview     117.9718800000000         1.000000         0.000000    
        riv_h1     3827.633400000000         1.000000         0.000000    
        riv_h2     587.9744200000000         1.000000         0.000000    
        riv_h3     4429.764100000000         1.000000         0.000000    
      riv_john     93.05937700000000         1.000000         0.000000    
    sy_h_flat1    1.4603684000000000E-02     1.000000         0.000000    
   sy_h_flat10    1.0071879000000001E-02     1.000000         0.000000    
    sy_h_flat2    1.9000507999999999E-02     1.000000         0.000000    
    sy_h_flat3    8.7223898000000008E-03     1.000000         0.000000    
    sy_h_flat4    1.4088543000000000E-02     1.000000         0.000000    
   sy_h_flat45    1.0938728999999999E-02     1.000000         0.000000    
   sy_h_flat46    1.2956301000000000E-02     1.000000         0.000000    
    sy_h_flat5    1.2520277000000000E-02     1.000000         0.000000    
   sy_h_flat51    2.3177967000000001E-02     1.000000         0.000000    
    sy_h_flat6    9.0936284999999992E-03     1.000000         0.000000    
    sy_h_flat7    2.2080473999999999E-02     1.000000         0.000000    
    sy_h_flat8    7.5714124999999993E-02     1.000000         0.000000    
   sy_h_flat89    2.8451677000000002E-02     1.000000         0.000000    
    sy_h_flat9    2.3932116000000000E-02     1.000000         0.000000    
     sy_hill11    8.8359614000000000E-03     1.000000         0.000000    
     sy_hill12    8.2672402999999992E-03     1.000000         0.000000    
     sy_hill13    9.2514955999999995E-03     1.000000         0.000000    
     sy_mang16    1.1070738000000000E-02     1.000000         0.000000    
     sy_mang17    1.8744574999999999E-02     1.000000         0.000000    
     sy_mang18    3.6544215999999999E-03     1.000000         0.000000    
     sy_mang19    3.2009400000000002E-03     1.000000         0.000000    
     sy_mang20    1.0796639000000000E-02     1.000000         0.000000    
     sy_mang21    8.8220816999999997E-03     1.000000         0.000000    
     sy_mang22    9.8262978999999993E-03     1.000000         0.000000    
    sy_riv_g23    1.2584033000000000E-02     1.000000         0.000000    
    sy_riv_g24    1.0416139000000000E-02     1.000000         0.000000    
    sy_riv_g25    1.9091987000000001E-02     1.000000         0.000000    
    sy_riv_g26    1.8203613000000000E-02     1.000000         0.000000    
    sy_riv_g27    9.7083459999999996E-03     1.000000         0.000000    
    sy_riv_g28    9.2604799000000002E-03     1.000000         0.000000    
    sy_riv_g29    1.0110149000000001E-02     1.000000         0.000000    
    sy_riv_g30    1.1152989000000000E-02     1.000000         0.000000    
    sy_riv_g60    1.0735114000000000E-02     1.000000         0.000000    
    sy_riv_g61    1.1065847000000000E-02     1.000000         0.000000    
    sy_riv_g62    1.4591206000000001E-02     1.000000         0.000000    
    sy_riv_g63    1.0585564000000000E-02     1.000000         0.000000    
    sy_sandy31    9.6249308000000006E-03     1.000000         0.000000    
    sy_sandy32    9.7872514000000004E-03     1.000000         0.000000    
    sy_sandy70    9.8119060000000004E-03     1.000000         0.000000    
    sy_sandy71    1.0043053000000000E-02     1.000000         0.000000    
  sy_ss_mor_l0    1.0006052000000000E-04     1.000000         0.000000    
  sy_ss_mor_l1    1.2471121999999999E-04     1.000000         0.000000    
    sy_ss_rest    2.2623209000000000E-04     1.000000         0.000000    
  sy_sy_mor_l0    2.4225619000000000E-02     1.000000         0.000000    
  sy_sy_mor_l1    9.9964125999999994E-04     1.000000         0.000000    
      sy_ter14    1.0766823999999999E-02     1.000000         0.000000    
      sy_ter15    7.8981451999999997E-03     1.000000         0.000000    
      sy_ter33    1.0240483999999999E-02     1.000000         0.000000    
      sy_ter34    3.7095626999999999E-02     1.000000         0.000000    
      sy_ter35    3.4689945999999999E-02     1.000000         0.000000    
      sy_ter36    1.6144420000000000E-02     1.000000         0.000000    
      sy_ter37    1.9020838000000002E-02     1.000000         0.000000    
      sy_ter38    2.8547036000000001E-02     1.000000         0.000000    
      sy_ter39    3.3675246999999998E-02     1.000000         0.000000    
      sy_ter80    2.9843719000000001E-02     1.000000         0.000000    
      sy_ter81    1.7655140000000000E-02     1.000000         0.000000    
      sy_ter82    9.9315843000000008E-03     1.000000         0.000000    
      sy_ter83    1.0236865000000000E-02     1.000000         0.000000    
      sy_ter84    1.0085540000000000E-02     1.000000         0.000000    
      sy_ter85    4.6643761999999998E-02     1.000000         0.000000    
      sy_ter86    1.0432703999999999E-02     1.000000         0.000000    
      sy_ter87    1.2402412999999999E-02     1.000000         0.000000    
      sy_ter88    1.2612491000000000E-02     1.000000         0.000000    
