  single point
     hill_main    0.9801490600000000         1.000000         0.000000    
     hill_mang    0.8963859800000000         1.000000         0.000000    
       hill_se     1.176405100000000         1.000000         0.000000    
    kh_h_flat1     145.5009300000000         1.000000         0.000000    
   kh_h_flat10     499.5920700000000         1.000000         0.000000    
    kh_h_flat2     46.99156800000000         1.000000         0.000000    
    kh_h_flat3     383.1457400000000         1.000000         0.000000    
    kh_h_flat4     59.20358900000000         1.000000         0.000000    
   kh_h_flat45     480.3567200000000         1.000000         0.000000    
   kh_h_flat46     57.58883200000000         1.000000         0.000000    
    kh_h_flat5     1000.000000000000         1.000000         0.000000    
   kh_h_flat51     1000.000000000000         1.000000         0.000000    
    kh_h_flat6     544.0582000000001         1.000000         0.000000    
    kh_h_flat7     1000.000000000000         1.000000         0.000000    
    kh_h_flat8     1000.000000000000         1.000000         0.000000    
   kh_h_flat89     292.5663800000000         1.000000         0.000000    
    kh_h_flat9     1000.000000000000         1.000000         0.000000    
     kh_hill11     296.3529900000000         1.000000         0.000000    
     kh_hill12     362.4368700000000         1.000000         0.000000    
     kh_hill13     310.3185000000000         1.000000         0.000000    
       kh_lake     344.9496000000000         1.000000         0.000000    
     kh_mang16     52.61817000000000         1.000000         0.000000    
     kh_mang17     274.0458000000000         1.000000         0.000000    
     kh_mang18     163.3814900000000         1.000000         0.000000    
     kh_mang19     153.3414300000000         1.000000         0.000000    
     kh_mang20     192.0793200000000         1.000000         0.000000    
     kh_mang21     215.6955000000000         1.000000         0.000000    
     kh_mang22     207.4259800000000         1.000000         0.000000    
     kh_mor_l0     1000.000000000000         1.000000         0.000000    
     kh_mor_l1    1.1929526999999999E-04     1.000000         0.000000    
    kh_riv_g23     50.14380300000000         1.000000         0.000000    
    kh_riv_g24     86.96774300000000         1.000000         0.000000    
    kh_riv_g25     268.8858200000000         1.000000         0.000000    
    kh_riv_g26     207.5694700000000         1.000000         0.000000    
    kh_riv_g27     124.9382300000000         1.000000         0.000000    
    kh_riv_g28     92.29037500000000         1.000000         0.000000    
    kh_riv_g29     195.6266500000000         1.000000         0.000000    
    kh_riv_g30     448.2563100000000         1.000000         0.000000    
    kh_riv_g60     86.29013000000000         1.000000         0.000000    
    kh_riv_g61     68.95913000000000         1.000000         0.000000    
    kh_riv_g62     90.23384799999999         1.000000         0.000000    
    kh_riv_g63     248.1902500000000         1.000000         0.000000    
    kh_sandy31     24.71330100000000         1.000000         0.000000    
    kh_sandy32     200.2618000000000         1.000000         0.000000    
    kh_sandy70     95.90446300000001         1.000000         0.000000    
    kh_sandy71     242.4996700000000         1.000000         0.000000    
      kh_ter14     28.68178700000000         1.000000         0.000000    
      kh_ter15     129.4497800000000         1.000000         0.000000    
      kh_ter33     161.2523100000000         1.000000         0.000000    
      kh_ter34     6.820027800000000         1.000000         0.000000    
      kh_ter35     325.8206900000000         1.000000         0.000000    
      kh_ter36     19.42462900000000         1.000000         0.000000    
      kh_ter37     33.26318200000000         1.000000         0.000000    
      kh_ter38     1.290944100000000         1.000000         0.000000    
      kh_ter39     6.338351900000000         1.000000         0.000000    
      kh_ter80     22.94912800000000         1.000000         0.000000    
      kh_ter81     40.72901300000000         1.000000         0.000000    
      kh_ter82     54.58043700000000         1.000000         0.000000    
      kh_ter83     93.70913600000000         1.000000         0.000000    
      kh_ter84     103.8819500000000         1.000000         0.000000    
      kh_ter85     54.78010200000000         1.000000         0.000000    
      kh_ter86     31.86500100000000         1.000000         0.000000    
      kh_ter87     19.38741500000000         1.000000         0.000000    
      kh_ter88     46.35371900000000         1.000000         0.000000    
      race_all     1.028099800000000         1.000000         0.000000    
       rch_all     1.081415800000000         1.000000         0.000000    
        riv_c1     253.1031200000000         1.000000         0.000000    
     riv_gview     122.0657400000000         1.000000         0.000000    
        riv_h1     3901.610800000000         1.000000         0.000000    
        riv_h2     549.5409300000000         1.000000         0.000000    
        riv_h3     4315.602400000000         1.000000         0.000000    
      riv_john     93.18513500000000         1.000000         0.000000    
    sy_h_flat1    1.4114566000000000E-02     1.000000         0.000000    
   sy_h_flat10    1.0052792000000000E-02     1.000000         0.000000    
    sy_h_flat2    1.6932022000000001E-02     1.000000         0.000000    
    sy_h_flat3    8.6757225000000000E-03     1.000000         0.000000    
    sy_h_flat4    1.3769449000000000E-02     1.000000         0.000000    
   sy_h_flat45    1.0889034000000001E-02     1.000000         0.000000    
   sy_h_flat46    1.2679219000000000E-02     1.000000         0.000000    
    sy_h_flat5    1.2384865000000000E-02     1.000000         0.000000    
   sy_h_flat51    2.0449912000000001E-02     1.000000         0.000000    
    sy_h_flat6    9.1191569999999993E-03     1.000000         0.000000    
    sy_h_flat7    2.0883032999999999E-02     1.000000         0.000000    
    sy_h_flat8    6.6497836000000005E-02     1.000000         0.000000    
   sy_h_flat89    2.4145173999999998E-02     1.000000         0.000000    
    sy_h_flat9    1.9592205000000001E-02     1.000000         0.000000    
     sy_hill11    8.8589506999999998E-03     1.000000         0.000000    
     sy_hill12    8.3026210999999992E-03     1.000000         0.000000    
     sy_hill13    9.2807423999999999E-03     1.000000         0.000000    
     sy_mang16    1.0871634000000000E-02     1.000000         0.000000    
     sy_mang17    1.7577176000000000E-02     1.000000         0.000000    
     sy_mang18    3.4768364000000002E-03     1.000000         0.000000    
     sy_mang19    3.0012001999999999E-03     1.000000         0.000000    
     sy_mang20    1.0031349000000000E-02     1.000000         0.000000    
     sy_mang21    8.3004125999999994E-03     1.000000         0.000000    
     sy_mang22    9.7422872999999993E-03     1.000000         0.000000    
    sy_riv_g23    1.2623689000000000E-02     1.000000         0.000000    
    sy_riv_g24    1.0405408000000000E-02     1.000000         0.000000    
    sy_riv_g25    1.9042960000000001E-02     1.000000         0.000000    
    sy_riv_g26    1.8220341000000001E-02     1.000000         0.000000    
    sy_riv_g27    9.7017122000000004E-03     1.000000         0.000000    
    sy_riv_g28    9.2418953000000005E-03     1.000000         0.000000    
    sy_riv_g29    1.0156299000000001E-02     1.000000         0.000000    
    sy_riv_g30    1.1158757000000000E-02     1.000000         0.000000    
    sy_riv_g60    1.0762989000000001E-02     1.000000         0.000000    
    sy_riv_g61    1.1047961000000000E-02     1.000000         0.000000    
    sy_riv_g62    1.4408381000000000E-02     1.000000         0.000000    
    sy_riv_g63    1.0561084000000000E-02     1.000000         0.000000    
    sy_sandy31    9.6075892000000006E-03     1.000000         0.000000    
    sy_sandy32    9.7895542999999995E-03     1.000000         0.000000    
    sy_sandy70    9.7727314999999995E-03     1.000000         0.000000    
    sy_sandy71    1.0029312000000000E-02     1.000000         0.000000    
  sy_ss_mor_l0    1.0007348000000000E-04     1.000000         0.000000    
  sy_ss_mor_l1    1.2463310999999999E-04     1.000000         0.000000    
    sy_ss_rest    1.5991732999999999E-04     1.000000         0.000000    
  sy_sy_mor_l0    2.4153039000000001E-02     1.000000         0.000000    
  sy_sy_mor_l1    9.9964125999999994E-04     1.000000         0.000000    
      sy_ter14    1.0785219000000000E-02     1.000000         0.000000    
      sy_ter15    7.9308395000000000E-03     1.000000         0.000000    
      sy_ter33    1.0183113000000001E-02     1.000000         0.000000    
      sy_ter34    3.3605052000000003E-02     1.000000         0.000000    
      sy_ter35    3.2890085999999999E-02     1.000000         0.000000    
      sy_ter36    1.5662311000000002E-02     1.000000         0.000000    
      sy_ter37    1.8592005000000002E-02     1.000000         0.000000    
      sy_ter38    2.4125685000000001E-02     1.000000         0.000000    
      sy_ter39    3.3809415000000002E-02     1.000000         0.000000    
      sy_ter80    2.9627448000000001E-02     1.000000         0.000000    
      sy_ter81    1.6927659000000001E-02     1.000000         0.000000    
      sy_ter82    9.9416742000000002E-03     1.000000         0.000000    
      sy_ter83    9.9115945000000007E-03     1.000000         0.000000    
      sy_ter84    1.0082518000000000E-02     1.000000         0.000000    
      sy_ter85    4.3102679999999997E-02     1.000000         0.000000    
      sy_ter86    1.0372510999999999E-02     1.000000         0.000000    
      sy_ter87    1.1033756000000000E-02     1.000000         0.000000    
      sy_ter88    1.2580004000000001E-02     1.000000         0.000000    
