  single point
     hill_main     1.070874000000000         1.000000         0.000000    
     hill_mang     1.197017100000000         1.000000         0.000000    
       hill_se     1.194458600000000         1.000000         0.000000    
    kh_h_flat1     113.5408900000000         1.000000         0.000000    
   kh_h_flat10     958.8910000000000         1.000000         0.000000    
    kh_h_flat2     164.6680600000000         1.000000         0.000000    
    kh_h_flat3     1000.000000000000         1.000000         0.000000    
    kh_h_flat4     71.48677499999999         1.000000         0.000000    
   kh_h_flat45     819.5191600000001         1.000000         0.000000    
   kh_h_flat46     14.02380000000000         1.000000         0.000000    
    kh_h_flat5     1000.000000000000         1.000000         0.000000    
   kh_h_flat51     561.8887900000000         1.000000         0.000000    
    kh_h_flat6     718.1405000000000         1.000000         0.000000    
    kh_h_flat7     1000.000000000000         1.000000         0.000000    
    kh_h_flat8     1000.000000000000         1.000000         0.000000    
   kh_h_flat89     58.10160300000000         1.000000         0.000000    
    kh_h_flat9     908.9237500000000         1.000000         0.000000    
     kh_hill11     309.9032200000000         1.000000         0.000000    
     kh_hill12     458.7333600000000         1.000000         0.000000    
     kh_hill13     298.4902500000000         1.000000         0.000000    
       kh_lake     302.9226500000000         1.000000         0.000000    
     kh_mang16     10.78484400000000         1.000000         0.000000    
     kh_mang17     76.23860000000001         1.000000         0.000000    
     kh_mang18     48.82498900000000         1.000000         0.000000    
     kh_mang19     78.61121900000001         1.000000         0.000000    
     kh_mang20     168.3156700000000         1.000000         0.000000    
     kh_mang21     216.6833000000000         1.000000         0.000000    
     kh_mang22     154.6121300000000         1.000000         0.000000    
     kh_mor_l0     525.1048800000000         1.000000         0.000000    
     kh_mor_l1    1.2663145999999999E-04     1.000000         0.000000    
    kh_riv_g23     29.77580200000000         1.000000         0.000000    
    kh_riv_g24     49.31938600000000         1.000000         0.000000    
    kh_riv_g25     227.4501300000000         1.000000         0.000000    
    kh_riv_g26     241.4604100000000         1.000000         0.000000    
    kh_riv_g27     96.05202600000000         1.000000         0.000000    
    kh_riv_g28     56.07852600000000         1.000000         0.000000    
    kh_riv_g29     294.1866800000000         1.000000         0.000000    
    kh_riv_g30     779.0784300000000         1.000000         0.000000    
    kh_riv_g60     76.89404100000000         1.000000         0.000000    
    kh_riv_g61     41.21334200000000         1.000000         0.000000    
    kh_riv_g62     82.02154700000000         1.000000         0.000000    
    kh_riv_g63     215.4606900000000         1.000000         0.000000    
    kh_sandy31     10.12688200000000         1.000000         0.000000    
    kh_sandy32     186.9614100000000         1.000000         0.000000    
    kh_sandy70     49.92943100000000         1.000000         0.000000    
    kh_sandy71     247.4660600000000         1.000000         0.000000    
      kh_ter14     24.08647200000000         1.000000         0.000000    
      kh_ter15     152.7513500000000         1.000000         0.000000    
      kh_ter33     146.6691600000000         1.000000         0.000000    
      kh_ter34     4.198840800000000         1.000000         0.000000    
      kh_ter35     278.7481500000000         1.000000         0.000000    
      kh_ter36     12.16394200000000         1.000000         0.000000    
      kh_ter37     31.22863700000000         1.000000         0.000000    
      kh_ter38    0.4355273800000000         1.000000         0.000000    
      kh_ter39     2.462382500000000         1.000000         0.000000    
      kh_ter80     12.35415400000000         1.000000         0.000000    
      kh_ter81     26.37088900000000         1.000000         0.000000    
      kh_ter82     56.60159000000000         1.000000         0.000000    
      kh_ter83     97.21781799999999         1.000000         0.000000    
      kh_ter84     137.5648400000000         1.000000         0.000000    
      kh_ter85     37.46442400000000         1.000000         0.000000    
      kh_ter86     27.01274600000000         1.000000         0.000000    
      kh_ter87     12.33430300000000         1.000000         0.000000    
      kh_ter88     38.86682100000000         1.000000         0.000000    
      race_all     1.200000000000000         1.000000         0.000000    
       rch_all    0.5000000000000000         1.000000         0.000000    
        riv_c1     135.0181800000000         1.000000         0.000000    
     riv_gview     95.84746300000000         1.000000         0.000000    
        riv_h1     2949.467500000000         1.000000         0.000000    
        riv_h2     632.1696200000000         1.000000         0.000000    
        riv_h3     4707.246300000000         1.000000         0.000000    
      riv_john     89.93101500000000         1.000000         0.000000    
    sy_h_flat1    1.3130638000000000E-02     1.000000         0.000000    
   sy_h_flat10    1.0680978000000001E-02     1.000000         0.000000    
    sy_h_flat2    2.7193498999999999E-02     1.000000         0.000000    
    sy_h_flat3    8.7793794000000005E-03     1.000000         0.000000    
    sy_h_flat4    1.8321884000000000E-02     1.000000         0.000000    
   sy_h_flat45    1.4076171000000000E-02     1.000000         0.000000    
   sy_h_flat46    1.5102074000000000E-02     1.000000         0.000000    
    sy_h_flat5    1.1896332000000001E-02     1.000000         0.000000    
   sy_h_flat51    2.7228705999999998E-02     1.000000         0.000000    
    sy_h_flat6    8.8369129000000005E-03     1.000000         0.000000    
    sy_h_flat7    3.2711947999999998E-02     1.000000         0.000000    
    sy_h_flat8    0.1098682000000000         1.000000         0.000000    
   sy_h_flat89    3.8258420000000001E-02     1.000000         0.000000    
    sy_h_flat9    2.6476221000000001E-02     1.000000         0.000000    
     sy_hill11    8.7235722999999994E-03     1.000000         0.000000    
     sy_hill12    8.0437779999999997E-03     1.000000         0.000000    
     sy_hill13    9.0621069000000002E-03     1.000000         0.000000    
     sy_mang16    1.0491472999999999E-02     1.000000         0.000000    
     sy_mang17    1.8401705000000001E-02     1.000000         0.000000    
     sy_mang18    3.7195501999999999E-03     1.000000         0.000000    
     sy_mang19    3.2093175999999999E-03     1.000000         0.000000    
     sy_mang20    1.0697358000000001E-02     1.000000         0.000000    
     sy_mang21    8.9256266000000001E-03     1.000000         0.000000    
     sy_mang22    9.8519145999999991E-03     1.000000         0.000000    
    sy_riv_g23    1.2534821999999999E-02     1.000000         0.000000    
    sy_riv_g24    1.0465877000000000E-02     1.000000         0.000000    
    sy_riv_g25    2.9654176000000001E-02     1.000000         0.000000    
    sy_riv_g26    2.4034090000000001E-02     1.000000         0.000000    
    sy_riv_g27    9.7016584999999999E-03     1.000000         0.000000    
    sy_riv_g28    9.2554561999999996E-03     1.000000         0.000000    
    sy_riv_g29    1.0181041000000000E-02     1.000000         0.000000    
    sy_riv_g30    1.1369855000000000E-02     1.000000         0.000000    
    sy_riv_g60    1.0696671000000000E-02     1.000000         0.000000    
    sy_riv_g61    1.1572460000000000E-02     1.000000         0.000000    
    sy_riv_g62    1.6301033999999999E-02     1.000000         0.000000    
    sy_riv_g63    1.0719078000000000E-02     1.000000         0.000000    
    sy_sandy31    1.0153149000000000E-02     1.000000         0.000000    
    sy_sandy32    1.0118142000000000E-02     1.000000         0.000000    
    sy_sandy70    1.1069307000000000E-02     1.000000         0.000000    
    sy_sandy71    1.0264850000000001E-02     1.000000         0.000000    
  sy_ss_mor_l0    9.9143280999999998E-05     1.000000         0.000000    
  sy_ss_mor_l1    1.2472009999999999E-04     1.000000         0.000000    
    sy_ss_rest    5.9139090999999996E-04     1.000000         0.000000    
  sy_sy_mor_l0    1.3584242000000000E-02     1.000000         0.000000    
  sy_sy_mor_l1    9.9964125999999994E-04     1.000000         0.000000    
      sy_ter14    1.0232030000000000E-02     1.000000         0.000000    
      sy_ter15    7.1793012000000000E-03     1.000000         0.000000    
      sy_ter33    1.1222787999999999E-02     1.000000         0.000000    
      sy_ter34    7.4824560999999998E-02     1.000000         0.000000    
      sy_ter35    3.9902044999999997E-02     1.000000         0.000000    
      sy_ter36    2.2488642999999999E-02     1.000000         0.000000    
      sy_ter37    2.3886997000000000E-02     1.000000         0.000000    
      sy_ter38    7.7179970000000001E-02     1.000000         0.000000    
      sy_ter39    2.6331672000000000E-02     1.000000         0.000000    
      sy_ter80    2.5013964000000000E-02     1.000000         0.000000    
      sy_ter81    2.2978624000000000E-02     1.000000         0.000000    
      sy_ter82    9.7554931000000001E-03     1.000000         0.000000    
      sy_ter83    1.2045623000000000E-02     1.000000         0.000000    
      sy_ter84    9.9196970999999995E-03     1.000000         0.000000    
      sy_ter85    7.1625884000000001E-02     1.000000         0.000000    
      sy_ter86    1.1337771999999999E-02     1.000000         0.000000    
      sy_ter87    1.7255287000000001E-02     1.000000         0.000000    
      sy_ter88    1.2237006000000000E-02     1.000000         0.000000    
