  single point
     hill_main     1.027145400000000         1.000000         0.000000    
     hill_mang    0.9175516300000000         1.000000         0.000000    
       hill_se     1.181284900000000         1.000000         0.000000    
    kh_h_flat1     76.39947900000000         1.000000         0.000000    
   kh_h_flat10     509.7292200000000         1.000000         0.000000    
    kh_h_flat2     94.36421799999999         1.000000         0.000000    
    kh_h_flat3     386.4791300000000         1.000000         0.000000    
    kh_h_flat4     61.00068300000000         1.000000         0.000000    
   kh_h_flat45     470.2702000000000         1.000000         0.000000    
   kh_h_flat46     60.44280500000000         1.000000         0.000000    
    kh_h_flat5     1000.000000000000         1.000000         0.000000    
   kh_h_flat51     1000.000000000000         1.000000         0.000000    
    kh_h_flat6     544.0888900000000         1.000000         0.000000    
    kh_h_flat7     1000.000000000000         1.000000         0.000000    
    kh_h_flat8     1000.000000000000         1.000000         0.000000    
   kh_h_flat89     281.4369800000000         1.000000         0.000000    
    kh_h_flat9     1000.000000000000         1.000000         0.000000    
     kh_hill11     304.9646100000000         1.000000         0.000000    
     kh_hill12     372.1586000000000         1.000000         0.000000    
     kh_hill13     307.4670600000000         1.000000         0.000000    
       kh_lake     348.9919800000000         1.000000         0.000000    
     kh_mang16     28.79020300000000         1.000000         0.000000    
     kh_mang17     274.0458000000000         1.000000         0.000000    
     kh_mang18     143.9131400000000         1.000000         0.000000    
     kh_mang19     149.0156700000000         1.000000         0.000000    
     kh_mang20     190.5854500000000         1.000000         0.000000    
     kh_mang21     215.8842300000000         1.000000         0.000000    
     kh_mang22     200.4547000000000         1.000000         0.000000    
     kh_mor_l0     1000.000000000000         1.000000         0.000000    
     kh_mor_l1    1.1937120000000001E-04     1.000000         0.000000    
    kh_riv_g23     49.04651800000000         1.000000         0.000000    
    kh_riv_g24     84.12463099999999         1.000000         0.000000    
    kh_riv_g25     263.1956300000000         1.000000         0.000000    
    kh_riv_g26     209.7741800000000         1.000000         0.000000    
    kh_riv_g27     122.7675200000000         1.000000         0.000000    
    kh_riv_g28     84.68075399999999         1.000000         0.000000    
    kh_riv_g29     188.4967900000000         1.000000         0.000000    
    kh_riv_g30     447.0755000000000         1.000000         0.000000    
    kh_riv_g60     85.97678399999999         1.000000         0.000000    
    kh_riv_g61     66.36062900000000         1.000000         0.000000    
    kh_riv_g62     83.31466899999999         1.000000         0.000000    
    kh_riv_g63     239.4605200000000         1.000000         0.000000    
    kh_sandy31     23.70176300000000         1.000000         0.000000    
    kh_sandy32     199.6903700000000         1.000000         0.000000    
    kh_sandy70     94.03883000000000         1.000000         0.000000    
    kh_sandy71     243.1930700000000         1.000000         0.000000    
      kh_ter14     28.71498800000000         1.000000         0.000000    
      kh_ter15     127.8019900000000         1.000000         0.000000    
      kh_ter33     162.8635900000000         1.000000         0.000000    
      kh_ter34     4.781576900000000         1.000000         0.000000    
      kh_ter35     311.0465100000000         1.000000         0.000000    
      kh_ter36     19.28150000000000         1.000000         0.000000    
      kh_ter37     31.58106800000000         1.000000         0.000000    
      kh_ter38    0.9644798400000000         1.000000         0.000000    
      kh_ter39     5.795433200000000         1.000000         0.000000    
      kh_ter80     18.42802800000000         1.000000         0.000000    
      kh_ter81     33.66688400000000         1.000000         0.000000    
      kh_ter82     54.56580900000000         1.000000         0.000000    
      kh_ter83     95.28147100000000         1.000000         0.000000    
      kh_ter84     102.6193900000000         1.000000         0.000000    
      kh_ter85     53.35568200000000         1.000000         0.000000    
      kh_ter86     31.95676000000000         1.000000         0.000000    
      kh_ter87     16.40395200000000         1.000000         0.000000    
      kh_ter88     47.33005400000000         1.000000         0.000000    
      race_all     1.117481100000000         1.000000         0.000000    
       rch_all     1.168488900000000         1.000000         0.000000    
        riv_c1     217.7763700000000         1.000000         0.000000    
     riv_gview     120.2838000000000         1.000000         0.000000    
        riv_h1     3787.963200000000         1.000000         0.000000    
        riv_h2     578.3285500000000         1.000000         0.000000    
        riv_h3     4398.001200000000         1.000000         0.000000    
      riv_john     93.13978600000000         1.000000         0.000000    
    sy_h_flat1    1.4428053000000000E-02     1.000000         0.000000    
   sy_h_flat10    1.0066283000000001E-02     1.000000         0.000000    
    sy_h_flat2    1.8320003000000001E-02     1.000000         0.000000    
    sy_h_flat3    8.7072480000000008E-03     1.000000         0.000000    
    sy_h_flat4    1.3985358000000000E-02     1.000000         0.000000    
   sy_h_flat45    1.0922664000000000E-02     1.000000         0.000000    
   sy_h_flat46    1.2861278000000000E-02     1.000000         0.000000    
    sy_h_flat5    1.2469869999999999E-02     1.000000         0.000000    
   sy_h_flat51    2.2341159999999999E-02     1.000000         0.000000    
    sy_h_flat6    9.1013957000000006E-03     1.000000         0.000000    
    sy_h_flat7    2.1678494999999999E-02     1.000000         0.000000    
    sy_h_flat8    7.2488571000000002E-02     1.000000         0.000000    
   sy_h_flat89    2.7021106999999999E-02     1.000000         0.000000    
    sy_h_flat9    2.2600535000000001E-02     1.000000         0.000000    
     sy_hill11    8.8446021999999992E-03     1.000000         0.000000    
     sy_hill12    8.2780603000000008E-03     1.000000         0.000000    
     sy_hill13    9.2610365999999996E-03     1.000000         0.000000    
     sy_mang16    1.1030270999999999E-02     1.000000         0.000000    
     sy_mang17    1.8520115000000000E-02     1.000000         0.000000    
     sy_mang18    3.5997353999999999E-03     1.000000         0.000000    
     sy_mang19    3.1341737999999999E-03     1.000000         0.000000    
     sy_mang20    1.0535711999999999E-02     1.000000         0.000000    
     sy_mang21    8.6494398000000004E-03     1.000000         0.000000    
     sy_mang22    9.8113311000000009E-03     1.000000         0.000000    
    sy_riv_g23    1.2584668000000000E-02     1.000000         0.000000    
    sy_riv_g24    1.0412169000000001E-02     1.000000         0.000000    
    sy_riv_g25    1.9079659999999998E-02     1.000000         0.000000    
    sy_riv_g26    1.8208972000000000E-02     1.000000         0.000000    
    sy_riv_g27    9.7064946000000006E-03     1.000000         0.000000    
    sy_riv_g28    9.2573850999999995E-03     1.000000         0.000000    
    sy_riv_g29    1.0116083000000000E-02     1.000000         0.000000    
    sy_riv_g30    1.1152687000000000E-02     1.000000         0.000000    
    sy_riv_g60    1.0741973000000000E-02     1.000000         0.000000    
    sy_riv_g61    1.1057394999999999E-02     1.000000         0.000000    
    sy_riv_g62    1.4526915000000000E-02     1.000000         0.000000    
    sy_riv_g63    1.0575588000000000E-02     1.000000         0.000000    
    sy_sandy31    9.6175480000000001E-03     1.000000         0.000000    
    sy_sandy32    9.7875353000000005E-03     1.000000         0.000000    
    sy_sandy70    9.7975214999999997E-03     1.000000         0.000000    
    sy_sandy71    1.0040339000000001E-02     1.000000         0.000000    
  sy_ss_mor_l0    1.0006279000000001E-04     1.000000         0.000000    
  sy_ss_mor_l1    1.2469555000000000E-04     1.000000         0.000000    
    sy_ss_rest    1.9915701000000000E-04     1.000000         0.000000    
  sy_sy_mor_l0    2.4205005000000002E-02     1.000000         0.000000    
  sy_sy_mor_l1    9.9964125999999994E-04     1.000000         0.000000    
      sy_ter14    1.0771793000000000E-02     1.000000         0.000000    
      sy_ter15    7.9076440000000001E-03     1.000000         0.000000    
      sy_ter33    1.0218748999999999E-02     1.000000         0.000000    
      sy_ter34    3.6126507000000002E-02     1.000000         0.000000    
      sy_ter35    3.4163177000000003E-02     1.000000         0.000000    
      sy_ter36    1.5972215000000001E-02     1.000000         0.000000    
      sy_ter37    1.8857024000000000E-02     1.000000         0.000000    
      sy_ter38    2.7288364999999998E-02     1.000000         0.000000    
      sy_ter39    3.3685266999999998E-02     1.000000         0.000000    
      sy_ter80    2.9794364000000000E-02     1.000000         0.000000    
      sy_ter81    1.7443784000000000E-02     1.000000         0.000000    
      sy_ter82    9.9349882999999993E-03     1.000000         0.000000    
      sy_ter83    1.0140135999999999E-02     1.000000         0.000000    
      sy_ter84    1.0086883000000000E-02     1.000000         0.000000    
      sy_ter85    4.5309491000000000E-02     1.000000         0.000000    
      sy_ter86    1.0411119000000000E-02     1.000000         0.000000    
      sy_ter87    1.2047395000000001E-02     1.000000         0.000000    
      sy_ter88    1.2609858999999999E-02     1.000000         0.000000    
