  single point
     hill_main    0.8938466100000000         1.000000         0.000000    
     hill_mang    0.8889668100000000         1.000000         0.000000    
       hill_se     1.174975500000000         1.000000         0.000000    
    kh_h_flat1     250.3640700000000         1.000000         0.000000    
   kh_h_flat10     436.8907000000000         1.000000         0.000000    
    kh_h_flat2     23.68570900000000         1.000000         0.000000    
    kh_h_flat3     450.8492200000000         1.000000         0.000000    
    kh_h_flat4     46.15024600000000         1.000000         0.000000    
   kh_h_flat45     664.6002600000000         1.000000         0.000000    
   kh_h_flat46     56.90836800000000         1.000000         0.000000    
    kh_h_flat5     1000.000000000000         1.000000         0.000000    
   kh_h_flat51     1000.000000000000         1.000000         0.000000    
    kh_h_flat6     542.0605700000000         1.000000         0.000000    
    kh_h_flat7     1000.000000000000         1.000000         0.000000    
    kh_h_flat8     1000.000000000000         1.000000         0.000000    
   kh_h_flat89     254.8759600000000         1.000000         0.000000    
    kh_h_flat9     1000.000000000000         1.000000         0.000000    
     kh_hill11     286.0118800000000         1.000000         0.000000    
     kh_hill12     353.1541700000000         1.000000         0.000000    
     kh_hill13     313.1109800000000         1.000000         0.000000    
       kh_lake     286.5526400000000         1.000000         0.000000    
     kh_mang16     64.43241999999999         1.000000         0.000000    
     kh_mang17     298.1561600000000         1.000000         0.000000    
     kh_mang18     170.4886100000000         1.000000         0.000000    
     kh_mang19     155.1834100000000         1.000000         0.000000    
     kh_mang20     192.4075900000000         1.000000         0.000000    
     kh_mang21     215.8757600000000         1.000000         0.000000    
     kh_mang22     211.5297300000000         1.000000         0.000000    
     kh_mor_l0     877.5503000000000         1.000000         0.000000    
     kh_mor_l1    1.1905064000000000E-04     1.000000         0.000000    
    kh_riv_g23     64.04936900000000         1.000000         0.000000    
    kh_riv_g24     94.92657600000000         1.000000         0.000000    
    kh_riv_g25     307.6934500000000         1.000000         0.000000    
    kh_riv_g26     194.0618600000000         1.000000         0.000000    
    kh_riv_g27     129.9237400000000         1.000000         0.000000    
    kh_riv_g28     100.9772700000000         1.000000         0.000000    
    kh_riv_g29     197.0065400000000         1.000000         0.000000    
    kh_riv_g30     425.8506100000000         1.000000         0.000000    
    kh_riv_g60     96.83006399999999         1.000000         0.000000    
    kh_riv_g61     78.53403900000001         1.000000         0.000000    
    kh_riv_g62     117.4467200000000         1.000000         0.000000    
    kh_riv_g63     273.4047500000000         1.000000         0.000000    
    kh_sandy31     24.95252800000000         1.000000         0.000000    
    kh_sandy32     200.2924200000000         1.000000         0.000000    
    kh_sandy70     96.93901099999999         1.000000         0.000000    
    kh_sandy71     242.4788600000000         1.000000         0.000000    
      kh_ter14     28.58645000000000         1.000000         0.000000    
      kh_ter15     129.9104900000000         1.000000         0.000000    
      kh_ter33     159.2677700000000         1.000000         0.000000    
      kh_ter34     14.31296900000000         1.000000         0.000000    
      kh_ter35     459.8169000000000         1.000000         0.000000    
      kh_ter36     21.95782700000000         1.000000         0.000000    
      kh_ter37     36.62781800000000         1.000000         0.000000    
      kh_ter38     2.298759200000000         1.000000         0.000000    
      kh_ter39     7.330099400000000         1.000000         0.000000    
      kh_ter80     33.43869300000000         1.000000         0.000000    
      kh_ter81     60.23281000000000         1.000000         0.000000    
      kh_ter82     56.90460600000000         1.000000         0.000000    
      kh_ter83     88.68414400000000         1.000000         0.000000    
      kh_ter84     114.8151900000000         1.000000         0.000000    
      kh_ter85     59.30686900000000         1.000000         0.000000    
      kh_ter86     31.78249900000000         1.000000         0.000000    
      kh_ter87     26.28130000000000         1.000000         0.000000    
      kh_ter88     51.59972600000000         1.000000         0.000000    
      race_all    0.9280997900000000         1.000000         0.000000    
       rch_all     1.081415800000000         1.000000         0.000000    
        riv_c1     402.6948300000000         1.000000         0.000000    
     riv_gview     116.8195400000000         1.000000         0.000000    
        riv_h1     4451.081900000000         1.000000         0.000000    
        riv_h2     536.4225400000000         1.000000         0.000000    
        riv_h3     3972.070500000000         1.000000         0.000000    
      riv_john     93.02417000000000         1.000000         0.000000    
    sy_h_flat1    1.3993644000000000E-02     1.000000         0.000000    
   sy_h_flat10    1.0049030000000000E-02     1.000000         0.000000    
    sy_h_flat2    1.6476860999999999E-02     1.000000         0.000000    
    sy_h_flat3    8.6701804999999993E-03     1.000000         0.000000    
    sy_h_flat4    1.3717406000000000E-02     1.000000         0.000000    
   sy_h_flat45    1.0881907000000000E-02     1.000000         0.000000    
   sy_h_flat46    1.2671579000000001E-02     1.000000         0.000000    
    sy_h_flat5    1.2359821000000000E-02     1.000000         0.000000    
   sy_h_flat51    1.9632828000000001E-02     1.000000         0.000000    
    sy_h_flat6    9.1238581999999995E-03     1.000000         0.000000    
    sy_h_flat7    2.0681598999999998E-02     1.000000         0.000000    
    sy_h_flat8    6.5229413999999999E-02     1.000000         0.000000    
   sy_h_flat89    2.3436506999999999E-02     1.000000         0.000000    
    sy_h_flat9    1.8348078000000000E-02     1.000000         0.000000    
     sy_hill11    8.8527002000000007E-03     1.000000         0.000000    
     sy_hill12    8.3089831000000003E-03     1.000000         0.000000    
     sy_hill13    9.2870638999999998E-03     1.000000         0.000000    
     sy_mang16    1.0831705000000000E-02     1.000000         0.000000    
     sy_mang17    1.7341952000000001E-02     1.000000         0.000000    
     sy_mang18    3.4591525999999998E-03     1.000000         0.000000    
     sy_mang19    2.9849033999999998E-03     1.000000         0.000000    
     sy_mang20    9.9414090000000000E-03     1.000000         0.000000    
     sy_mang21    8.2284300000000001E-03     1.000000         0.000000    
     sy_mang22    9.7252187999999993E-03     1.000000         0.000000    
    sy_riv_g23    1.2570998999999999E-02     1.000000         0.000000    
    sy_riv_g24    1.0404113000000000E-02     1.000000         0.000000    
    sy_riv_g25    1.9037815999999999E-02     1.000000         0.000000    
    sy_riv_g26    1.8211284000000001E-02     1.000000         0.000000    
    sy_riv_g27    9.6987693000000000E-03     1.000000         0.000000    
    sy_riv_g28    9.2425735000000002E-03     1.000000         0.000000    
    sy_riv_g29    1.0129940000000000E-02     1.000000         0.000000    
    sy_riv_g30    1.1148079000000000E-02     1.000000         0.000000    
    sy_riv_g60    1.0767070000000000E-02     1.000000         0.000000    
    sy_riv_g61    1.1048135000000001E-02     1.000000         0.000000    
    sy_riv_g62    1.4364942000000000E-02     1.000000         0.000000    
    sy_riv_g63    1.0559707000000000E-02     1.000000         0.000000    
    sy_sandy31    9.6047796000000001E-03     1.000000         0.000000    
    sy_sandy32    9.7904810999999998E-03     1.000000         0.000000    
    sy_sandy70    9.7619529000000007E-03     1.000000         0.000000    
    sy_sandy71    1.0018569000000000E-02     1.000000         0.000000    
  sy_ss_mor_l0    1.0007704000000000E-04     1.000000         0.000000    
  sy_ss_mor_l1    1.2462247999999999E-04     1.000000         0.000000    
    sy_ss_rest    1.4892276999999999E-04     1.000000         0.000000    
  sy_sy_mor_l0    2.4152763000000001E-02     1.000000         0.000000    
  sy_sy_mor_l1    9.9964125999999994E-04     1.000000         0.000000    
      sy_ter14    1.0793575000000000E-02     1.000000         0.000000    
      sy_ter15    7.9368440999999998E-03     1.000000         0.000000    
      sy_ter33    1.0169239000000000E-02     1.000000         0.000000    
      sy_ter34    3.1965779000000000E-02     1.000000         0.000000    
      sy_ter35    3.2669999999999998E-02     1.000000         0.000000    
      sy_ter36    1.5595184999999999E-02     1.000000         0.000000    
      sy_ter37    1.8551142000000000E-02     1.000000         0.000000    
      sy_ter38    2.2360201000000000E-02     1.000000         0.000000    
      sy_ter39    3.3998243999999997E-02     1.000000         0.000000    
      sy_ter80    2.9337647000000001E-02     1.000000         0.000000    
      sy_ter81    1.6741303999999999E-02     1.000000         0.000000    
      sy_ter82    9.9472304999999994E-03     1.000000         0.000000    
      sy_ter83    9.8008370999999993E-03     1.000000         0.000000    
      sy_ter84    1.0085899000000001E-02     1.000000         0.000000    
      sy_ter85    4.2584446999999997E-02     1.000000         0.000000    
      sy_ter86    1.0355707000000000E-02     1.000000         0.000000    
      sy_ter87    1.0361228000000000E-02     1.000000         0.000000    
      sy_ter88    1.2600864999999999E-02     1.000000         0.000000    
