  single point
     hill_main     1.086261700000000         1.000000         0.000000    
     hill_mang     1.097017100000000         1.000000         0.000000    
       hill_se     1.200000000000000         1.000000         0.000000    
    kh_h_flat1     122.2170700000000         1.000000         0.000000    
   kh_h_flat10     819.8495900000000         1.000000         0.000000    
    kh_h_flat2     158.3705100000000         1.000000         0.000000    
    kh_h_flat3     870.7803500000000         1.000000         0.000000    
    kh_h_flat4     76.62061700000000         1.000000         0.000000    
   kh_h_flat45     786.7640100000000         1.000000         0.000000    
   kh_h_flat46     22.00578200000000         1.000000         0.000000    
    kh_h_flat5     1000.000000000000         1.000000         0.000000    
   kh_h_flat51     551.9507400000000         1.000000         0.000000    
    kh_h_flat6     616.3558399999999         1.000000         0.000000    
    kh_h_flat7     1000.000000000000         1.000000         0.000000    
    kh_h_flat8     1000.000000000000         1.000000         0.000000    
   kh_h_flat89     55.53610600000000         1.000000         0.000000    
    kh_h_flat9     957.6956100000000         1.000000         0.000000    
     kh_hill11     321.0390700000000         1.000000         0.000000    
     kh_hill12     433.3815900000000         1.000000         0.000000    
     kh_hill13     299.2580600000000         1.000000         0.000000    
       kh_lake     313.5994000000000         1.000000         0.000000    
     kh_mang16     10.28172100000000         1.000000         0.000000    
     kh_mang17     76.14550000000000         1.000000         0.000000    
     kh_mang18     46.94051400000000         1.000000         0.000000    
     kh_mang19     81.45256900000000         1.000000         0.000000    
     kh_mang20     174.8428500000000         1.000000         0.000000    
     kh_mang21     218.6440400000000         1.000000         0.000000    
     kh_mang22     165.8307100000000         1.000000         0.000000    
     kh_mor_l0     519.7189100000001         1.000000         0.000000    
     kh_mor_l1    1.2219047000000001E-04     1.000000         0.000000    
    kh_riv_g23     34.25175900000000         1.000000         0.000000    
    kh_riv_g24     52.52324200000000         1.000000         0.000000    
    kh_riv_g25     196.6063500000000         1.000000         0.000000    
    kh_riv_g26     199.9652300000000         1.000000         0.000000    
    kh_riv_g27     90.91477399999999         1.000000         0.000000    
    kh_riv_g28     56.48456000000000         1.000000         0.000000    
    kh_riv_g29     247.8194200000000         1.000000         0.000000    
    kh_riv_g30     589.1134000000000         1.000000         0.000000    
    kh_riv_g60     65.71960400000000         1.000000         0.000000    
    kh_riv_g61     45.95032900000000         1.000000         0.000000    
    kh_riv_g62     75.81639300000001         1.000000         0.000000    
    kh_riv_g63     205.8417400000000         1.000000         0.000000    
    kh_sandy31     10.01539800000000         1.000000         0.000000    
    kh_sandy32     182.3763500000000         1.000000         0.000000    
    kh_sandy70     59.45781500000000         1.000000         0.000000    
    kh_sandy71     243.9928000000000         1.000000         0.000000    
      kh_ter14     25.97994500000000         1.000000         0.000000    
      kh_ter15     149.9131700000000         1.000000         0.000000    
      kh_ter33     160.2062000000000         1.000000         0.000000    
      kh_ter34     3.895411600000000         1.000000         0.000000    
      kh_ter35     257.4158600000000         1.000000         0.000000    
      kh_ter36     13.12442200000000         1.000000         0.000000    
      kh_ter37     23.22150000000000         1.000000         0.000000    
      kh_ter38    0.4513634800000000         1.000000         0.000000    
      kh_ter39     2.851842400000000         1.000000         0.000000    
      kh_ter80     12.84293600000000         1.000000         0.000000    
      kh_ter81     25.24451900000000         1.000000         0.000000    
      kh_ter82     58.70972200000000         1.000000         0.000000    
      kh_ter83     93.04640300000000         1.000000         0.000000    
      kh_ter84     120.4488200000000         1.000000         0.000000    
      kh_ter85     38.11358300000000         1.000000         0.000000    
      kh_ter86     29.40030200000000         1.000000         0.000000    
      kh_ter87     11.05859600000000         1.000000         0.000000    
      kh_ter88     42.65882100000000         1.000000         0.000000    
      race_all     1.200000000000000         1.000000         0.000000    
       rch_all    0.5000000000000000         1.000000         0.000000    
        riv_c1     136.1716000000000         1.000000         0.000000    
     riv_gview     101.2245900000000         1.000000         0.000000    
        riv_h1     2802.639600000000         1.000000         0.000000    
        riv_h2     606.8021800000000         1.000000         0.000000    
        riv_h3     4710.034600000000         1.000000         0.000000    
      riv_john     92.65094200000000         1.000000         0.000000    
    sy_h_flat1    1.5133420999999999E-02     1.000000         0.000000    
   sy_h_flat10    1.0080601000000000E-02     1.000000         0.000000    
    sy_h_flat2    2.5991431999999998E-02     1.000000         0.000000    
    sy_h_flat3    8.8355484000000005E-03     1.000000         0.000000    
    sy_h_flat4    1.4794959000000000E-02     1.000000         0.000000    
   sy_h_flat45    1.1229049000000000E-02     1.000000         0.000000    
   sy_h_flat46    1.4283677000000000E-02     1.000000         0.000000    
    sy_h_flat5    1.2718218000000000E-02     1.000000         0.000000    
   sy_h_flat51    2.4835882000000000E-02     1.000000         0.000000    
    sy_h_flat6    9.0137920999999992E-03     1.000000         0.000000    
    sy_h_flat7    2.7358829000000001E-02     1.000000         0.000000    
    sy_h_flat8    0.1271114600000000         1.000000         0.000000    
   sy_h_flat89    3.8472270000000003E-02     1.000000         0.000000    
    sy_h_flat9    2.8626746000000002E-02     1.000000         0.000000    
     sy_hill11    8.7130647000000002E-03     1.000000         0.000000    
     sy_hill12    8.2126330000000004E-03     1.000000         0.000000    
     sy_hill13    9.1635443999999993E-03     1.000000         0.000000    
     sy_mang16    1.0959693000000000E-02     1.000000         0.000000    
     sy_mang17    1.9319230000000000E-02     1.000000         0.000000    
     sy_mang18    3.7640144000000001E-03     1.000000         0.000000    
     sy_mang19    3.3493845000000001E-03     1.000000         0.000000    
     sy_mang20    1.0673913000000000E-02     1.000000         0.000000    
     sy_mang21    9.2611627000000005E-03     1.000000         0.000000    
     sy_mang22    9.9139242000000002E-03     1.000000         0.000000    
    sy_riv_g23    1.2860890999999999E-02     1.000000         0.000000    
    sy_riv_g24    1.0542351000000000E-02     1.000000         0.000000    
    sy_riv_g25    1.9675211000000001E-02     1.000000         0.000000    
    sy_riv_g26    1.8557377999999999E-02     1.000000         0.000000    
    sy_riv_g27    9.7165687000000008E-03     1.000000         0.000000    
    sy_riv_g28    9.2569731999999991E-03     1.000000         0.000000    
    sy_riv_g29    1.0218662999999999E-02     1.000000         0.000000    
    sy_riv_g30    1.1255803999999999E-02     1.000000         0.000000    
    sy_riv_g60    1.0789157000000001E-02     1.000000         0.000000    
    sy_riv_g61    1.1478861999999999E-02     1.000000         0.000000    
    sy_riv_g62    1.6375753999999999E-02     1.000000         0.000000    
    sy_riv_g63    1.0966830000000000E-02     1.000000         0.000000    
    sy_sandy31    9.8795153000000007E-03     1.000000         0.000000    
    sy_sandy32    9.8570779000000004E-03     1.000000         0.000000    
    sy_sandy70    1.0328934999999999E-02     1.000000         0.000000    
    sy_sandy71    1.0059475000000000E-02     1.000000         0.000000    
  sy_ss_mor_l0    9.9900549000000004E-05     1.000000         0.000000    
  sy_ss_mor_l1    1.2542165000000000E-04     1.000000         0.000000    
    sy_ss_rest    5.5399838999999995E-04     1.000000         0.000000    
  sy_sy_mor_l0    2.2182462999999999E-02     1.000000         0.000000    
  sy_sy_mor_l1    9.9964125999999994E-04     1.000000         0.000000    
      sy_ter14    1.0346941000000000E-02     1.000000         0.000000    
      sy_ter15    7.6497848999999996E-03     1.000000         0.000000    
      sy_ter33    1.0957115000000000E-02     1.000000         0.000000    
      sy_ter34    5.6918101999999998E-02     1.000000         0.000000    
      sy_ter35    4.5449521000000000E-02     1.000000         0.000000    
      sy_ter36    2.0152300000000001E-02     1.000000         0.000000    
      sy_ter37    2.1838765999999999E-02     1.000000         0.000000    
      sy_ter38    6.2339565000000000E-02     1.000000         0.000000    
      sy_ter39    2.9388684000000002E-02     1.000000         0.000000    
      sy_ter80    2.9363218000000000E-02     1.000000         0.000000    
      sy_ter81    2.1405179999999999E-02     1.000000         0.000000    
      sy_ter82    9.9070015000000001E-03     1.000000         0.000000    
      sy_ter83    1.1721066000000000E-02     1.000000         0.000000    
      sy_ter84    1.0129437999999999E-02     1.000000         0.000000    
      sy_ter85    7.0380136999999995E-02     1.000000         0.000000    
      sy_ter86    1.0940896000000000E-02     1.000000         0.000000    
      sy_ter87    1.9609069999999999E-02     1.000000         0.000000    
      sy_ter88    1.2695919999999999E-02     1.000000         0.000000    
