  single point
     hill_main     1.200000000000000         1.000000         0.000000    
     hill_mang     1.200000000000000         1.000000         0.000000    
       hill_se     1.200000000000000         1.000000         0.000000    
    kh_h_flat1     5.147206200000000         1.000000         0.000000    
   kh_h_flat10     33.10427400000000         1.000000         0.000000    
    kh_h_flat2     37.24448800000000         1.000000         0.000000    
    kh_h_flat3     159.9781400000000         1.000000         0.000000    
    kh_h_flat4     1000.000000000000         1.000000         0.000000    
   kh_h_flat45     676.9936100000000         1.000000         0.000000    
   kh_h_flat46     1000.000000000000         1.000000         0.000000    
    kh_h_flat5     1000.000000000000         1.000000         0.000000    
   kh_h_flat51     1000.000000000000         1.000000         0.000000    
    kh_h_flat6    0.2452154300000000         1.000000         0.000000    
    kh_h_flat7     1000.000000000000         1.000000         0.000000    
    kh_h_flat8     1000.000000000000         1.000000         0.000000    
   kh_h_flat89     1000.000000000000         1.000000         0.000000    
    kh_h_flat9     153.4952600000000         1.000000         0.000000    
     kh_hill11    1.0000000000000000E-02     1.000000         0.000000    
     kh_hill12    0.8686737300000000         1.000000         0.000000    
     kh_hill13     63.55479900000000         1.000000         0.000000    
       kh_lake     25.14991900000000         1.000000         0.000000    
     kh_mang16     7.719683800000000         1.000000         0.000000    
     kh_mang17     1000.000000000000         1.000000         0.000000    
     kh_mang18     164.8204800000000         1.000000         0.000000    
     kh_mang19    1.0000000000000000E-02     1.000000         0.000000    
     kh_mang20     242.3040800000000         1.000000         0.000000    
     kh_mang21     21.08990700000000         1.000000         0.000000    
     kh_mang22    0.1668999600000000         1.000000         0.000000    
     kh_mor_l0     1000.000000000000         1.000000         0.000000    
     kh_mor_l1    0.1200494200000000         1.000000         0.000000    
    kh_riv_g23     1.063394900000000         1.000000         0.000000    
    kh_riv_g24    6.0920715000000000E-02     1.000000         0.000000    
    kh_riv_g25     62.53466300000000         1.000000         0.000000    
    kh_riv_g26     113.9572600000000         1.000000         0.000000    
    kh_riv_g27    2.1509526000000001E-02     1.000000         0.000000    
    kh_riv_g28     72.17270200000000         1.000000         0.000000    
    kh_riv_g29     281.9100600000000         1.000000         0.000000    
    kh_riv_g30     1000.000000000000         1.000000         0.000000    
    kh_riv_g60     1000.000000000000         1.000000         0.000000    
    kh_riv_g61     152.6664200000000         1.000000         0.000000    
    kh_riv_g62     212.2451100000000         1.000000         0.000000    
    kh_riv_g63    1.0000000000000000E-02     1.000000         0.000000    
    kh_sandy31     61.24188700000000         1.000000         0.000000    
    kh_sandy32     7.434848000000000         1.000000         0.000000    
    kh_sandy70     5.491832400000000         1.000000         0.000000    
    kh_sandy71    4.1093735999999999E-02     1.000000         0.000000    
      kh_ter14    0.4342503100000000         1.000000         0.000000    
      kh_ter15     295.2589600000000         1.000000         0.000000    
      kh_ter33     1000.000000000000         1.000000         0.000000    
      kh_ter34     1000.000000000000         1.000000         0.000000    
      kh_ter35     1000.000000000000         1.000000         0.000000    
      kh_ter36     97.08221399999999         1.000000         0.000000    
      kh_ter37     93.95026600000000         1.000000         0.000000    
      kh_ter38    1.0000000000000000E-02     1.000000         0.000000    
      kh_ter39    0.1355648600000000         1.000000         0.000000    
      kh_ter80     1000.000000000000         1.000000         0.000000    
      kh_ter81     143.3280000000000         1.000000         0.000000    
      kh_ter82     262.9996100000000         1.000000         0.000000    
      kh_ter83    1.0000000000000000E-02     1.000000         0.000000    
      kh_ter84     1000.000000000000         1.000000         0.000000    
      kh_ter85    0.8672326500000000         1.000000         0.000000    
      kh_ter86     2.220027800000000         1.000000         0.000000    
      kh_ter87    1.0000000000000000E-02     1.000000         0.000000    
      kh_ter88     191.6442900000000         1.000000         0.000000    
      race_all     1.200000000000000         1.000000         0.000000    
       rch_all    0.5000000000000000         1.000000         0.000000    
        riv_c1     1088.192600000000         1.000000         0.000000    
     riv_gview     50.00000000000000         1.000000         0.000000    
        riv_h1     773.4766700000000         1.000000         0.000000    
        riv_h2     1241.928600000000         1.000000         0.000000    
        riv_h3     3317.775900000000         1.000000         0.000000    
      riv_john     50.00000000000000         1.000000         0.000000    
    sy_h_flat1    1.0000000000000000E-04     1.000000         0.000000    
   sy_h_flat10    0.3000000000000000         1.000000         0.000000    
    sy_h_flat2    0.3000000000000000         1.000000         0.000000    
    sy_h_flat3    1.4544130000000001E-03     1.000000         0.000000    
    sy_h_flat4    0.3000000000000000         1.000000         0.000000    
   sy_h_flat45    0.1796081200000000         1.000000         0.000000    
   sy_h_flat46    1.0000000000000000E-04     1.000000         0.000000    
    sy_h_flat5    1.8123718000000001E-04     1.000000         0.000000    
   sy_h_flat51    4.8202447000000002E-03     1.000000         0.000000    
    sy_h_flat6    2.1225775999999998E-03     1.000000         0.000000    
    sy_h_flat7    0.1155062300000000         1.000000         0.000000    
    sy_h_flat8    6.5024777000000006E-02     1.000000         0.000000    
   sy_h_flat89    0.3000000000000000         1.000000         0.000000    
    sy_h_flat9    0.3000000000000000         1.000000         0.000000    
     sy_hill11    1.0000000000000000E-04     1.000000         0.000000    
     sy_hill12    1.2583490000000000E-03     1.000000         0.000000    
     sy_hill13    2.2893787000000001E-03     1.000000         0.000000    
     sy_mang16    4.9879096999999997E-02     1.000000         0.000000    
     sy_mang17    3.8071066000000001E-02     1.000000         0.000000    
     sy_mang18    0.3000000000000000         1.000000         0.000000    
     sy_mang19    7.8735746000000006E-03     1.000000         0.000000    
     sy_mang20    8.2232172000000006E-02     1.000000         0.000000    
     sy_mang21    1.4636741999999999E-02     1.000000         0.000000    
     sy_mang22    2.0496878000000000E-03     1.000000         0.000000    
    sy_riv_g23    1.0033457999999999E-03     1.000000         0.000000    
    sy_riv_g24    1.6359788000000000E-02     1.000000         0.000000    
    sy_riv_g25    0.3000000000000000         1.000000         0.000000    
    sy_riv_g26    0.3000000000000000         1.000000         0.000000    
    sy_riv_g27    1.6486033999999999E-03     1.000000         0.000000    
    sy_riv_g28    6.1880670000000002E-03     1.000000         0.000000    
    sy_riv_g29    1.9294092000000001E-03     1.000000         0.000000    
    sy_riv_g30    0.3000000000000000         1.000000         0.000000    
    sy_riv_g60    3.4215927000000000E-03     1.000000         0.000000    
    sy_riv_g61    3.5746210000000000E-02     1.000000         0.000000    
    sy_riv_g62    0.1868051800000000         1.000000         0.000000    
    sy_riv_g63    1.0951730000000000E-02     1.000000         0.000000    
    sy_sandy31    1.1434029000000001E-03     1.000000         0.000000    
    sy_sandy32    9.4828859999999994E-03     1.000000         0.000000    
    sy_sandy70    1.1260336000000000E-03     1.000000         0.000000    
    sy_sandy71    8.5677862999999996E-03     1.000000         0.000000    
  sy_ss_mor_l0    8.4842413000000002E-05     1.000000         0.000000    
  sy_ss_mor_l1    5.2604721000000000E-04     1.000000         0.000000    
    sy_ss_rest    4.0896105999999999E-05     1.000000         0.000000    
  sy_sy_mor_l0    0.1050834200000000         1.000000         0.000000    
  sy_sy_mor_l1    9.9999235999999997E-04     1.000000         0.000000    
      sy_ter14    1.0424119000000001E-02     1.000000         0.000000    
      sy_ter15    1.1250450000000000E-04     1.000000         0.000000    
      sy_ter33    0.3000000000000000         1.000000         0.000000    
      sy_ter34    0.3000000000000000         1.000000         0.000000    
      sy_ter35    7.7289943000000000E-02     1.000000         0.000000    
      sy_ter36    0.1515894800000000         1.000000         0.000000    
      sy_ter37    0.3000000000000000         1.000000         0.000000    
      sy_ter38    0.3000000000000000         1.000000         0.000000    
      sy_ter39    3.1514315000000001E-02     1.000000         0.000000    
      sy_ter80    1.3530319000000001E-03     1.000000         0.000000    
      sy_ter81    0.3000000000000000         1.000000         0.000000    
      sy_ter82    3.0396969000000000E-03     1.000000         0.000000    
      sy_ter83    0.3000000000000000         1.000000         0.000000    
      sy_ter84    9.4225130000000004E-03     1.000000         0.000000    
      sy_ter85    0.1494328900000000         1.000000         0.000000    
      sy_ter86    0.3000000000000000         1.000000         0.000000    
      sy_ter87    0.3000000000000000         1.000000         0.000000    
      sy_ter88    2.8633296999999999E-02     1.000000         0.000000    
