  single point
     hill_main     1.200000000000000         1.000000         0.000000    
     hill_mang     1.200000000000000         1.000000         0.000000    
       hill_se     1.200000000000000         1.000000         0.000000    
    kh_h_flat1     5.120517200000000         1.000000         0.000000    
   kh_h_flat10     4.378891100000000         1.000000         0.000000    
    kh_h_flat2     9.273931299999999         1.000000         0.000000    
    kh_h_flat3     274.6824600000000         1.000000         0.000000    
    kh_h_flat4     1000.000000000000         1.000000         0.000000    
   kh_h_flat45     957.8992900000000         1.000000         0.000000    
   kh_h_flat46     372.9440700000000         1.000000         0.000000    
    kh_h_flat5     1000.000000000000         1.000000         0.000000    
   kh_h_flat51     1000.000000000000         1.000000         0.000000    
    kh_h_flat6     129.6772500000000         1.000000         0.000000    
    kh_h_flat7     1000.000000000000         1.000000         0.000000    
    kh_h_flat8     1000.000000000000         1.000000         0.000000    
   kh_h_flat89     1000.000000000000         1.000000         0.000000    
    kh_h_flat9     147.4390600000000         1.000000         0.000000    
     kh_hill11    0.3218343300000000         1.000000         0.000000    
     kh_hill12     437.7188700000000         1.000000         0.000000    
     kh_hill13     529.0938800000000         1.000000         0.000000    
       kh_lake     27.09142400000000         1.000000         0.000000    
     kh_mang16     8.143230100000000         1.000000         0.000000    
     kh_mang17     1000.000000000000         1.000000         0.000000    
     kh_mang18     195.3640700000000         1.000000         0.000000    
     kh_mang19    1.0000000000000000E-02     1.000000         0.000000    
     kh_mang20     385.0646300000000         1.000000         0.000000    
     kh_mang21     1000.000000000000         1.000000         0.000000    
     kh_mang22    0.6024852000000001         1.000000         0.000000    
     kh_mor_l0     1000.000000000000         1.000000         0.000000    
     kh_mor_l1    5.6142064999999998E-02     1.000000         0.000000    
    kh_riv_g23     2.106054000000000         1.000000         0.000000    
    kh_riv_g24     8.670323000000000         1.000000         0.000000    
    kh_riv_g25     125.6421600000000         1.000000         0.000000    
    kh_riv_g26     108.2101300000000         1.000000         0.000000    
    kh_riv_g27    0.2007546100000000         1.000000         0.000000    
    kh_riv_g28     60.36501400000000         1.000000         0.000000    
    kh_riv_g29     547.7715200000000         1.000000         0.000000    
    kh_riv_g30     1000.000000000000         1.000000         0.000000    
    kh_riv_g60     464.2380500000000         1.000000         0.000000    
    kh_riv_g61     18.27854100000000         1.000000         0.000000    
    kh_riv_g62     579.9506300000000         1.000000         0.000000    
    kh_riv_g63    1.0000000000000000E-02     1.000000         0.000000    
    kh_sandy31     404.1979600000000         1.000000         0.000000    
    kh_sandy32     120.6856200000000         1.000000         0.000000    
    kh_sandy70    0.7477231200000000         1.000000         0.000000    
    kh_sandy71    0.1150624300000000         1.000000         0.000000    
      kh_ter14    0.7382608800000000         1.000000         0.000000    
      kh_ter15     504.0487600000000         1.000000         0.000000    
      kh_ter33     1000.000000000000         1.000000         0.000000    
      kh_ter34     1000.000000000000         1.000000         0.000000    
      kh_ter35     1000.000000000000         1.000000         0.000000    
      kh_ter36     67.79570099999999         1.000000         0.000000    
      kh_ter37     88.69851300000001         1.000000         0.000000    
      kh_ter38    1.0000000000000000E-02     1.000000         0.000000    
      kh_ter39    0.3972178100000000         1.000000         0.000000    
      kh_ter80     28.77691600000000         1.000000         0.000000    
      kh_ter81     89.27127000000000         1.000000         0.000000    
      kh_ter82    0.4243077300000000         1.000000         0.000000    
      kh_ter83     49.76435900000000         1.000000         0.000000    
      kh_ter84     1000.000000000000         1.000000         0.000000    
      kh_ter85     2.515583600000000         1.000000         0.000000    
      kh_ter86     1.099785100000000         1.000000         0.000000    
      kh_ter87    0.1503332300000000         1.000000         0.000000    
      kh_ter88     1000.000000000000         1.000000         0.000000    
      race_all     1.200000000000000         1.000000         0.000000    
       rch_all    0.5000000000000000         1.000000         0.000000    
        riv_c1     927.8700000000000         1.000000         0.000000    
     riv_gview     50.00000000000000         1.000000         0.000000    
        riv_h1     1141.449300000000         1.000000         0.000000    
        riv_h2     985.5428300000000         1.000000         0.000000    
        riv_h3     9113.520100000000         1.000000         0.000000    
      riv_john     50.00000000000000         1.000000         0.000000    
    sy_h_flat1    1.0000000000000000E-04     1.000000         0.000000    
   sy_h_flat10    4.3761356000000001E-02     1.000000         0.000000    
    sy_h_flat2    0.3000000000000000         1.000000         0.000000    
    sy_h_flat3    2.9737022000000002E-04     1.000000         0.000000    
    sy_h_flat4    0.3000000000000000         1.000000         0.000000    
   sy_h_flat45    0.2739012000000000         1.000000         0.000000    
   sy_h_flat46    8.2010351000000000E-04     1.000000         0.000000    
    sy_h_flat5    8.1250555000000001E-04     1.000000         0.000000    
   sy_h_flat51    1.4488556000000000E-02     1.000000         0.000000    
    sy_h_flat6    5.3872915000000004E-03     1.000000         0.000000    
    sy_h_flat7    7.5731971999999995E-02     1.000000         0.000000    
    sy_h_flat8    0.2156467100000000         1.000000         0.000000    
   sy_h_flat89    0.1093889000000000         1.000000         0.000000    
    sy_h_flat9    9.1931189999999996E-02     1.000000         0.000000    
     sy_hill11    6.6315552999999996E-03     1.000000         0.000000    
     sy_hill12    1.2954633000000000E-02     1.000000         0.000000    
     sy_hill13    3.0355276999999999E-03     1.000000         0.000000    
     sy_mang16    1.5303936000000001E-03     1.000000         0.000000    
     sy_mang17    1.8229334999999999E-02     1.000000         0.000000    
     sy_mang18    0.3000000000000000         1.000000         0.000000    
     sy_mang19    7.0159870999999998E-04     1.000000         0.000000    
     sy_mang20    0.3000000000000000         1.000000         0.000000    
     sy_mang21    7.4648129999999998E-03     1.000000         0.000000    
     sy_mang22    1.3438527000000000E-03     1.000000         0.000000    
    sy_riv_g23    5.4301255999999998E-04     1.000000         0.000000    
    sy_riv_g24    1.4103255000000000E-02     1.000000         0.000000    
    sy_riv_g25    0.3000000000000000         1.000000         0.000000    
    sy_riv_g26    0.3000000000000000         1.000000         0.000000    
    sy_riv_g27    1.1957796999999999E-03     1.000000         0.000000    
    sy_riv_g28    1.7719890999999999E-04     1.000000         0.000000    
    sy_riv_g29    9.6850593000000001E-04     1.000000         0.000000    
    sy_riv_g30    8.1918320000000003E-02     1.000000         0.000000    
    sy_riv_g60    4.8282910999999998E-03     1.000000         0.000000    
    sy_riv_g61    3.8059152999999998E-02     1.000000         0.000000    
    sy_riv_g62    0.1247026800000000         1.000000         0.000000    
    sy_riv_g63    2.9663062999999998E-03     1.000000         0.000000    
    sy_sandy31    9.3608796000000001E-04     1.000000         0.000000    
    sy_sandy32    9.8221764000000003E-03     1.000000         0.000000    
    sy_sandy70    7.5427926000000000E-04     1.000000         0.000000    
    sy_sandy71    1.2963323000000001E-02     1.000000         0.000000    
  sy_ss_mor_l0    8.1248029999999994E-05     1.000000         0.000000    
  sy_ss_mor_l1    3.7596682999999997E-04     1.000000         0.000000    
    sy_ss_rest    2.7457235999999999E-06     1.000000         0.000000    
  sy_sy_mor_l0    1.2861968999999999E-02     1.000000         0.000000    
  sy_sy_mor_l1    9.9999226999999990E-04     1.000000         0.000000    
      sy_ter14    1.3077352000000000E-02     1.000000         0.000000    
      sy_ter15    2.1389485999999999E-04     1.000000         0.000000    
      sy_ter33    0.3000000000000000         1.000000         0.000000    
      sy_ter34    0.3000000000000000         1.000000         0.000000    
      sy_ter35    3.0788211999999999E-02     1.000000         0.000000    
      sy_ter36    0.1425470600000000         1.000000         0.000000    
      sy_ter37    0.3000000000000000         1.000000         0.000000    
      sy_ter38    0.3000000000000000         1.000000         0.000000    
      sy_ter39    1.2038691000000001E-02     1.000000         0.000000    
      sy_ter80    2.2594712999999999E-02     1.000000         0.000000    
      sy_ter81    0.3000000000000000         1.000000         0.000000    
      sy_ter82    4.9432206999999997E-03     1.000000         0.000000    
      sy_ter83    0.3000000000000000         1.000000         0.000000    
      sy_ter84    1.4861198000000001E-02     1.000000         0.000000    
      sy_ter85    0.1239977100000000         1.000000         0.000000    
      sy_ter86    0.1845719500000000         1.000000         0.000000    
      sy_ter87    0.3000000000000000         1.000000         0.000000    
      sy_ter88    0.1156886100000000         1.000000         0.000000    
