  single point
     hill_main    0.9434394300000000         1.000000         0.000000    
     hill_mang     1.200000000000000         1.000000         0.000000    
       hill_se     1.200000000000000         1.000000         0.000000    
    kh_h_flat1     32.10403800000000         1.000000         0.000000    
   kh_h_flat10     99.73298400000000         1.000000         0.000000    
    kh_h_flat2     7.060580500000000         1.000000         0.000000    
    kh_h_flat3     699.1141100000000         1.000000         0.000000    
    kh_h_flat4     251.1885400000000         1.000000         0.000000    
   kh_h_flat45     1000.000000000000         1.000000         0.000000    
   kh_h_flat46     48.34704600000000         1.000000         0.000000    
    kh_h_flat5     1000.000000000000         1.000000         0.000000    
   kh_h_flat51     1000.000000000000         1.000000         0.000000    
    kh_h_flat6     1000.000000000000         1.000000         0.000000    
    kh_h_flat7     1000.000000000000         1.000000         0.000000    
    kh_h_flat8     1000.000000000000         1.000000         0.000000    
   kh_h_flat89     1000.000000000000         1.000000         0.000000    
    kh_h_flat9     407.9672600000000         1.000000         0.000000    
     kh_hill11     23.45901200000000         1.000000         0.000000    
     kh_hill12     1000.000000000000         1.000000         0.000000    
     kh_hill13     487.6933600000000         1.000000         0.000000    
       kh_lake     19.29497800000000         1.000000         0.000000    
     kh_mang16     16.92501800000000         1.000000         0.000000    
     kh_mang17     1000.000000000000         1.000000         0.000000    
     kh_mang18     148.0649000000000         1.000000         0.000000    
     kh_mang19    0.4488028300000000         1.000000         0.000000    
     kh_mang20     435.7054600000000         1.000000         0.000000    
     kh_mang21     1000.000000000000         1.000000         0.000000    
     kh_mang22     3.916375300000000         1.000000         0.000000    
     kh_mor_l0     1000.000000000000         1.000000         0.000000    
     kh_mor_l1    1.3717190000000001E-02     1.000000         0.000000    
    kh_riv_g23     1.392835600000000         1.000000         0.000000    
    kh_riv_g24     51.14252000000000         1.000000         0.000000    
    kh_riv_g25     242.5401700000000         1.000000         0.000000    
    kh_riv_g26     176.3288400000000         1.000000         0.000000    
    kh_riv_g27     1.919665300000000         1.000000         0.000000    
    kh_riv_g28     110.4475700000000         1.000000         0.000000    
    kh_riv_g29     1000.000000000000         1.000000         0.000000    
    kh_riv_g30     1000.000000000000         1.000000         0.000000    
    kh_riv_g60     1000.000000000000         1.000000         0.000000    
    kh_riv_g61     12.17194100000000         1.000000         0.000000    
    kh_riv_g62     1000.000000000000         1.000000         0.000000    
    kh_riv_g63    3.3118627999999997E-02     1.000000         0.000000    
    kh_sandy31     1000.000000000000         1.000000         0.000000    
    kh_sandy32     307.6824600000000         1.000000         0.000000    
    kh_sandy70    0.6551353600000001         1.000000         0.000000    
    kh_sandy71    0.3982873300000000         1.000000         0.000000    
      kh_ter14     1.430252000000000         1.000000         0.000000    
      kh_ter15     163.0787500000000         1.000000         0.000000    
      kh_ter33     1000.000000000000         1.000000         0.000000    
      kh_ter34     1000.000000000000         1.000000         0.000000    
      kh_ter35     1000.000000000000         1.000000         0.000000    
      kh_ter36     75.32050000000000         1.000000         0.000000    
      kh_ter37     142.8749300000000         1.000000         0.000000    
      kh_ter38    1.0480476000000001E-02     1.000000         0.000000    
      kh_ter39    0.4713907700000000         1.000000         0.000000    
      kh_ter80     13.84934100000000         1.000000         0.000000    
      kh_ter81     112.3175300000000         1.000000         0.000000    
      kh_ter82     1.288668200000000         1.000000         0.000000    
      kh_ter83     26.54575100000000         1.000000         0.000000    
      kh_ter84     1000.000000000000         1.000000         0.000000    
      kh_ter85     5.678132900000000         1.000000         0.000000    
      kh_ter86     1.661005500000000         1.000000         0.000000    
      kh_ter87     4.477334100000000         1.000000         0.000000    
      kh_ter88     445.0031000000000         1.000000         0.000000    
      race_all    0.8702129600000000         1.000000         0.000000    
       rch_all    0.7383138500000000         1.000000         0.000000    
        riv_c1     1760.259700000000         1.000000         0.000000    
     riv_gview     52.66198000000000         1.000000         0.000000    
        riv_h1     1809.845700000000         1.000000         0.000000    
        riv_h2     1211.765100000000         1.000000         0.000000    
        riv_h3     6433.954400000000         1.000000         0.000000    
      riv_john     50.00000000000000         1.000000         0.000000    
    sy_h_flat1    1.2187567999999999E-03     1.000000         0.000000    
   sy_h_flat10    6.1420149000000000E-02     1.000000         0.000000    
    sy_h_flat2    0.3000000000000000         1.000000         0.000000    
    sy_h_flat3    2.4235447000000001E-04     1.000000         0.000000    
    sy_h_flat4    0.3000000000000000         1.000000         0.000000    
   sy_h_flat45    8.3026404999999998E-02     1.000000         0.000000    
   sy_h_flat46    4.4203867000000001E-02     1.000000         0.000000    
    sy_h_flat5    3.6566880000000003E-02     1.000000         0.000000    
   sy_h_flat51    0.1127223300000000         1.000000         0.000000    
    sy_h_flat6    5.8290451999999998E-03     1.000000         0.000000    
    sy_h_flat7    0.3000000000000000         1.000000         0.000000    
    sy_h_flat8    1.6507932000000001E-03     1.000000         0.000000    
   sy_h_flat89    2.4716339000000000E-02     1.000000         0.000000    
    sy_h_flat9    4.9282183000000004E-03     1.000000         0.000000    
     sy_hill11    3.4660657000000002E-03     1.000000         0.000000    
     sy_hill12    1.0111564999999999E-02     1.000000         0.000000    
     sy_hill13    4.6937408000000003E-03     1.000000         0.000000    
     sy_mang16    1.0159623999999999E-03     1.000000         0.000000    
     sy_mang17    0.1652095900000000         1.000000         0.000000    
     sy_mang18    1.6207902000000000E-02     1.000000         0.000000    
     sy_mang19    2.0364841000000000E-04     1.000000         0.000000    
     sy_mang20    2.4644302999999999E-02     1.000000         0.000000    
     sy_mang21    0.1490213900000000         1.000000         0.000000    
     sy_mang22    5.4893603000000001E-03     1.000000         0.000000    
    sy_riv_g23    7.3484736999999999E-04     1.000000         0.000000    
    sy_riv_g24    1.1267199000000000E-02     1.000000         0.000000    
    sy_riv_g25    0.3000000000000000         1.000000         0.000000    
    sy_riv_g26    0.3000000000000000         1.000000         0.000000    
    sy_riv_g27    1.6587695000000000E-03     1.000000         0.000000    
    sy_riv_g28    2.2617656000000001E-04     1.000000         0.000000    
    sy_riv_g29    1.1861533000000000E-03     1.000000         0.000000    
    sy_riv_g30    5.8970994999999998E-02     1.000000         0.000000    
    sy_riv_g60    4.5470444999999998E-03     1.000000         0.000000    
    sy_riv_g61    4.7159903000000003E-02     1.000000         0.000000    
    sy_riv_g62    4.5223492999999997E-02     1.000000         0.000000    
    sy_riv_g63    6.8713697999999998E-03     1.000000         0.000000    
    sy_sandy31    2.5527089999999998E-03     1.000000         0.000000    
    sy_sandy32    8.1194048000000005E-03     1.000000         0.000000    
    sy_sandy70    3.8614484000000001E-03     1.000000         0.000000    
    sy_sandy71    1.6249361000000000E-02     1.000000         0.000000    
  sy_ss_mor_l0    8.3594000000000000E-05     1.000000         0.000000    
  sy_ss_mor_l1    1.0000000000000000E-03     1.000000         0.000000    
    sy_ss_rest    2.5068827000000000E-06     1.000000         0.000000    
  sy_sy_mor_l0    2.7206285000000000E-02     1.000000         0.000000    
  sy_sy_mor_l1    9.9999340999999990E-04     1.000000         0.000000    
      sy_ter14    2.4604573000000001E-02     1.000000         0.000000    
      sy_ter15    8.9257539999999997E-04     1.000000         0.000000    
      sy_ter33    0.3000000000000000         1.000000         0.000000    
      sy_ter34    0.2746612800000000         1.000000         0.000000    
      sy_ter35    0.3000000000000000         1.000000         0.000000    
      sy_ter36    0.3000000000000000         1.000000         0.000000    
      sy_ter37    0.3000000000000000         1.000000         0.000000    
      sy_ter38    0.3000000000000000         1.000000         0.000000    
      sy_ter39    0.3000000000000000         1.000000         0.000000    
      sy_ter80    1.4335018999999999E-02     1.000000         0.000000    
      sy_ter81    5.5837431000000000E-02     1.000000         0.000000    
      sy_ter82    8.6494364999999997E-03     1.000000         0.000000    
      sy_ter83    8.8840489999999995E-04     1.000000         0.000000    
      sy_ter84    3.1804743000000003E-02     1.000000         0.000000    
      sy_ter85    3.1721859000000000E-03     1.000000         0.000000    
      sy_ter86    0.1148299800000000         1.000000         0.000000    
      sy_ter87    1.0000000000000000E-04     1.000000         0.000000    
      sy_ter88    0.3000000000000000         1.000000         0.000000    
