  single point
     hill_main     1.200000000000000         1.000000         0.000000    
     hill_mang     1.200000000000000         1.000000         0.000000    
       hill_se     1.200000000000000         1.000000         0.000000    
    kh_h_flat1     11.79899400000000         1.000000         0.000000    
   kh_h_flat10     10.23101100000000         1.000000         0.000000    
    kh_h_flat2     8.372319500000000         1.000000         0.000000    
    kh_h_flat3     427.9343200000000         1.000000         0.000000    
    kh_h_flat4     1000.000000000000         1.000000         0.000000    
   kh_h_flat45     1000.000000000000         1.000000         0.000000    
   kh_h_flat46     125.3166000000000         1.000000         0.000000    
    kh_h_flat5     1000.000000000000         1.000000         0.000000    
   kh_h_flat51     1000.000000000000         1.000000         0.000000    
    kh_h_flat6     953.2295000000000         1.000000         0.000000    
    kh_h_flat7     1000.000000000000         1.000000         0.000000    
    kh_h_flat8     1000.000000000000         1.000000         0.000000    
   kh_h_flat89     1000.000000000000         1.000000         0.000000    
    kh_h_flat9     268.7860300000000         1.000000         0.000000    
     kh_hill11     22.69359700000000         1.000000         0.000000    
     kh_hill12     1000.000000000000         1.000000         0.000000    
     kh_hill13     579.1138300000000         1.000000         0.000000    
       kh_lake     19.83892900000000         1.000000         0.000000    
     kh_mang16     9.553876700000000         1.000000         0.000000    
     kh_mang17     1000.000000000000         1.000000         0.000000    
     kh_mang18     239.7896800000000         1.000000         0.000000    
     kh_mang19    1.0000000000000000E-02     1.000000         0.000000    
     kh_mang20     471.4200900000000         1.000000         0.000000    
     kh_mang21     1000.000000000000         1.000000         0.000000    
     kh_mang22     1.402248300000000         1.000000         0.000000    
     kh_mor_l0     1000.000000000000         1.000000         0.000000    
     kh_mor_l1    2.7839412000000001E-02     1.000000         0.000000    
    kh_riv_g23    0.8762136300000000         1.000000         0.000000    
    kh_riv_g24     15.09122800000000         1.000000         0.000000    
    kh_riv_g25     197.1093700000000         1.000000         0.000000    
    kh_riv_g26     202.9676900000000         1.000000         0.000000    
    kh_riv_g27    0.2443144400000000         1.000000         0.000000    
    kh_riv_g28     81.99886300000000         1.000000         0.000000    
    kh_riv_g29     783.8512200000000         1.000000         0.000000    
    kh_riv_g30     1000.000000000000         1.000000         0.000000    
    kh_riv_g60     893.2356200000000         1.000000         0.000000    
    kh_riv_g61     15.42274500000000         1.000000         0.000000    
    kh_riv_g62     939.4913000000000         1.000000         0.000000    
    kh_riv_g63    1.0000000000000000E-02     1.000000         0.000000    
    kh_sandy31     391.2860000000000         1.000000         0.000000    
    kh_sandy32     125.7429800000000         1.000000         0.000000    
    kh_sandy70     1.261882200000000         1.000000         0.000000    
    kh_sandy71    0.1478251500000000         1.000000         0.000000    
      kh_ter14    0.9085028200000000         1.000000         0.000000    
      kh_ter15     422.5634200000000         1.000000         0.000000    
      kh_ter33     1000.000000000000         1.000000         0.000000    
      kh_ter34     1000.000000000000         1.000000         0.000000    
      kh_ter35     1000.000000000000         1.000000         0.000000    
      kh_ter36     79.03912099999999         1.000000         0.000000    
      kh_ter37     123.8304700000000         1.000000         0.000000    
      kh_ter38    1.0000000000000000E-02     1.000000         0.000000    
      kh_ter39    0.5157986500000000         1.000000         0.000000    
      kh_ter80     17.74300000000000         1.000000         0.000000    
      kh_ter81     94.17781200000000         1.000000         0.000000    
      kh_ter82    0.1811931400000000         1.000000         0.000000    
      kh_ter83     4.721092000000000         1.000000         0.000000    
      kh_ter84     1000.000000000000         1.000000         0.000000    
      kh_ter85     3.179125200000000         1.000000         0.000000    
      kh_ter86     1.326357600000000         1.000000         0.000000    
      kh_ter87    0.1539124500000000         1.000000         0.000000    
      kh_ter88     1000.000000000000         1.000000         0.000000    
      race_all     1.178187800000000         1.000000         0.000000    
       rch_all    0.5478398100000000         1.000000         0.000000    
        riv_c1     1373.943200000000         1.000000         0.000000    
     riv_gview     50.00000000000000         1.000000         0.000000    
        riv_h1     1321.889300000000         1.000000         0.000000    
        riv_h2     1249.030800000000         1.000000         0.000000    
        riv_h3     9762.068200000000         1.000000         0.000000    
      riv_john     50.00000000000000         1.000000         0.000000    
    sy_h_flat1    1.6359122999999999E-04     1.000000         0.000000    
   sy_h_flat10    9.8476446999999995E-02     1.000000         0.000000    
    sy_h_flat2    0.3000000000000000         1.000000         0.000000    
    sy_h_flat3    2.2044122000000000E-04     1.000000         0.000000    
    sy_h_flat4    0.3000000000000000         1.000000         0.000000    
   sy_h_flat45    0.2523127000000000         1.000000         0.000000    
   sy_h_flat46    9.9013913000000004E-04     1.000000         0.000000    
    sy_h_flat5    1.9793152999999998E-03     1.000000         0.000000    
   sy_h_flat51    0.2481099500000000         1.000000         0.000000    
    sy_h_flat6    5.3263714999999996E-03     1.000000         0.000000    
    sy_h_flat7    0.2341467900000000         1.000000         0.000000    
    sy_h_flat8    3.3025989999999998E-02     1.000000         0.000000    
   sy_h_flat89    0.1524857400000000         1.000000         0.000000    
    sy_h_flat9    1.6620508000000000E-03     1.000000         0.000000    
     sy_hill11    1.3811724000000001E-03     1.000000         0.000000    
     sy_hill12    1.0524311999999999E-02     1.000000         0.000000    
     sy_hill13    3.0011335999999998E-03     1.000000         0.000000    
     sy_mang16    9.1463377000000005E-04     1.000000         0.000000    
     sy_mang17    0.2036346800000000         1.000000         0.000000    
     sy_mang18    9.7415894000000003E-03     1.000000         0.000000    
     sy_mang19    1.6399532000000001E-03     1.000000         0.000000    
     sy_mang20    7.9343103999999998E-02     1.000000         0.000000    
     sy_mang21    8.3442273999999997E-02     1.000000         0.000000    
     sy_mang22    1.9540056000000002E-03     1.000000         0.000000    
    sy_riv_g23    5.7536076999999998E-04     1.000000         0.000000    
    sy_riv_g24    1.4210209999999999E-02     1.000000         0.000000    
    sy_riv_g25    0.3000000000000000         1.000000         0.000000    
    sy_riv_g26    0.3000000000000000         1.000000         0.000000    
    sy_riv_g27    1.3037451000000001E-03     1.000000         0.000000    
    sy_riv_g28    1.8006981999999999E-04     1.000000         0.000000    
    sy_riv_g29    9.5221176000000001E-04     1.000000         0.000000    
    sy_riv_g30    0.1619994800000000         1.000000         0.000000    
    sy_riv_g60    4.7060608999999996E-03     1.000000         0.000000    
    sy_riv_g61    3.6440906000000002E-02     1.000000         0.000000    
    sy_riv_g62    7.9409159000000007E-02     1.000000         0.000000    
    sy_riv_g63    3.4663039999999999E-03     1.000000         0.000000    
    sy_sandy31    1.1227652000000000E-03     1.000000         0.000000    
    sy_sandy32    9.4341961000000002E-03     1.000000         0.000000    
    sy_sandy70    9.3631192999999997E-04     1.000000         0.000000    
    sy_sandy71    1.4671617000000000E-02     1.000000         0.000000    
  sy_ss_mor_l0    8.0765302000000003E-05     1.000000         0.000000    
  sy_ss_mor_l1    2.7288886000000003E-04     1.000000         0.000000    
    sy_ss_rest    2.8282953999999999E-06     1.000000         0.000000    
  sy_sy_mor_l0    1.0471490000000000E-02     1.000000         0.000000    
  sy_sy_mor_l1    9.9999226999999990E-04     1.000000         0.000000    
      sy_ter14    1.2865422000000000E-02     1.000000         0.000000    
      sy_ter15    1.8892487999999999E-04     1.000000         0.000000    
      sy_ter33    0.3000000000000000         1.000000         0.000000    
      sy_ter34    0.3000000000000000         1.000000         0.000000    
      sy_ter35    0.1594764900000000         1.000000         0.000000    
      sy_ter36    0.1781445200000000         1.000000         0.000000    
      sy_ter37    0.3000000000000000         1.000000         0.000000    
      sy_ter38    0.3000000000000000         1.000000         0.000000    
      sy_ter39    1.1680451999999999E-02     1.000000         0.000000    
      sy_ter80    5.2750327000000000E-02     1.000000         0.000000    
      sy_ter81    0.3000000000000000         1.000000         0.000000    
      sy_ter82    5.8338076999999997E-03     1.000000         0.000000    
      sy_ter83    0.3000000000000000         1.000000         0.000000    
      sy_ter84    1.9624599999999999E-02     1.000000         0.000000    
      sy_ter85    2.3100360000000000E-02     1.000000         0.000000    
      sy_ter86    0.1731520000000000         1.000000         0.000000    
      sy_ter87    0.3000000000000000         1.000000         0.000000    
      sy_ter88    0.3000000000000000         1.000000         0.000000    
