  single point
     hill_main    0.8099562700000000         1.000000         0.000000    
     hill_mang     1.200000000000000         1.000000         0.000000    
       hill_se     1.200000000000000         1.000000         0.000000    
    kh_h_flat1     43.31605700000000         1.000000         0.000000    
   kh_h_flat10     188.4065300000000         1.000000         0.000000    
    kh_h_flat2     11.81296400000000         1.000000         0.000000    
    kh_h_flat3     736.3989600000000         1.000000         0.000000    
    kh_h_flat4     162.7173600000000         1.000000         0.000000    
   kh_h_flat45     1000.000000000000         1.000000         0.000000    
   kh_h_flat46     38.34059000000000         1.000000         0.000000    
    kh_h_flat5     1000.000000000000         1.000000         0.000000    
   kh_h_flat51     1000.000000000000         1.000000         0.000000    
    kh_h_flat6     1000.000000000000         1.000000         0.000000    
    kh_h_flat7     1000.000000000000         1.000000         0.000000    
    kh_h_flat8     1000.000000000000         1.000000         0.000000    
   kh_h_flat89     1000.000000000000         1.000000         0.000000    
    kh_h_flat9     402.8873300000000         1.000000         0.000000    
     kh_hill11     8.246574700000000         1.000000         0.000000    
     kh_hill12     1000.000000000000         1.000000         0.000000    
     kh_hill13     426.9566900000000         1.000000         0.000000    
       kh_lake     18.36013900000000         1.000000         0.000000    
     kh_mang16     23.92610400000000         1.000000         0.000000    
     kh_mang17     1000.000000000000         1.000000         0.000000    
     kh_mang18     63.73810300000000         1.000000         0.000000    
     kh_mang19     4.124966800000000         1.000000         0.000000    
     kh_mang20     386.9770100000000         1.000000         0.000000    
     kh_mang21     765.9507500000000         1.000000         0.000000    
     kh_mang22     8.347193100000000         1.000000         0.000000    
     kh_mor_l0     1000.000000000000         1.000000         0.000000    
     kh_mor_l1    4.5960898000000001E-04     1.000000         0.000000    
    kh_riv_g23     1.434275000000000         1.000000         0.000000    
    kh_riv_g24     117.3148500000000         1.000000         0.000000    
    kh_riv_g25     204.5357800000000         1.000000         0.000000    
    kh_riv_g26     169.5582200000000         1.000000         0.000000    
    kh_riv_g27     5.999601400000000         1.000000         0.000000    
    kh_riv_g28     127.8921900000000         1.000000         0.000000    
    kh_riv_g29     1000.000000000000         1.000000         0.000000    
    kh_riv_g30     1000.000000000000         1.000000         0.000000    
    kh_riv_g60     1000.000000000000         1.000000         0.000000    
    kh_riv_g61     5.129745900000000         1.000000         0.000000    
    kh_riv_g62     1000.000000000000         1.000000         0.000000    
    kh_riv_g63    0.2630401100000000         1.000000         0.000000    
    kh_sandy31     1000.000000000000         1.000000         0.000000    
    kh_sandy32     493.4124300000000         1.000000         0.000000    
    kh_sandy70    0.3317810200000000         1.000000         0.000000    
    kh_sandy71     3.281408900000000         1.000000         0.000000    
      kh_ter14     2.237748500000000         1.000000         0.000000    
      kh_ter15     80.10360100000000         1.000000         0.000000    
      kh_ter33     587.3824900000000         1.000000         0.000000    
      kh_ter34     1000.000000000000         1.000000         0.000000    
      kh_ter35     917.5899500000000         1.000000         0.000000    
      kh_ter36     56.62642200000000         1.000000         0.000000    
      kh_ter37     236.1978400000000         1.000000         0.000000    
      kh_ter38    3.1456842999999998E-02     1.000000         0.000000    
      kh_ter39    0.7138659300000000         1.000000         0.000000    
      kh_ter80     2.908650700000000         1.000000         0.000000    
      kh_ter81     106.0679000000000         1.000000         0.000000    
      kh_ter82     6.667848000000000         1.000000         0.000000    
      kh_ter83     12.81720400000000         1.000000         0.000000    
      kh_ter84     1000.000000000000         1.000000         0.000000    
      kh_ter85     11.81812900000000         1.000000         0.000000    
      kh_ter86     2.111370100000000         1.000000         0.000000    
      kh_ter87     30.19632900000000         1.000000         0.000000    
      kh_ter88     139.0781600000000         1.000000         0.000000    
      race_all    0.8367323200000000         1.000000         0.000000    
       rch_all    0.8158673100000000         1.000000         0.000000    
        riv_c1     1420.645600000000         1.000000         0.000000    
     riv_gview     69.14802800000000         1.000000         0.000000    
        riv_h1     2063.475600000000         1.000000         0.000000    
        riv_h2     1289.233600000000         1.000000         0.000000    
        riv_h3     2960.064700000000         1.000000         0.000000    
      riv_john     50.00000000000000         1.000000         0.000000    
    sy_h_flat1    9.4448166999999998E-04     1.000000         0.000000    
   sy_h_flat10    2.5033092999999999E-02     1.000000         0.000000    
    sy_h_flat2    0.3000000000000000         1.000000         0.000000    
    sy_h_flat3    4.2738193999999999E-04     1.000000         0.000000    
    sy_h_flat4    0.3000000000000000         1.000000         0.000000    
   sy_h_flat45    5.8781688999999998E-02     1.000000         0.000000    
   sy_h_flat46    0.1062986300000000         1.000000         0.000000    
    sy_h_flat5    2.7011878000000000E-02     1.000000         0.000000    
   sy_h_flat51    0.1297015300000000         1.000000         0.000000    
    sy_h_flat6    8.0217550999999998E-03     1.000000         0.000000    
    sy_h_flat7    0.3000000000000000         1.000000         0.000000    
    sy_h_flat8    3.5179695999999999E-04     1.000000         0.000000    
   sy_h_flat89    2.8932731000000000E-02     1.000000         0.000000    
    sy_h_flat9    3.4742314000000001E-03     1.000000         0.000000    
     sy_hill11    4.1720343999999999E-03     1.000000         0.000000    
     sy_hill12    1.1543095999999999E-02     1.000000         0.000000    
     sy_hill13    5.7712058999999996E-03     1.000000         0.000000    
     sy_mang16    9.5556456000000004E-04     1.000000         0.000000    
     sy_mang17    0.1447490300000000         1.000000         0.000000    
     sy_mang18    1.6853297000000000E-02     1.000000         0.000000    
     sy_mang19    1.5348932000000000E-04     1.000000         0.000000    
     sy_mang20    2.3688335000000001E-02     1.000000         0.000000    
     sy_mang21    0.1063949300000000         1.000000         0.000000    
     sy_mang22    7.4843478000000000E-03     1.000000         0.000000    
    sy_riv_g23    7.4110623999999996E-04     1.000000         0.000000    
    sy_riv_g24    8.6864183999999997E-03     1.000000         0.000000    
    sy_riv_g25    0.3000000000000000         1.000000         0.000000    
    sy_riv_g26    0.3000000000000000         1.000000         0.000000    
    sy_riv_g27    1.8642655000000001E-03     1.000000         0.000000    
    sy_riv_g28    2.2803411999999999E-04     1.000000         0.000000    
    sy_riv_g29    1.2359536999999999E-03     1.000000         0.000000    
    sy_riv_g30    4.9434919000000001E-02     1.000000         0.000000    
    sy_riv_g60    4.6138461000000000E-03     1.000000         0.000000    
    sy_riv_g61    2.0894821000000001E-02     1.000000         0.000000    
    sy_riv_g62    5.1979220999999999E-02     1.000000         0.000000    
    sy_riv_g63    4.9906129000000000E-03     1.000000         0.000000    
    sy_sandy31    2.8562237000000000E-03     1.000000         0.000000    
    sy_sandy32    8.3225482000000000E-03     1.000000         0.000000    
    sy_sandy70    3.9215194000000002E-03     1.000000         0.000000    
    sy_sandy71    1.5209742000000000E-02     1.000000         0.000000    
  sy_ss_mor_l0    8.4516495999999999E-05     1.000000         0.000000    
  sy_ss_mor_l1    1.0000000000000000E-03     1.000000         0.000000    
    sy_ss_rest    2.1953983999999999E-06     1.000000         0.000000    
  sy_sy_mor_l0    7.8287750000000003E-02     1.000000         0.000000    
  sy_sy_mor_l1    9.9999340999999990E-04     1.000000         0.000000    
      sy_ter14    1.6873045999999999E-02     1.000000         0.000000    
      sy_ter15    1.4916446000000001E-03     1.000000         0.000000    
      sy_ter33    7.2696747000000001E-03     1.000000         0.000000    
      sy_ter34    0.2158897300000000         1.000000         0.000000    
      sy_ter35    0.2215797200000000         1.000000         0.000000    
      sy_ter36    0.3000000000000000         1.000000         0.000000    
      sy_ter37    0.1669047300000000         1.000000         0.000000    
      sy_ter38    0.1064826500000000         1.000000         0.000000    
      sy_ter39    0.3000000000000000         1.000000         0.000000    
      sy_ter80    1.4405555000000000E-03     1.000000         0.000000    
      sy_ter81    0.2770219500000000         1.000000         0.000000    
      sy_ter82    6.7305600000000000E-03     1.000000         0.000000    
      sy_ter83    1.3947333000000001E-03     1.000000         0.000000    
      sy_ter84    1.8894438000000000E-02     1.000000         0.000000    
      sy_ter85    3.1597267000000001E-03     1.000000         0.000000    
      sy_ter86    2.3005747999999999E-02     1.000000         0.000000    
      sy_ter87    1.0000000000000000E-04     1.000000         0.000000    
      sy_ter88    0.2734340300000000         1.000000         0.000000    
