  single point
     hill_main     1.200000000000000         1.000000         0.000000    
     hill_mang     1.200000000000000         1.000000         0.000000    
       hill_se     1.200000000000000         1.000000         0.000000    
    kh_h_flat1     5.380915900000000         1.000000         0.000000    
   kh_h_flat10     75.16593300000000         1.000000         0.000000    
    kh_h_flat2     37.25907500000000         1.000000         0.000000    
    kh_h_flat3     182.2067500000000         1.000000         0.000000    
    kh_h_flat4     1000.000000000000         1.000000         0.000000    
   kh_h_flat45     655.0517300000000         1.000000         0.000000    
   kh_h_flat46     1000.000000000000         1.000000         0.000000    
    kh_h_flat5     1000.000000000000         1.000000         0.000000    
   kh_h_flat51     1000.000000000000         1.000000         0.000000    
    kh_h_flat6    0.4616516100000000         1.000000         0.000000    
    kh_h_flat7     1000.000000000000         1.000000         0.000000    
    kh_h_flat8     1000.000000000000         1.000000         0.000000    
   kh_h_flat89     1000.000000000000         1.000000         0.000000    
    kh_h_flat9     82.10849500000000         1.000000         0.000000    
     kh_hill11    1.8138184000000002E-02     1.000000         0.000000    
     kh_hill12     4.732429500000000         1.000000         0.000000    
     kh_hill13     111.0092200000000         1.000000         0.000000    
       kh_lake     26.46835400000000         1.000000         0.000000    
     kh_mang16     8.538817000000000         1.000000         0.000000    
     kh_mang17     1000.000000000000         1.000000         0.000000    
     kh_mang18     93.05233800000001         1.000000         0.000000    
     kh_mang19    1.0000000000000000E-02     1.000000         0.000000    
     kh_mang20     396.9951900000000         1.000000         0.000000    
     kh_mang21     56.63063100000000         1.000000         0.000000    
     kh_mang22    0.4657982600000000         1.000000         0.000000    
     kh_mor_l0     1000.000000000000         1.000000         0.000000    
     kh_mor_l1    0.1111320600000000         1.000000         0.000000    
    kh_riv_g23     2.042479700000000         1.000000         0.000000    
    kh_riv_g24     2.029545300000000         1.000000         0.000000    
    kh_riv_g25     90.83087800000000         1.000000         0.000000    
    kh_riv_g26     44.78840800000000         1.000000         0.000000    
    kh_riv_g27    0.1682712100000000         1.000000         0.000000    
    kh_riv_g28     57.18067900000000         1.000000         0.000000    
    kh_riv_g29     742.3045800000000         1.000000         0.000000    
    kh_riv_g30     1000.000000000000         1.000000         0.000000    
    kh_riv_g60     1000.000000000000         1.000000         0.000000    
    kh_riv_g61     50.39085200000000         1.000000         0.000000    
    kh_riv_g62     385.3351800000000         1.000000         0.000000    
    kh_riv_g63    1.0000000000000000E-02     1.000000         0.000000    
    kh_sandy31     103.2266200000000         1.000000         0.000000    
    kh_sandy32     19.20489300000000         1.000000         0.000000    
    kh_sandy70     2.856864700000000         1.000000         0.000000    
    kh_sandy71    6.8812388000000002E-02     1.000000         0.000000    
      kh_ter14    0.4775775100000000         1.000000         0.000000    
      kh_ter15     171.9795000000000         1.000000         0.000000    
      kh_ter33     1000.000000000000         1.000000         0.000000    
      kh_ter34     1000.000000000000         1.000000         0.000000    
      kh_ter35     1000.000000000000         1.000000         0.000000    
      kh_ter36     108.6823100000000         1.000000         0.000000    
      kh_ter37     156.4308000000000         1.000000         0.000000    
      kh_ter38    1.0000000000000000E-02     1.000000         0.000000    
      kh_ter39    0.2023934600000000         1.000000         0.000000    
      kh_ter80     504.3486800000000         1.000000         0.000000    
      kh_ter81     114.3255600000000         1.000000         0.000000    
      kh_ter82     1.452596200000000         1.000000         0.000000    
      kh_ter83    0.1327335300000000         1.000000         0.000000    
      kh_ter84     1000.000000000000         1.000000         0.000000    
      kh_ter85     1.021591900000000         1.000000         0.000000    
      kh_ter86     1.390169900000000         1.000000         0.000000    
      kh_ter87    1.7336420000000002E-02     1.000000         0.000000    
      kh_ter88     1000.000000000000         1.000000         0.000000    
      race_all     1.200000000000000         1.000000         0.000000    
       rch_all    0.5000000000000000         1.000000         0.000000    
        riv_c1     982.2894100000000         1.000000         0.000000    
     riv_gview     50.00000000000000         1.000000         0.000000    
        riv_h1     921.7426900000000         1.000000         0.000000    
        riv_h2     1139.286900000000         1.000000         0.000000    
        riv_h3     4217.933900000000         1.000000         0.000000    
      riv_john     50.00000000000000         1.000000         0.000000    
    sy_h_flat1    1.0000000000000000E-04     1.000000         0.000000    
   sy_h_flat10    0.3000000000000000         1.000000         0.000000    
    sy_h_flat2    0.3000000000000000         1.000000         0.000000    
    sy_h_flat3    1.3267954999999999E-03     1.000000         0.000000    
    sy_h_flat4    0.3000000000000000         1.000000         0.000000    
   sy_h_flat45    0.2340059500000000         1.000000         0.000000    
   sy_h_flat46    1.0870741000000000E-04     1.000000         0.000000    
    sy_h_flat5    3.5787123000000001E-04     1.000000         0.000000    
   sy_h_flat51    4.2217221999999999E-03     1.000000         0.000000    
    sy_h_flat6    2.0458945000000001E-03     1.000000         0.000000    
    sy_h_flat7    0.2787578200000000         1.000000         0.000000    
    sy_h_flat8    3.9130810000000002E-02     1.000000         0.000000    
   sy_h_flat89    0.1630617500000000         1.000000         0.000000    
    sy_h_flat9    0.3000000000000000         1.000000         0.000000    
     sy_hill11    1.0000000000000000E-04     1.000000         0.000000    
     sy_hill12    1.0458136000000000E-03     1.000000         0.000000    
     sy_hill13    2.5433024000000000E-03     1.000000         0.000000    
     sy_mang16    3.3418940999999998E-03     1.000000         0.000000    
     sy_mang17    0.1283126000000000         1.000000         0.000000    
     sy_mang18    0.2723292800000000         1.000000         0.000000    
     sy_mang19    2.1295097000000000E-04     1.000000         0.000000    
     sy_mang20    0.1091848600000000         1.000000         0.000000    
     sy_mang21    6.5436406000000003E-02     1.000000         0.000000    
     sy_mang22    1.8062998000000000E-03     1.000000         0.000000    
    sy_riv_g23    4.5056213000000002E-04     1.000000         0.000000    
    sy_riv_g24    1.5518542999999999E-02     1.000000         0.000000    
    sy_riv_g25    0.3000000000000000         1.000000         0.000000    
    sy_riv_g26    0.3000000000000000         1.000000         0.000000    
    sy_riv_g27    1.1629619000000000E-03     1.000000         0.000000    
    sy_riv_g28    1.7327459000000001E-04     1.000000         0.000000    
    sy_riv_g29    6.4103113000000005E-04     1.000000         0.000000    
    sy_riv_g30    0.2018639400000000         1.000000         0.000000    
    sy_riv_g60    4.0466838999999996E-03     1.000000         0.000000    
    sy_riv_g61    6.5639576000000005E-02     1.000000         0.000000    
    sy_riv_g62    0.1603903100000000         1.000000         0.000000    
    sy_riv_g63    5.7754583000000003E-03     1.000000         0.000000    
    sy_sandy31    1.0288687999999999E-03     1.000000         0.000000    
    sy_sandy32    9.9948584000000007E-03     1.000000         0.000000    
    sy_sandy70    8.4308484000000003E-04     1.000000         0.000000    
    sy_sandy71    1.2287505000000001E-02     1.000000         0.000000    
  sy_ss_mor_l0    8.2871631999999995E-05     1.000000         0.000000    
  sy_ss_mor_l1    4.8754556000000002E-04     1.000000         0.000000    
    sy_ss_rest    3.6917830000000001E-06     1.000000         0.000000    
  sy_sy_mor_l0    3.9265164999999998E-02     1.000000         0.000000    
  sy_sy_mor_l1    9.9999235999999997E-04     1.000000         0.000000    
      sy_ter14    9.9951599999999995E-03     1.000000         0.000000    
      sy_ter15    1.2047314000000001E-04     1.000000         0.000000    
      sy_ter33    0.3000000000000000         1.000000         0.000000    
      sy_ter34    0.3000000000000000         1.000000         0.000000    
      sy_ter35    7.0998644999999999E-02     1.000000         0.000000    
      sy_ter36    0.1630701900000000         1.000000         0.000000    
      sy_ter37    0.3000000000000000         1.000000         0.000000    
      sy_ter38    0.3000000000000000         1.000000         0.000000    
      sy_ter39    1.3356875000000001E-02     1.000000         0.000000    
      sy_ter80    1.3738370000000000E-02     1.000000         0.000000    
      sy_ter81    0.3000000000000000         1.000000         0.000000    
      sy_ter82    4.2911414000000002E-03     1.000000         0.000000    
      sy_ter83    0.3000000000000000         1.000000         0.000000    
      sy_ter84    1.4876669000000000E-02     1.000000         0.000000    
      sy_ter85    0.1259729000000000         1.000000         0.000000    
      sy_ter86    0.3000000000000000         1.000000         0.000000    
      sy_ter87    0.3000000000000000         1.000000         0.000000    
      sy_ter88    8.5650017999999994E-02     1.000000         0.000000    
