  single point
     hill_main     1.200000000000000         1.000000         0.000000    
     hill_mang     1.200000000000000         1.000000         0.000000    
       hill_se     1.200000000000000         1.000000         0.000000    
    kh_h_flat1     7.442627600000000         1.000000         0.000000    
   kh_h_flat10     8.626645500000000         1.000000         0.000000    
    kh_h_flat2     8.897738600000000         1.000000         0.000000    
    kh_h_flat3     366.4421500000000         1.000000         0.000000    
    kh_h_flat4     1000.000000000000         1.000000         0.000000    
   kh_h_flat45     1000.000000000000         1.000000         0.000000    
   kh_h_flat46     193.3280500000000         1.000000         0.000000    
    kh_h_flat5     1000.000000000000         1.000000         0.000000    
   kh_h_flat51     1000.000000000000         1.000000         0.000000    
    kh_h_flat6     494.2100400000000         1.000000         0.000000    
    kh_h_flat7     1000.000000000000         1.000000         0.000000    
    kh_h_flat8     1000.000000000000         1.000000         0.000000    
   kh_h_flat89     1000.000000000000         1.000000         0.000000    
    kh_h_flat9     248.2174300000000         1.000000         0.000000    
     kh_hill11     3.714023800000000         1.000000         0.000000    
     kh_hill12     545.9113400000000         1.000000         0.000000    
     kh_hill13     569.5035400000000         1.000000         0.000000    
       kh_lake     22.26968900000000         1.000000         0.000000    
     kh_mang16     8.828620500000000         1.000000         0.000000    
     kh_mang17     1000.000000000000         1.000000         0.000000    
     kh_mang18     166.7788400000000         1.000000         0.000000    
     kh_mang19    1.0000000000000000E-02     1.000000         0.000000    
     kh_mang20     433.8454500000000         1.000000         0.000000    
     kh_mang21     1000.000000000000         1.000000         0.000000    
     kh_mang22     1.107752800000000         1.000000         0.000000    
     kh_mor_l0     1000.000000000000         1.000000         0.000000    
     kh_mor_l1    3.5498192999999997E-02     1.000000         0.000000    
    kh_riv_g23     1.288003600000000         1.000000         0.000000    
    kh_riv_g24     8.749823700000000         1.000000         0.000000    
    kh_riv_g25     156.5215700000000         1.000000         0.000000    
    kh_riv_g26     171.8698000000000         1.000000         0.000000    
    kh_riv_g27    0.1700495000000000         1.000000         0.000000    
    kh_riv_g28     66.74625899999999         1.000000         0.000000    
    kh_riv_g29     519.6325600000000         1.000000         0.000000    
    kh_riv_g30     1000.000000000000         1.000000         0.000000    
    kh_riv_g60     686.9656400000000         1.000000         0.000000    
    kh_riv_g61     16.42566100000000         1.000000         0.000000    
    kh_riv_g62     733.4542400000000         1.000000         0.000000    
    kh_riv_g63    1.0000000000000000E-02     1.000000         0.000000    
    kh_sandy31     452.0160300000000         1.000000         0.000000    
    kh_sandy32     139.8038300000000         1.000000         0.000000    
    kh_sandy70    0.7459514000000000         1.000000         0.000000    
    kh_sandy71    0.1205092200000000         1.000000         0.000000    
      kh_ter14    0.8280170700000000         1.000000         0.000000    
      kh_ter15     441.6256800000000         1.000000         0.000000    
      kh_ter33     1000.000000000000         1.000000         0.000000    
      kh_ter34     1000.000000000000         1.000000         0.000000    
      kh_ter35     1000.000000000000         1.000000         0.000000    
      kh_ter36     79.75187200000001         1.000000         0.000000    
      kh_ter37     78.65645499999999         1.000000         0.000000    
      kh_ter38    1.0000000000000000E-02     1.000000         0.000000    
      kh_ter39    0.4301956500000000         1.000000         0.000000    
      kh_ter80     24.91677600000000         1.000000         0.000000    
      kh_ter81     91.28958900000001         1.000000         0.000000    
      kh_ter82    0.1213527500000000         1.000000         0.000000    
      kh_ter83     11.20539100000000         1.000000         0.000000    
      kh_ter84     1000.000000000000         1.000000         0.000000    
      kh_ter85     2.685109300000000         1.000000         0.000000    
      kh_ter86     1.143388500000000         1.000000         0.000000    
      kh_ter87    0.1272808400000000         1.000000         0.000000    
      kh_ter88     1000.000000000000         1.000000         0.000000    
      race_all     1.200000000000000         1.000000         0.000000    
       rch_all    0.5000000000000000         1.000000         0.000000    
        riv_c1     1132.982500000000         1.000000         0.000000    
     riv_gview     50.00000000000000         1.000000         0.000000    
        riv_h1     1202.747500000000         1.000000         0.000000    
        riv_h2     1070.354100000000         1.000000         0.000000    
        riv_h3     10000.00000000000         1.000000         0.000000    
      riv_john     50.00000000000000         1.000000         0.000000    
    sy_h_flat1    1.0000000000000000E-04     1.000000         0.000000    
   sy_h_flat10    8.7427827000000000E-02     1.000000         0.000000    
    sy_h_flat2    0.3000000000000000         1.000000         0.000000    
    sy_h_flat3    2.6672498999999998E-04     1.000000         0.000000    
    sy_h_flat4    0.3000000000000000         1.000000         0.000000    
   sy_h_flat45    0.2549672700000000         1.000000         0.000000    
   sy_h_flat46    1.0019541000000000E-03     1.000000         0.000000    
    sy_h_flat5    1.1473004000000001E-03     1.000000         0.000000    
   sy_h_flat51    0.1138676100000000         1.000000         0.000000    
    sy_h_flat6    5.1740016999999999E-03     1.000000         0.000000    
    sy_h_flat7    0.1013825000000000         1.000000         0.000000    
    sy_h_flat8    0.1079429900000000         1.000000         0.000000    
   sy_h_flat89    0.1817142600000000         1.000000         0.000000    
    sy_h_flat9    5.1274692999999996E-03     1.000000         0.000000    
     sy_hill11    1.7650083999999999E-03     1.000000         0.000000    
     sy_hill12    9.2957365000000004E-03     1.000000         0.000000    
     sy_hill13    3.0189691999999999E-03     1.000000         0.000000    
     sy_mang16    9.3192777000000000E-04     1.000000         0.000000    
     sy_mang17    0.2427379400000000         1.000000         0.000000    
     sy_mang18    1.6649647000000000E-02     1.000000         0.000000    
     sy_mang19    3.5879954999999998E-03     1.000000         0.000000    
     sy_mang20    0.3000000000000000         1.000000         0.000000    
     sy_mang21    5.0643664999999996E-03     1.000000         0.000000    
     sy_mang22    1.7392465000000000E-03     1.000000         0.000000    
    sy_riv_g23    6.2555990999999997E-04     1.000000         0.000000    
    sy_riv_g24    1.2887490000000000E-02     1.000000         0.000000    
    sy_riv_g25    0.3000000000000000         1.000000         0.000000    
    sy_riv_g26    0.3000000000000000         1.000000         0.000000    
    sy_riv_g27    1.2224263000000001E-03     1.000000         0.000000    
    sy_riv_g28    1.9339543000000000E-04     1.000000         0.000000    
    sy_riv_g29    9.6919433999999999E-04     1.000000         0.000000    
    sy_riv_g30    0.1368023000000000         1.000000         0.000000    
    sy_riv_g60    4.7504779000000002E-03     1.000000         0.000000    
    sy_riv_g61    3.5278272999999999E-02     1.000000         0.000000    
    sy_riv_g62    9.7441546000000004E-02     1.000000         0.000000    
    sy_riv_g63    2.8111547000000000E-03     1.000000         0.000000    
    sy_sandy31    9.9749515999999995E-04     1.000000         0.000000    
    sy_sandy32    9.5534181000000006E-03     1.000000         0.000000    
    sy_sandy70    8.4404304000000000E-04     1.000000         0.000000    
    sy_sandy71    1.4867182000000000E-02     1.000000         0.000000    
  sy_ss_mor_l0    8.1420590000000004E-05     1.000000         0.000000    
  sy_ss_mor_l1    3.1916422000000002E-04     1.000000         0.000000    
    sy_ss_rest    2.8174857999999999E-06     1.000000         0.000000    
  sy_sy_mor_l0    1.3580910000000000E-02     1.000000         0.000000    
  sy_sy_mor_l1    9.9999226999999990E-04     1.000000         0.000000    
      sy_ter14    1.2464095000000000E-02     1.000000         0.000000    
      sy_ter15    1.7951864999999999E-04     1.000000         0.000000    
      sy_ter33    0.3000000000000000         1.000000         0.000000    
      sy_ter34    0.3000000000000000         1.000000         0.000000    
      sy_ter35    5.7946896999999997E-02     1.000000         0.000000    
      sy_ter36    0.1466832300000000         1.000000         0.000000    
      sy_ter37    0.3000000000000000         1.000000         0.000000    
      sy_ter38    0.3000000000000000         1.000000         0.000000    
      sy_ter39    1.2540592000000000E-02     1.000000         0.000000    
      sy_ter80    4.4693782000000001E-02     1.000000         0.000000    
      sy_ter81    0.3000000000000000         1.000000         0.000000    
      sy_ter82    5.2242764999999997E-03     1.000000         0.000000    
      sy_ter83    0.3000000000000000         1.000000         0.000000    
      sy_ter84    1.6640082000000000E-02     1.000000         0.000000    
      sy_ter85    5.4554727999999997E-02     1.000000         0.000000    
      sy_ter86    0.1684961200000000         1.000000         0.000000    
      sy_ter87    0.3000000000000000         1.000000         0.000000    
      sy_ter88    0.2204887700000000         1.000000         0.000000    
