  single point
     hill_main     1.199983200000000         1.000000         0.000000    
     hill_mang     1.200000000000000         1.000000         0.000000    
       hill_se     1.200000000000000         1.000000         0.000000    
    kh_h_flat1     13.61616200000000         1.000000         0.000000    
   kh_h_flat10     11.62807800000000         1.000000         0.000000    
    kh_h_flat2     8.930095400000001         1.000000         0.000000    
    kh_h_flat3     438.7761800000000         1.000000         0.000000    
    kh_h_flat4     1000.000000000000         1.000000         0.000000    
   kh_h_flat45     1000.000000000000         1.000000         0.000000    
   kh_h_flat46     121.0731000000000         1.000000         0.000000    
    kh_h_flat5     1000.000000000000         1.000000         0.000000    
   kh_h_flat51     1000.000000000000         1.000000         0.000000    
    kh_h_flat6     1000.000000000000         1.000000         0.000000    
    kh_h_flat7     1000.000000000000         1.000000         0.000000    
    kh_h_flat8     1000.000000000000         1.000000         0.000000    
   kh_h_flat89     1000.000000000000         1.000000         0.000000    
    kh_h_flat9     294.9819400000000         1.000000         0.000000    
     kh_hill11     13.63970400000000         1.000000         0.000000    
     kh_hill12     1000.000000000000         1.000000         0.000000    
     kh_hill13     562.4697100000000         1.000000         0.000000    
       kh_lake     19.93912500000000         1.000000         0.000000    
     kh_mang16     9.927089000000000         1.000000         0.000000    
     kh_mang17     1000.000000000000         1.000000         0.000000    
     kh_mang18     279.0347200000000         1.000000         0.000000    
     kh_mang19    1.0000000000000000E-02     1.000000         0.000000    
     kh_mang20     463.9678000000000         1.000000         0.000000    
     kh_mang21     1000.000000000000         1.000000         0.000000    
     kh_mang22     1.538765700000000         1.000000         0.000000    
     kh_mor_l0     1000.000000000000         1.000000         0.000000    
     kh_mor_l1    2.6157277999999999E-02     1.000000         0.000000    
    kh_riv_g23    0.7808442799999999         1.000000         0.000000    
    kh_riv_g24     16.17012700000000         1.000000         0.000000    
    kh_riv_g25     205.7484500000000         1.000000         0.000000    
    kh_riv_g26     204.9667500000000         1.000000         0.000000    
    kh_riv_g27    0.2711151900000000         1.000000         0.000000    
    kh_riv_g28     88.00739299999999         1.000000         0.000000    
    kh_riv_g29     907.5562600000000         1.000000         0.000000    
    kh_riv_g30     1000.000000000000         1.000000         0.000000    
    kh_riv_g60     1000.000000000000         1.000000         0.000000    
    kh_riv_g61     15.99024500000000         1.000000         0.000000    
    kh_riv_g62     1000.000000000000         1.000000         0.000000    
    kh_riv_g63    1.0000000000000000E-02     1.000000         0.000000    
    kh_sandy31     379.3397900000000         1.000000         0.000000    
    kh_sandy32     126.8465100000000         1.000000         0.000000    
    kh_sandy70     1.440965000000000         1.000000         0.000000    
    kh_sandy71    0.1660869100000000         1.000000         0.000000    
      kh_ter14    0.9052612600000000         1.000000         0.000000    
      kh_ter15     380.1756100000000         1.000000         0.000000    
      kh_ter33     1000.000000000000         1.000000         0.000000    
      kh_ter34     1000.000000000000         1.000000         0.000000    
      kh_ter35     1000.000000000000         1.000000         0.000000    
      kh_ter36     85.67946600000001         1.000000         0.000000    
      kh_ter37     140.2707800000000         1.000000         0.000000    
      kh_ter38    1.0000000000000000E-02     1.000000         0.000000    
      kh_ter39    0.5229714900000000         1.000000         0.000000    
      kh_ter80     18.11315100000000         1.000000         0.000000    
      kh_ter81     98.14441300000000         1.000000         0.000000    
      kh_ter82    0.1884065500000000         1.000000         0.000000    
      kh_ter83     1.310105600000000         1.000000         0.000000    
      kh_ter84     1000.000000000000         1.000000         0.000000    
      kh_ter85     3.095471800000000         1.000000         0.000000    
      kh_ter86     1.334992600000000         1.000000         0.000000    
      kh_ter87    0.1456993200000000         1.000000         0.000000    
      kh_ter88     1000.000000000000         1.000000         0.000000    
      race_all     1.200000000000000         1.000000         0.000000    
       rch_all    0.5805159800000000         1.000000         0.000000    
        riv_c1     1476.057200000000         1.000000         0.000000    
     riv_gview     50.00000000000000         1.000000         0.000000    
        riv_h1     1350.252700000000         1.000000         0.000000    
        riv_h2     1300.880000000000         1.000000         0.000000    
        riv_h3     10000.00000000000         1.000000         0.000000    
      riv_john     50.00000000000000         1.000000         0.000000    
    sy_h_flat1    1.6254139000000000E-04     1.000000         0.000000    
   sy_h_flat10    9.1978562999999999E-02     1.000000         0.000000    
    sy_h_flat2    0.3000000000000000         1.000000         0.000000    
    sy_h_flat3    2.1886148000000000E-04     1.000000         0.000000    
    sy_h_flat4    0.3000000000000000         1.000000         0.000000    
   sy_h_flat45    0.2579508600000000         1.000000         0.000000    
   sy_h_flat46    8.7607427999999998E-04     1.000000         0.000000    
    sy_h_flat5    1.7658105000000000E-03     1.000000         0.000000    
   sy_h_flat51    0.2461903600000000         1.000000         0.000000    
    sy_h_flat6    5.4517504000000001E-03     1.000000         0.000000    
    sy_h_flat7    0.3000000000000000         1.000000         0.000000    
    sy_h_flat8    2.4741411000000001E-02     1.000000         0.000000    
   sy_h_flat89    0.1699511100000000         1.000000         0.000000    
    sy_h_flat9    1.6579428000000000E-03     1.000000         0.000000    
     sy_hill11    1.4655281000000000E-03     1.000000         0.000000    
     sy_hill12    1.0893903000000000E-02     1.000000         0.000000    
     sy_hill13    3.0135723000000001E-03     1.000000         0.000000    
     sy_mang16    9.4003223999999995E-04     1.000000         0.000000    
     sy_mang17    0.2472850900000000         1.000000         0.000000    
     sy_mang18    1.0758843000000001E-02     1.000000         0.000000    
     sy_mang19    8.3564923999999996E-04     1.000000         0.000000    
     sy_mang20    7.4615984999999996E-02     1.000000         0.000000    
     sy_mang21    0.1081662000000000         1.000000         0.000000    
     sy_mang22    2.1278285000000002E-03     1.000000         0.000000    
    sy_riv_g23    5.6598194000000005E-04     1.000000         0.000000    
    sy_riv_g24    1.4561556000000000E-02     1.000000         0.000000    
    sy_riv_g25    0.3000000000000000         1.000000         0.000000    
    sy_riv_g26    0.3000000000000000         1.000000         0.000000    
    sy_riv_g27    1.3127162000000001E-03     1.000000         0.000000    
    sy_riv_g28    1.7956275000000001E-04     1.000000         0.000000    
    sy_riv_g29    9.4745980000000005E-04     1.000000         0.000000    
    sy_riv_g30    0.1437975600000000         1.000000         0.000000    
    sy_riv_g60    4.6851736999999997E-03     1.000000         0.000000    
    sy_riv_g61    3.7545738000000002E-02     1.000000         0.000000    
    sy_riv_g62    7.8801326000000005E-02     1.000000         0.000000    
    sy_riv_g63    3.6453322999999999E-03     1.000000         0.000000    
    sy_sandy31    1.1437871999999999E-03     1.000000         0.000000    
    sy_sandy32    9.5681488000000006E-03     1.000000         0.000000    
    sy_sandy70    9.3073452999999995E-04     1.000000         0.000000    
    sy_sandy71    1.4369295000000001E-02     1.000000         0.000000    
  sy_ss_mor_l0    8.0794830000000003E-05     1.000000         0.000000    
  sy_ss_mor_l1    2.7996082000000003E-04     1.000000         0.000000    
    sy_ss_rest    2.7610217999999998E-06     1.000000         0.000000    
  sy_sy_mor_l0    1.0180639000000000E-02     1.000000         0.000000    
  sy_sy_mor_l1    9.9999340999999990E-04     1.000000         0.000000    
      sy_ter14    1.3122629000000000E-02     1.000000         0.000000    
      sy_ter15    2.0198807000000000E-04     1.000000         0.000000    
      sy_ter33    0.3000000000000000         1.000000         0.000000    
      sy_ter34    0.3000000000000000         1.000000         0.000000    
      sy_ter35    0.2015323400000000         1.000000         0.000000    
      sy_ter36    0.1790782700000000         1.000000         0.000000    
      sy_ter37    0.3000000000000000         1.000000         0.000000    
      sy_ter38    0.3000000000000000         1.000000         0.000000    
      sy_ter39    1.1778017000000000E-02     1.000000         0.000000    
      sy_ter80    5.3285100000000002E-02     1.000000         0.000000    
      sy_ter81    0.3000000000000000         1.000000         0.000000    
      sy_ter82    6.0166367000000004E-03     1.000000         0.000000    
      sy_ter83    0.3000000000000000         1.000000         0.000000    
      sy_ter84    2.0594430000000000E-02     1.000000         0.000000    
      sy_ter85    2.2331891999999999E-02     1.000000         0.000000    
      sy_ter86    0.1663704100000000         1.000000         0.000000    
      sy_ter87    0.3000000000000000         1.000000         0.000000    
      sy_ter88    0.3000000000000000         1.000000         0.000000    
