  single point
     hill_main    0.8601154100000000         1.000000         0.000000    
     hill_mang    0.8000000000000000         1.000000         0.000000    
       hill_se     1.192967300000000         1.000000         0.000000    
    kh_h_flat1     82.88764900000000         1.000000         0.000000    
   kh_h_flat10     103.0917700000000         1.000000         0.000000    
    kh_h_flat2     90.43242200000000         1.000000         0.000000    
    kh_h_flat3     344.3416900000000         1.000000         0.000000    
    kh_h_flat4     180.8611000000000         1.000000         0.000000    
   kh_h_flat45     278.5357000000000         1.000000         0.000000    
   kh_h_flat46     91.45116000000000         1.000000         0.000000    
    kh_h_flat5     1000.000000000000         1.000000         0.000000    
   kh_h_flat51     1000.000000000000         1.000000         0.000000    
    kh_h_flat6     572.1562200000000         1.000000         0.000000    
    kh_h_flat7     1000.000000000000         1.000000         0.000000    
    kh_h_flat8     582.9636700000000         1.000000         0.000000    
   kh_h_flat89     782.5497300000000         1.000000         0.000000    
    kh_h_flat9     113.9510300000000         1.000000         0.000000    
     kh_hill11     166.3786600000000         1.000000         0.000000    
     kh_hill12     374.7232100000000         1.000000         0.000000    
     kh_hill13     270.7500800000000         1.000000         0.000000    
       kh_lake     20.74992600000000         1.000000         0.000000    
     kh_mang16     218.3402500000000         1.000000         0.000000    
     kh_mang17     73.80588800000000         1.000000         0.000000    
     kh_mang18     1000.000000000000         1.000000         0.000000    
     kh_mang19     22.55988400000000         1.000000         0.000000    
     kh_mang20     42.65067700000000         1.000000         0.000000    
     kh_mang21     42.26003700000000         1.000000         0.000000    
     kh_mang22     88.11119200000000         1.000000         0.000000    
     kh_mor_l0     810.3900800000000         1.000000         0.000000    
     kh_mor_l1    1.5382547000000000E-04     1.000000         0.000000    
    kh_riv_g23     123.1041900000000         1.000000         0.000000    
    kh_riv_g24     354.8899400000000         1.000000         0.000000    
    kh_riv_g25     592.7723600000000         1.000000         0.000000    
    kh_riv_g26     185.7712200000000         1.000000         0.000000    
    kh_riv_g27     69.29219999999999         1.000000         0.000000    
    kh_riv_g28     211.1036200000000         1.000000         0.000000    
    kh_riv_g29     213.3300000000000         1.000000         0.000000    
    kh_riv_g30     1000.000000000000         1.000000         0.000000    
    kh_riv_g60     126.2284400000000         1.000000         0.000000    
    kh_riv_g61     18.27462500000000         1.000000         0.000000    
    kh_riv_g62     243.1197000000000         1.000000         0.000000    
    kh_riv_g63     541.9046800000000         1.000000         0.000000    
    kh_sandy31     542.3072300000000         1.000000         0.000000    
    kh_sandy32     189.5209300000000         1.000000         0.000000    
    kh_sandy70     3.005684900000000         1.000000         0.000000    
    kh_sandy71     18.22011900000000         1.000000         0.000000    
      kh_ter14     3.809149200000000         1.000000         0.000000    
      kh_ter15     127.9005200000000         1.000000         0.000000    
      kh_ter33     367.5163000000000         1.000000         0.000000    
      kh_ter34     160.3887700000000         1.000000         0.000000    
      kh_ter35     1000.000000000000         1.000000         0.000000    
      kh_ter36     16.41274900000000         1.000000         0.000000    
      kh_ter37     686.9492200000000         1.000000         0.000000    
      kh_ter38     1.034884200000000         1.000000         0.000000    
      kh_ter39     6.072857900000000         1.000000         0.000000    
      kh_ter80     9.109198900000001         1.000000         0.000000    
      kh_ter81     211.4510100000000         1.000000         0.000000    
      kh_ter82     85.60191700000000         1.000000         0.000000    
      kh_ter83     1000.000000000000         1.000000         0.000000    
      kh_ter84     1000.000000000000         1.000000         0.000000    
      kh_ter85     44.47835300000000         1.000000         0.000000    
      kh_ter86     8.876115900000000         1.000000         0.000000    
      kh_ter87     557.0930200000000         1.000000         0.000000    
      kh_ter88     7.660938100000000         1.000000         0.000000    
      race_all    0.8611743100000000         1.000000         0.000000    
       rch_all    0.9978289000000000         1.000000         0.000000    
        riv_c1     1042.446300000000         1.000000         0.000000    
     riv_gview     87.83474099999999         1.000000         0.000000    
        riv_h1     1301.342100000000         1.000000         0.000000    
        riv_h2     785.8373900000000         1.000000         0.000000    
        riv_h3     1538.715700000000         1.000000         0.000000    
      riv_john     50.00000000000000         1.000000         0.000000    
    sy_h_flat1    3.8366209000000001E-03     1.000000         0.000000    
   sy_h_flat10    1.3238283999999999E-02     1.000000         0.000000    
    sy_h_flat2    5.2781251000000001E-02     1.000000         0.000000    
    sy_h_flat3    4.2368841000000003E-03     1.000000         0.000000    
    sy_h_flat4    4.2986716000000001E-02     1.000000         0.000000    
   sy_h_flat45    1.5117083999999999E-02     1.000000         0.000000    
   sy_h_flat46    4.5066274000000002E-03     1.000000         0.000000    
    sy_h_flat5    8.8053986999999997E-03     1.000000         0.000000    
   sy_h_flat51    3.4792443999999999E-02     1.000000         0.000000    
    sy_h_flat6    6.3568403000000004E-03     1.000000         0.000000    
    sy_h_flat7    1.7505940000000001E-02     1.000000         0.000000    
    sy_h_flat8    7.1819858000000004E-03     1.000000         0.000000    
   sy_h_flat89    3.7050238999999999E-02     1.000000         0.000000    
    sy_h_flat9    4.8343413000000003E-03     1.000000         0.000000    
     sy_hill11    1.0381779000000001E-02     1.000000         0.000000    
     sy_hill12    5.3853557999999999E-03     1.000000         0.000000    
     sy_hill13    7.8767375999999993E-03     1.000000         0.000000    
     sy_mang16    4.5127201999999996E-03     1.000000         0.000000    
     sy_mang17    0.3000000000000000         1.000000         0.000000    
     sy_mang18    3.8692600000000000E-04     1.000000         0.000000    
     sy_mang19    1.3127630000000000E-03     1.000000         0.000000    
     sy_mang20    4.1004369999999998E-02     1.000000         0.000000    
     sy_mang21    1.3656705000000000E-03     1.000000         0.000000    
     sy_mang22    1.2935521000000000E-02     1.000000         0.000000    
    sy_riv_g23    7.5016548999999998E-03     1.000000         0.000000    
    sy_riv_g24    8.2768862999999995E-03     1.000000         0.000000    
    sy_riv_g25    4.8700425999999998E-02     1.000000         0.000000    
    sy_riv_g26    0.2709495200000000         1.000000         0.000000    
    sy_riv_g27    5.6219998000000002E-03     1.000000         0.000000    
    sy_riv_g28    1.7973518000000000E-03     1.000000         0.000000    
    sy_riv_g29    6.3913662000000000E-03     1.000000         0.000000    
    sy_riv_g30    1.2137830000000000E-02     1.000000         0.000000    
    sy_riv_g60    7.9826583000000007E-03     1.000000         0.000000    
    sy_riv_g61    5.6837138000000002E-03     1.000000         0.000000    
    sy_riv_g62    2.2483577000000001E-02     1.000000         0.000000    
    sy_riv_g63    5.5170252999999997E-03     1.000000         0.000000    
    sy_sandy31    5.8350809000000002E-03     1.000000         0.000000    
    sy_sandy32    7.3740752999999996E-03     1.000000         0.000000    
    sy_sandy70    7.3901582999999996E-03     1.000000         0.000000    
    sy_sandy71    1.0241037999999999E-02     1.000000         0.000000    
  sy_ss_mor_l0    8.3180963999999997E-05     1.000000         0.000000    
  sy_ss_mor_l1    4.0529067999999998E-04     1.000000         0.000000    
    sy_ss_rest    9.9017604999999992E-06     1.000000         0.000000    
  sy_sy_mor_l0    6.2880129000000007E-02     1.000000         0.000000    
  sy_sy_mor_l1    1.0000000000000000E-03     1.000000         0.000000    
      sy_ter14    7.0278577999999996E-03     1.000000         0.000000    
      sy_ter15    2.6897987000000002E-02     1.000000         0.000000    
      sy_ter33    6.2110383999999996E-03     1.000000         0.000000    
      sy_ter34    5.2758578000000004E-03     1.000000         0.000000    
      sy_ter35    0.3000000000000000         1.000000         0.000000    
      sy_ter36    4.4901209999999997E-02     1.000000         0.000000    
      sy_ter37    5.1147255000000003E-02     1.000000         0.000000    
      sy_ter38    3.5129118000000001E-02     1.000000         0.000000    
      sy_ter39    2.7574883000000001E-02     1.000000         0.000000    
      sy_ter80    9.3898807000000004E-03     1.000000         0.000000    
      sy_ter81    7.9638275999999994E-02     1.000000         0.000000    
      sy_ter82    7.3058656000000001E-03     1.000000         0.000000    
      sy_ter83    3.7232144000000000E-03     1.000000         0.000000    
      sy_ter84    9.0142558000000008E-03     1.000000         0.000000    
      sy_ter85    5.5772458000000000E-03     1.000000         0.000000    
      sy_ter86    6.3381009000000000E-03     1.000000         0.000000    
      sy_ter87    5.3136130000000000E-03     1.000000         0.000000    
      sy_ter88    3.7642423000000001E-02     1.000000         0.000000    
