  single point
     hill_main    0.8322010800000000         1.000000         0.000000    
     hill_mang     1.050000000000000         1.000000         0.000000    
       hill_se     1.132745300000000         1.000000         0.000000    
    kh_h_flat1     57.16710300000000         1.000000         0.000000    
   kh_h_flat10     327.0964200000000         1.000000         0.000000    
    kh_h_flat2     19.24907600000000         1.000000         0.000000    
    kh_h_flat3     694.0563200000000         1.000000         0.000000    
    kh_h_flat4     102.4738300000000         1.000000         0.000000    
   kh_h_flat45     846.7756500000000         1.000000         0.000000    
   kh_h_flat46     32.36655100000000         1.000000         0.000000    
    kh_h_flat5     1000.000000000000         1.000000         0.000000    
   kh_h_flat51     1000.000000000000         1.000000         0.000000    
    kh_h_flat6     1000.000000000000         1.000000         0.000000    
    kh_h_flat7     1000.000000000000         1.000000         0.000000    
    kh_h_flat8     1000.000000000000         1.000000         0.000000    
   kh_h_flat89     1000.000000000000         1.000000         0.000000    
    kh_h_flat9     354.5466700000000         1.000000         0.000000    
     kh_hill11     13.74804500000000         1.000000         0.000000    
     kh_hill12     885.6446700000000         1.000000         0.000000    
     kh_hill13     424.0948600000000         1.000000         0.000000    
       kh_lake     25.41590100000000         1.000000         0.000000    
     kh_mang16     30.19214700000000         1.000000         0.000000    
     kh_mang17     1000.000000000000         1.000000         0.000000    
     kh_mang18     45.30589400000000         1.000000         0.000000    
     kh_mang19     7.172434400000000         1.000000         0.000000    
     kh_mang20     889.6354200000000         1.000000         0.000000    
     kh_mang21     411.1132900000000         1.000000         0.000000    
     kh_mang22     6.811460200000000         1.000000         0.000000    
     kh_mor_l0     1000.000000000000         1.000000         0.000000    
     kh_mor_l1    2.1103446999999999E-04     1.000000         0.000000    
    kh_riv_g23     1.443641900000000         1.000000         0.000000    
    kh_riv_g24     157.6863900000000         1.000000         0.000000    
    kh_riv_g25     267.6053600000000         1.000000         0.000000    
    kh_riv_g26     165.4825000000000         1.000000         0.000000    
    kh_riv_g27     10.27375900000000         1.000000         0.000000    
    kh_riv_g28     152.1872700000000         1.000000         0.000000    
    kh_riv_g29     1000.000000000000         1.000000         0.000000    
    kh_riv_g30     1000.000000000000         1.000000         0.000000    
    kh_riv_g60     1000.000000000000         1.000000         0.000000    
    kh_riv_g61     3.536121800000000         1.000000         0.000000    
    kh_riv_g62     697.4495300000000         1.000000         0.000000    
    kh_riv_g63     4.165846800000000         1.000000         0.000000    
    kh_sandy31     1000.000000000000         1.000000         0.000000    
    kh_sandy32     492.0237100000000         1.000000         0.000000    
    kh_sandy70    0.1478012400000000         1.000000         0.000000    
    kh_sandy71     4.019760800000000         1.000000         0.000000    
      kh_ter14     2.293204300000000         1.000000         0.000000    
      kh_ter15     71.65804199999999         1.000000         0.000000    
      kh_ter33     414.1727500000000         1.000000         0.000000    
      kh_ter34     943.2987700000000         1.000000         0.000000    
      kh_ter35     1000.000000000000         1.000000         0.000000    
      kh_ter36     46.98334600000000         1.000000         0.000000    
      kh_ter37     273.6824600000000         1.000000         0.000000    
      kh_ter38    7.7405628000000004E-02     1.000000         0.000000    
      kh_ter39     1.229167800000000         1.000000         0.000000    
      kh_ter80     1.830664500000000         1.000000         0.000000    
      kh_ter81     109.0213900000000         1.000000         0.000000    
      kh_ter82     11.22879600000000         1.000000         0.000000    
      kh_ter83     19.55834700000000         1.000000         0.000000    
      kh_ter84     1000.000000000000         1.000000         0.000000    
      kh_ter85     19.72631100000000         1.000000         0.000000    
      kh_ter86     2.117054300000000         1.000000         0.000000    
      kh_ter87     90.90313100000000         1.000000         0.000000    
      kh_ter88     57.88650400000000         1.000000         0.000000    
      race_all    0.8928734000000000         1.000000         0.000000    
       rch_all    0.8803315200000000         1.000000         0.000000    
        riv_c1     1239.087000000000         1.000000         0.000000    
     riv_gview     72.14659399999999         1.000000         0.000000    
        riv_h1     2184.490500000000         1.000000         0.000000    
        riv_h2     1426.171300000000         1.000000         0.000000    
        riv_h3     1947.671100000000         1.000000         0.000000    
      riv_john     50.00000000000000         1.000000         0.000000    
    sy_h_flat1    7.1292149000000003E-04     1.000000         0.000000    
   sy_h_flat10    1.9480067000000000E-02     1.000000         0.000000    
    sy_h_flat2    0.3000000000000000         1.000000         0.000000    
    sy_h_flat3    1.2177778000000000E-03     1.000000         0.000000    
    sy_h_flat4    0.3000000000000000         1.000000         0.000000    
   sy_h_flat45    4.1195809999999999E-02     1.000000         0.000000    
   sy_h_flat46    8.3380362000000000E-02     1.000000         0.000000    
    sy_h_flat5    3.5778087000000000E-02     1.000000         0.000000    
   sy_h_flat51    0.1860970100000000         1.000000         0.000000    
    sy_h_flat6    6.7303781000000000E-03     1.000000         0.000000    
    sy_h_flat7    5.3286088000000002E-02     1.000000         0.000000    
    sy_h_flat8    1.7919075999999999E-03     1.000000         0.000000    
   sy_h_flat89    2.7815684000000000E-02     1.000000         0.000000    
    sy_h_flat9    1.7918017000000000E-03     1.000000         0.000000    
     sy_hill11    5.7065303999999997E-02     1.000000         0.000000    
     sy_hill12    6.8878899999999998E-03     1.000000         0.000000    
     sy_hill13    6.3914849000000001E-03     1.000000         0.000000    
     sy_mang16    1.1953635000000000E-03     1.000000         0.000000    
     sy_mang17    0.1563717400000000         1.000000         0.000000    
     sy_mang18    1.6087711000000001E-02     1.000000         0.000000    
     sy_mang19    1.3331681000000001E-04     1.000000         0.000000    
     sy_mang20    2.0411315999999999E-02     1.000000         0.000000    
     sy_mang21    8.4750285999999994E-02     1.000000         0.000000    
     sy_mang22    8.7074014999999998E-03     1.000000         0.000000    
    sy_riv_g23    8.9537605000000004E-04     1.000000         0.000000    
    sy_riv_g24    6.3039176000000002E-03     1.000000         0.000000    
    sy_riv_g25    0.3000000000000000         1.000000         0.000000    
    sy_riv_g26    0.3000000000000000         1.000000         0.000000    
    sy_riv_g27    2.2875759999999999E-03     1.000000         0.000000    
    sy_riv_g28    2.6928945999999998E-04     1.000000         0.000000    
    sy_riv_g29    1.4242612999999999E-03     1.000000         0.000000    
    sy_riv_g30    3.4442533999999997E-02     1.000000         0.000000    
    sy_riv_g60    5.1283975000000004E-03     1.000000         0.000000    
    sy_riv_g61    7.4541108999999998E-03     1.000000         0.000000    
    sy_riv_g62    5.6530405999999998E-02     1.000000         0.000000    
    sy_riv_g63    6.4934116000000004E-03     1.000000         0.000000    
    sy_sandy31    6.0270571000000002E-03     1.000000         0.000000    
    sy_sandy32    7.0791646000000000E-03     1.000000         0.000000    
    sy_sandy70    1.0340633000000000E-02     1.000000         0.000000    
    sy_sandy71    1.7693884000000000E-02     1.000000         0.000000    
  sy_ss_mor_l0    8.3344321999999994E-05     1.000000         0.000000    
  sy_ss_mor_l1    6.6023099999999995E-04     1.000000         0.000000    
    sy_ss_rest    3.0425442999999999E-06     1.000000         0.000000    
  sy_sy_mor_l0    9.1639046000000002E-02     1.000000         0.000000    
  sy_sy_mor_l1    9.9999340999999990E-04     1.000000         0.000000    
      sy_ter14    1.8894079000000001E-02     1.000000         0.000000    
      sy_ter15    1.9488134999999999E-03     1.000000         0.000000    
      sy_ter33    8.0314005000000008E-03     1.000000         0.000000    
      sy_ter34    0.1140886600000000         1.000000         0.000000    
      sy_ter35    0.2464758500000000         1.000000         0.000000    
      sy_ter36    0.3000000000000000         1.000000         0.000000    
      sy_ter37    3.4951239000000002E-02     1.000000         0.000000    
      sy_ter38    4.5292487999999999E-02     1.000000         0.000000    
      sy_ter39    0.2135437100000000         1.000000         0.000000    
      sy_ter80    3.9953344999999998E-04     1.000000         0.000000    
      sy_ter81    0.3000000000000000         1.000000         0.000000    
      sy_ter82    4.8701893999999997E-03     1.000000         0.000000    
      sy_ter83    1.2874573000000000E-03     1.000000         0.000000    
      sy_ter84    9.8949707000000001E-03     1.000000         0.000000    
      sy_ter85    4.6885581000000003E-03     1.000000         0.000000    
      sy_ter86    2.0283608000000002E-02     1.000000         0.000000    
      sy_ter87    4.2193918000000001E-04     1.000000         0.000000    
      sy_ter88    0.1686506400000000         1.000000         0.000000    
