  single point
     hill_main    0.8434394300000000         1.000000         0.000000    
     hill_mang     1.200000000000000         1.000000         0.000000    
       hill_se     1.200000000000000         1.000000         0.000000    
    kh_h_flat1     37.60960800000000         1.000000         0.000000    
   kh_h_flat10     158.2027400000000         1.000000         0.000000    
    kh_h_flat2     8.815976400000000         1.000000         0.000000    
    kh_h_flat3     713.9955700000000         1.000000         0.000000    
    kh_h_flat4     179.2825000000000         1.000000         0.000000    
   kh_h_flat45     1000.000000000000         1.000000         0.000000    
   kh_h_flat46     42.08202700000000         1.000000         0.000000    
    kh_h_flat5     1000.000000000000         1.000000         0.000000    
   kh_h_flat51     1000.000000000000         1.000000         0.000000    
    kh_h_flat6     1000.000000000000         1.000000         0.000000    
    kh_h_flat7     1000.000000000000         1.000000         0.000000    
    kh_h_flat8     1000.000000000000         1.000000         0.000000    
   kh_h_flat89     1000.000000000000         1.000000         0.000000    
    kh_h_flat9     417.7161000000000         1.000000         0.000000    
     kh_hill11     9.913587500000000         1.000000         0.000000    
     kh_hill12     1000.000000000000         1.000000         0.000000    
     kh_hill13     439.9439600000000         1.000000         0.000000    
       kh_lake     18.28818600000000         1.000000         0.000000    
     kh_mang16     20.94769500000000         1.000000         0.000000    
     kh_mang17     1000.000000000000         1.000000         0.000000    
     kh_mang18     79.01944800000000         1.000000         0.000000    
     kh_mang19     2.595971000000000         1.000000         0.000000    
     kh_mang20     304.6611300000000         1.000000         0.000000    
     kh_mang21     1000.000000000000         1.000000         0.000000    
     kh_mang22     8.393025400000001         1.000000         0.000000    
     kh_mor_l0     1000.000000000000         1.000000         0.000000    
     kh_mor_l1    4.5960897999999997E-03     1.000000         0.000000    
    kh_riv_g23     1.167055800000000         1.000000         0.000000    
    kh_riv_g24     84.94893800000000         1.000000         0.000000    
    kh_riv_g25     205.7755800000000         1.000000         0.000000    
    kh_riv_g26     147.8583700000000         1.000000         0.000000    
    kh_riv_g27     3.215418300000000         1.000000         0.000000    
    kh_riv_g28     121.3728600000000         1.000000         0.000000    
    kh_riv_g29     1000.000000000000         1.000000         0.000000    
    kh_riv_g30     1000.000000000000         1.000000         0.000000    
    kh_riv_g60     1000.000000000000         1.000000         0.000000    
    kh_riv_g61     7.544648800000000         1.000000         0.000000    
    kh_riv_g62     1000.000000000000         1.000000         0.000000    
    kh_riv_g63    9.4866655999999994E-02     1.000000         0.000000    
    kh_sandy31     1000.000000000000         1.000000         0.000000    
    kh_sandy32     468.3522200000000         1.000000         0.000000    
    kh_sandy70    0.4789814200000000         1.000000         0.000000    
    kh_sandy71    0.8675094000000000         1.000000         0.000000    
      kh_ter14     1.824954300000000         1.000000         0.000000    
      kh_ter15     119.6565300000000         1.000000         0.000000    
      kh_ter33     801.3863600000000         1.000000         0.000000    
      kh_ter34     1000.000000000000         1.000000         0.000000    
      kh_ter35     1000.000000000000         1.000000         0.000000    
      kh_ter36     52.69879900000000         1.000000         0.000000    
      kh_ter37     117.7965000000000         1.000000         0.000000    
      kh_ter38    2.0906847999999999E-02     1.000000         0.000000    
      kh_ter39    0.6978058000000000         1.000000         0.000000    
      kh_ter80     4.856634000000000         1.000000         0.000000    
      kh_ter81     100.0881500000000         1.000000         0.000000    
      kh_ter82     3.473933200000000         1.000000         0.000000    
      kh_ter83     15.60287900000000         1.000000         0.000000    
      kh_ter84     1000.000000000000         1.000000         0.000000    
      kh_ter85     10.51568800000000         1.000000         0.000000    
      kh_ter86     1.746430000000000         1.000000         0.000000    
      kh_ter87     17.20403300000000         1.000000         0.000000    
      kh_ter88     163.0536800000000         1.000000         0.000000    
      race_all    0.8317195800000000         1.000000         0.000000    
       rch_all    0.7803122700000000         1.000000         0.000000    
        riv_c1     1522.796100000000         1.000000         0.000000    
     riv_gview     66.21341400000000         1.000000         0.000000    
        riv_h1     2007.224000000000         1.000000         0.000000    
        riv_h2     1276.578100000000         1.000000         0.000000    
        riv_h3     4961.892200000000         1.000000         0.000000    
      riv_john     50.00000000000000         1.000000         0.000000    
    sy_h_flat1    1.3054911000000000E-03     1.000000         0.000000    
   sy_h_flat10    3.0255864000000000E-02     1.000000         0.000000    
    sy_h_flat2    0.3000000000000000         1.000000         0.000000    
    sy_h_flat3    2.2127774000000000E-04     1.000000         0.000000    
    sy_h_flat4    0.3000000000000000         1.000000         0.000000    
   sy_h_flat45    6.8980222999999993E-02     1.000000         0.000000    
   sy_h_flat46    8.5708779999999998E-02     1.000000         0.000000    
    sy_h_flat5    3.1376433000000002E-02     1.000000         0.000000    
   sy_h_flat51    0.1074254600000000         1.000000         0.000000    
    sy_h_flat6    6.3848715999999996E-03     1.000000         0.000000    
    sy_h_flat7    0.3000000000000000         1.000000         0.000000    
    sy_h_flat8    6.2497279999999995E-04     1.000000         0.000000    
   sy_h_flat89    2.3094511000000002E-02     1.000000         0.000000    
    sy_h_flat9    4.7822569999999998E-03     1.000000         0.000000    
     sy_hill11    1.6745060999999999E-03     1.000000         0.000000    
     sy_hill12    1.0377525000000000E-02     1.000000         0.000000    
     sy_hill13    5.1870909000000000E-03     1.000000         0.000000    
     sy_mang16    9.3779200000000001E-04     1.000000         0.000000    
     sy_mang17    0.1444742700000000         1.000000         0.000000    
     sy_mang18    1.6727032999999999E-02     1.000000         0.000000    
     sy_mang19    1.6761338000000000E-04     1.000000         0.000000    
     sy_mang20    2.4036268999999999E-02     1.000000         0.000000    
     sy_mang21    0.1196282500000000         1.000000         0.000000    
     sy_mang22    6.9089813999999999E-03     1.000000         0.000000    
    sy_riv_g23    7.0847113000000004E-04     1.000000         0.000000    
    sy_riv_g24    9.3448326000000002E-03     1.000000         0.000000    
    sy_riv_g25    0.3000000000000000         1.000000         0.000000    
    sy_riv_g26    0.3000000000000000         1.000000         0.000000    
    sy_riv_g27    1.7149231000000000E-03     1.000000         0.000000    
    sy_riv_g28    2.2348476999999999E-04     1.000000         0.000000    
    sy_riv_g29    1.2089097000000000E-03     1.000000         0.000000    
    sy_riv_g30    5.4109263999999997E-02     1.000000         0.000000    
    sy_riv_g60    4.4974270000000000E-03     1.000000         0.000000    
    sy_riv_g61    2.7320264000000000E-02     1.000000         0.000000    
    sy_riv_g62    4.8254785000000001E-02     1.000000         0.000000    
    sy_riv_g63    5.2947573000000003E-03     1.000000         0.000000    
    sy_sandy31    2.4662448000000001E-03     1.000000         0.000000    
    sy_sandy32    8.4314209999999997E-03     1.000000         0.000000    
    sy_sandy70    3.6151118000000001E-03     1.000000         0.000000    
    sy_sandy71    1.5473918999999999E-02     1.000000         0.000000    
  sy_ss_mor_l0    8.3023690000000002E-05     1.000000         0.000000    
  sy_ss_mor_l1    1.0000000000000000E-03     1.000000         0.000000    
    sy_ss_rest    2.3124810999999999E-06     1.000000         0.000000    
  sy_sy_mor_l0    5.1749713000000003E-02     1.000000         0.000000    
  sy_sy_mor_l1    9.9999340999999990E-04     1.000000         0.000000    
      sy_ter14    2.0181278000000000E-02     1.000000         0.000000    
      sy_ter15    1.1755887000000000E-03     1.000000         0.000000    
      sy_ter33    4.3324320999999999E-02     1.000000         0.000000    
      sy_ter34    0.2344013600000000         1.000000         0.000000    
      sy_ter35    0.2646272800000000         1.000000         0.000000    
      sy_ter36    0.3000000000000000         1.000000         0.000000    
      sy_ter37    0.3000000000000000         1.000000         0.000000    
      sy_ter38    0.1676077800000000         1.000000         0.000000    
      sy_ter39    0.3000000000000000         1.000000         0.000000    
      sy_ter80    2.4557422000000000E-03     1.000000         0.000000    
      sy_ter81    0.2001552900000000         1.000000         0.000000    
      sy_ter82    6.9692030999999998E-03     1.000000         0.000000    
      sy_ter83    1.1044999000000000E-03     1.000000         0.000000    
      sy_ter84    2.2204087000000001E-02     1.000000         0.000000    
      sy_ter85    2.4075932000000000E-03     1.000000         0.000000    
      sy_ter86    4.8415103000000001E-02     1.000000         0.000000    
      sy_ter87    1.0000000000000000E-04     1.000000         0.000000    
      sy_ter88    0.2110833500000000         1.000000         0.000000    
