  single point
     hill_main     1.006000500000000         1.000000         0.000000    
     hill_mang    0.9000000000000000         1.000000         0.000000    
       hill_se     1.058938000000000         1.000000         0.000000    
    kh_h_flat1     265.7188000000000         1.000000         0.000000    
   kh_h_flat10     290.5659700000000         1.000000         0.000000    
    kh_h_flat2     276.1780300000000         1.000000         0.000000    
    kh_h_flat3     308.3795000000000         1.000000         0.000000    
    kh_h_flat4     281.7902200000000         1.000000         0.000000    
   kh_h_flat45     294.7901100000000         1.000000         0.000000    
   kh_h_flat46     278.5614200000000         1.000000         0.000000    
    kh_h_flat5     331.2584100000000         1.000000         0.000000    
   kh_h_flat51     318.3416700000000         1.000000         0.000000    
    kh_h_flat6     313.7566700000000         1.000000         0.000000    
    kh_h_flat7     300.8785800000000         1.000000         0.000000    
    kh_h_flat8     322.6334300000000         1.000000         0.000000    
   kh_h_flat89     314.7411000000000         1.000000         0.000000    
    kh_h_flat9     295.9556600000000         1.000000         0.000000    
     kh_hill11     266.0125200000000         1.000000         0.000000    
     kh_hill12     386.0566100000000         1.000000         0.000000    
     kh_hill13     286.6313400000000         1.000000         0.000000    
       kh_lake     254.8907100000000         1.000000         0.000000    
     kh_mang16     300.0000000000000         1.000000         0.000000    
     kh_mang17     295.8822600000000         1.000000         0.000000    
     kh_mang18     300.0000000000000         1.000000         0.000000    
     kh_mang19     237.6265700000000         1.000000         0.000000    
     kh_mang20     317.3659200000000         1.000000         0.000000    
     kh_mang21     213.3673400000000         1.000000         0.000000    
     kh_mang22     281.9055800000000         1.000000         0.000000    
     kh_mor_l0     311.5881800000000         1.000000         0.000000    
     kh_mor_l1    1.1104783000000000E-04     1.000000         0.000000    
    kh_riv_g23     315.5408400000000         1.000000         0.000000    
    kh_riv_g24     295.3241300000000         1.000000         0.000000    
    kh_riv_g25     326.6082400000000         1.000000         0.000000    
    kh_riv_g26     290.3772400000000         1.000000         0.000000    
    kh_riv_g27     285.2559200000000         1.000000         0.000000    
    kh_riv_g28     291.4531900000000         1.000000         0.000000    
    kh_riv_g29     251.8488000000000         1.000000         0.000000    
    kh_riv_g30     373.2363100000000         1.000000         0.000000    
    kh_riv_g60     234.7295100000000         1.000000         0.000000    
    kh_riv_g61     217.2547600000000         1.000000         0.000000    
    kh_riv_g62     270.0931600000000         1.000000         0.000000    
    kh_riv_g63     362.7465800000000         1.000000         0.000000    
    kh_sandy31     270.4118200000000         1.000000         0.000000    
    kh_sandy32     251.9261500000000         1.000000         0.000000    
    kh_sandy70     264.8678100000000         1.000000         0.000000    
    kh_sandy71     254.4147800000000         1.000000         0.000000    
      kh_ter14     42.34425600000000         1.000000         0.000000    
      kh_ter15     59.07878100000000         1.000000         0.000000    
      kh_ter33     53.21145300000000         1.000000         0.000000    
      kh_ter34     53.39412900000000         1.000000         0.000000    
      kh_ter35     83.55284800000000         1.000000         0.000000    
      kh_ter36     37.12696500000000         1.000000         0.000000    
      kh_ter37     64.60414100000000         1.000000         0.000000    
      kh_ter38     37.58760100000000         1.000000         0.000000    
      kh_ter39     42.88653500000000         1.000000         0.000000    
      kh_ter80     50.81845400000000         1.000000         0.000000    
      kh_ter81     51.80058200000000         1.000000         0.000000    
      kh_ter82     57.22716900000000         1.000000         0.000000    
      kh_ter83     68.26160700000000         1.000000         0.000000    
      kh_ter84     83.48075900000001         1.000000         0.000000    
      kh_ter85     47.23617400000000         1.000000         0.000000    
      kh_ter86     45.68622500000000         1.000000         0.000000    
      kh_ter87     55.39168200000000         1.000000         0.000000    
      kh_ter88     35.18361500000000         1.000000         0.000000    
      race_all    0.9872089400000000         1.000000         0.000000    
       rch_all     1.005008900000000         1.000000         0.000000    
        riv_c1     1003.942400000000         1.000000         0.000000    
     riv_gview     98.89475899999999         1.000000         0.000000    
        riv_h1     1024.504300000000         1.000000         0.000000    
        riv_h2     981.9622600000000         1.000000         0.000000    
        riv_h3     975.0890300000000         1.000000         0.000000    
      riv_john     91.83937899999999         1.000000         0.000000    
    sy_h_flat1    9.3394987000000006E-03     1.000000         0.000000    
   sy_h_flat10    9.1807827000000009E-03     1.000000         0.000000    
    sy_h_flat2    9.9726694999999997E-03     1.000000         0.000000    
    sy_h_flat3    8.3675943999999992E-03     1.000000         0.000000    
    sy_h_flat4    1.0270395999999999E-02     1.000000         0.000000    
   sy_h_flat45    1.0180354000000001E-02     1.000000         0.000000    
   sy_h_flat46    8.7902503999999996E-03     1.000000         0.000000    
    sy_h_flat5    9.0599015999999997E-03     1.000000         0.000000    
   sy_h_flat51    1.0565293000000000E-02     1.000000         0.000000    
    sy_h_flat6    8.1592482999999997E-03     1.000000         0.000000    
    sy_h_flat7    9.5316358000000004E-03     1.000000         0.000000    
    sy_h_flat8    1.2382951999999999E-02     1.000000         0.000000    
   sy_h_flat89    1.1467857000000000E-02     1.000000         0.000000    
    sy_h_flat9    1.0163030000000000E-02     1.000000         0.000000    
     sy_hill11    1.0460598999999999E-02     1.000000         0.000000    
     sy_hill12    9.2378601999999997E-03     1.000000         0.000000    
     sy_hill13    9.8011742999999998E-03     1.000000         0.000000    
     sy_mang16    9.8696415999999995E-03     1.000000         0.000000    
     sy_mang17    1.5564741999999999E-02     1.000000         0.000000    
     sy_mang18    9.1108759000000008E-03     1.000000         0.000000    
     sy_mang19    8.6932547999999995E-03     1.000000         0.000000    
     sy_mang20    1.0829287000000000E-02     1.000000         0.000000    
     sy_mang21    1.0517052000000001E-02     1.000000         0.000000    
     sy_mang22    9.6890881999999994E-03     1.000000         0.000000    
    sy_riv_g23    1.2450510999999999E-02     1.000000         0.000000    
    sy_riv_g24    1.0236663000000000E-02     1.000000         0.000000    
    sy_riv_g25    1.2926089999999999E-02     1.000000         0.000000    
    sy_riv_g26    1.3691755000000000E-02     1.000000         0.000000    
    sy_riv_g27    8.2801712999999999E-03     1.000000         0.000000    
    sy_riv_g28    8.6693263999999999E-03     1.000000         0.000000    
    sy_riv_g29    9.2664063000000001E-03     1.000000         0.000000    
    sy_riv_g30    9.5285913000000000E-03     1.000000         0.000000    
    sy_riv_g60    9.1231127999999995E-03     1.000000         0.000000    
    sy_riv_g61    9.3458711000000000E-03     1.000000         0.000000    
    sy_riv_g62    1.0421608000000001E-02     1.000000         0.000000    
    sy_riv_g63    9.2102837000000003E-03     1.000000         0.000000    
    sy_sandy31    9.0141171999999995E-03     1.000000         0.000000    
    sy_sandy32    8.7447219999999999E-03     1.000000         0.000000    
    sy_sandy70    9.2665071999999994E-03     1.000000         0.000000    
    sy_sandy71    8.9625947999999993E-03     1.000000         0.000000    
  sy_ss_mor_l0    8.9578606000000006E-05     1.000000         0.000000    
  sy_ss_mor_l1    1.3001382999999999E-04     1.000000         0.000000    
    sy_ss_rest    8.7431552999999996E-05     1.000000         0.000000    
  sy_sy_mor_l0    1.2492904000000001E-02     1.000000         0.000000    
  sy_sy_mor_l1    1.0000000000000000E-03     1.000000         0.000000    
      sy_ter14    8.9549273000000002E-03     1.000000         0.000000    
      sy_ter15    8.6595523999999993E-03     1.000000         0.000000    
      sy_ter33    9.7086988999999999E-03     1.000000         0.000000    
      sy_ter34    1.0462746000000000E-02     1.000000         0.000000    
      sy_ter35    1.4205107000000000E-02     1.000000         0.000000    
      sy_ter36    1.1043593000000001E-02     1.000000         0.000000    
      sy_ter37    1.2038563000000000E-02     1.000000         0.000000    
      sy_ter38    1.0104393999999999E-02     1.000000         0.000000    
      sy_ter39    1.1569546999999999E-02     1.000000         0.000000    
      sy_ter80    1.0541852000000001E-02     1.000000         0.000000    
      sy_ter81    1.0688448000000000E-02     1.000000         0.000000    
      sy_ter82    9.0093692000000006E-03     1.000000         0.000000    
      sy_ter83    1.1360958000000001E-02     1.000000         0.000000    
      sy_ter84    1.0187007999999999E-02     1.000000         0.000000    
      sy_ter85    9.8086101999999998E-03     1.000000         0.000000    
      sy_ter86    9.0539569000000000E-03     1.000000         0.000000    
      sy_ter87    1.0905567999999999E-02     1.000000         0.000000    
      sy_ter88    1.1848957000000000E-02     1.000000         0.000000    
