  single point
     hill_main    0.8474926500000000         1.000000         0.000000    
     hill_mang     1.175000000000000         1.000000         0.000000    
       hill_se     1.200000000000000         1.000000         0.000000    
    kh_h_flat1     48.33248000000000         1.000000         0.000000    
   kh_h_flat10     202.0849200000000         1.000000         0.000000    
    kh_h_flat2     15.20199700000000         1.000000         0.000000    
    kh_h_flat3     750.1649500000000         1.000000         0.000000    
    kh_h_flat4     149.7488100000000         1.000000         0.000000    
   kh_h_flat45     996.5739400000000         1.000000         0.000000    
   kh_h_flat46     32.68842800000000         1.000000         0.000000    
    kh_h_flat5     1000.000000000000         1.000000         0.000000    
   kh_h_flat51     1000.000000000000         1.000000         0.000000    
    kh_h_flat6     1000.000000000000         1.000000         0.000000    
    kh_h_flat7     1000.000000000000         1.000000         0.000000    
    kh_h_flat8     1000.000000000000         1.000000         0.000000    
   kh_h_flat89     1000.000000000000         1.000000         0.000000    
    kh_h_flat9     403.3223300000000         1.000000         0.000000    
     kh_hill11     13.64716300000000         1.000000         0.000000    
     kh_hill12     1000.000000000000         1.000000         0.000000    
     kh_hill13     427.9219600000000         1.000000         0.000000    
       kh_lake     18.40460200000000         1.000000         0.000000    
     kh_mang16     25.73629800000000         1.000000         0.000000    
     kh_mang17     1000.000000000000         1.000000         0.000000    
     kh_mang18     56.17281500000000         1.000000         0.000000    
     kh_mang19     5.014175500000000         1.000000         0.000000    
     kh_mang20     478.2703900000000         1.000000         0.000000    
     kh_mang21     618.3235700000000         1.000000         0.000000    
     kh_mang22     7.703598000000000         1.000000         0.000000    
     kh_mor_l0     1000.000000000000         1.000000         0.000000    
     kh_mor_l1    2.8721745999999999E-04     1.000000         0.000000    
    kh_riv_g23     1.452637400000000         1.000000         0.000000    
    kh_riv_g24     128.8350000000000         1.000000         0.000000    
    kh_riv_g25     216.3131300000000         1.000000         0.000000    
    kh_riv_g26     197.3543200000000         1.000000         0.000000    
    kh_riv_g27     7.929178400000000         1.000000         0.000000    
    kh_riv_g28     134.3448900000000         1.000000         0.000000    
    kh_riv_g29     1000.000000000000         1.000000         0.000000    
    kh_riv_g30     1000.000000000000         1.000000         0.000000    
    kh_riv_g60     1000.000000000000         1.000000         0.000000    
    kh_riv_g61     5.198206600000000         1.000000         0.000000    
    kh_riv_g62     652.8292800000000         1.000000         0.000000    
    kh_riv_g63     1.041722500000000         1.000000         0.000000    
    kh_sandy31     1000.000000000000         1.000000         0.000000    
    kh_sandy32     404.9038700000000         1.000000         0.000000    
    kh_sandy70    0.2247989800000000         1.000000         0.000000    
    kh_sandy71     4.955866800000000         1.000000         0.000000    
      kh_ter14     2.440014300000000         1.000000         0.000000    
      kh_ter15     67.11049400000000         1.000000         0.000000    
      kh_ter33     371.7467400000000         1.000000         0.000000    
      kh_ter34     1000.000000000000         1.000000         0.000000    
      kh_ter35     1000.000000000000         1.000000         0.000000    
      kh_ter36     52.36690800000000         1.000000         0.000000    
      kh_ter37     67.36319800000000         1.000000         0.000000    
      kh_ter38    4.7857091999999997E-02     1.000000         0.000000    
      kh_ter39     1.099022800000000         1.000000         0.000000    
      kh_ter80     2.676778800000000         1.000000         0.000000    
      kh_ter81     101.4237900000000         1.000000         0.000000    
      kh_ter82     8.598969000000000         1.000000         0.000000    
      kh_ter83     10.06944400000000         1.000000         0.000000    
      kh_ter84     1000.000000000000         1.000000         0.000000    
      kh_ter85     16.61264500000000         1.000000         0.000000    
      kh_ter86     2.245035300000000         1.000000         0.000000    
      kh_ter87     25.80965500000000         1.000000         0.000000    
      kh_ter88     100.3607000000000         1.000000         0.000000    
      race_all    0.8528669800000001         1.000000         0.000000    
       rch_all    0.8402852200000001         1.000000         0.000000    
        riv_c1     1439.499200000000         1.000000         0.000000    
     riv_gview     61.04940200000000         1.000000         0.000000    
        riv_h1     2083.934700000000         1.000000         0.000000    
        riv_h2     1341.763400000000         1.000000         0.000000    
        riv_h3     2272.315500000000         1.000000         0.000000    
      riv_john     50.00000000000000         1.000000         0.000000    
    sy_h_flat1    8.6545098999999998E-04     1.000000         0.000000    
   sy_h_flat10    2.8656892000000000E-02     1.000000         0.000000    
    sy_h_flat2    0.3000000000000000         1.000000         0.000000    
    sy_h_flat3    4.5933599000000001E-04     1.000000         0.000000    
    sy_h_flat4    0.3000000000000000         1.000000         0.000000    
   sy_h_flat45    5.2046171000000002E-02     1.000000         0.000000    
   sy_h_flat46    0.1053238900000000         1.000000         0.000000    
    sy_h_flat5    2.1850365000000000E-02     1.000000         0.000000    
   sy_h_flat51    0.1682629600000000         1.000000         0.000000    
    sy_h_flat6    8.5009678000000002E-03     1.000000         0.000000    
    sy_h_flat7    0.3000000000000000         1.000000         0.000000    
    sy_h_flat8    2.0284495000000001E-04     1.000000         0.000000    
   sy_h_flat89    3.7883554000000000E-02     1.000000         0.000000    
    sy_h_flat9    2.1974290999999999E-03     1.000000         0.000000    
     sy_hill11    1.5373390000000001E-02     1.000000         0.000000    
     sy_hill12    1.2265824999999999E-02     1.000000         0.000000    
     sy_hill13    5.8262629999999999E-03     1.000000         0.000000    
     sy_mang16    1.0202403000000001E-03     1.000000         0.000000    
     sy_mang17    0.1448987100000000         1.000000         0.000000    
     sy_mang18    1.6860593000000000E-02     1.000000         0.000000    
     sy_mang19    1.4799457999999999E-04     1.000000         0.000000    
     sy_mang20    2.2568234000000000E-02     1.000000         0.000000    
     sy_mang21    9.7987845000000004E-02     1.000000         0.000000    
     sy_mang22    8.1908607000000001E-03     1.000000         0.000000    
    sy_riv_g23    7.5221716999999998E-04     1.000000         0.000000    
    sy_riv_g24    8.0089437999999995E-03     1.000000         0.000000    
    sy_riv_g25    0.3000000000000000         1.000000         0.000000    
    sy_riv_g26    0.3000000000000000         1.000000         0.000000    
    sy_riv_g27    2.0017186999999998E-03     1.000000         0.000000    
    sy_riv_g28    2.3959618000000000E-04     1.000000         0.000000    
    sy_riv_g29    1.2024925000000001E-03     1.000000         0.000000    
    sy_riv_g30    3.9433234999999997E-02     1.000000         0.000000    
    sy_riv_g60    4.7198311999999999E-03     1.000000         0.000000    
    sy_riv_g61    1.6198621999999999E-02     1.000000         0.000000    
    sy_riv_g62    5.0630333999999999E-02     1.000000         0.000000    
    sy_riv_g63    6.4146235000000001E-03     1.000000         0.000000    
    sy_sandy31    3.9829167000000002E-03     1.000000         0.000000    
    sy_sandy32    7.8599989999999995E-03     1.000000         0.000000    
    sy_sandy70    5.3261617000000001E-03     1.000000         0.000000    
    sy_sandy71    1.4800188000000001E-02     1.000000         0.000000    
  sy_ss_mor_l0    8.4730032000000004E-05     1.000000         0.000000    
  sy_ss_mor_l1    1.0000000000000000E-03     1.000000         0.000000    
    sy_ss_rest    2.2213498000000000E-06     1.000000         0.000000    
  sy_sy_mor_l0    8.9931710999999998E-02     1.000000         0.000000    
  sy_sy_mor_l1    9.9999340999999990E-04     1.000000         0.000000    
      sy_ter14    1.7524855999999998E-02     1.000000         0.000000    
      sy_ter15    1.6753077000000000E-03     1.000000         0.000000    
      sy_ter33    7.1749728999999998E-03     1.000000         0.000000    
      sy_ter34    0.2385091100000000         1.000000         0.000000    
      sy_ter35    0.2003901800000000         1.000000         0.000000    
      sy_ter36    0.3000000000000000         1.000000         0.000000    
      sy_ter37    4.7830081000000003E-02     1.000000         0.000000    
      sy_ter38    6.9960926000000007E-02     1.000000         0.000000    
      sy_ter39    0.3000000000000000         1.000000         0.000000    
      sy_ter80    6.0038975000000004E-04     1.000000         0.000000    
      sy_ter81    0.3000000000000000         1.000000         0.000000    
      sy_ter82    5.9219967000000004E-03     1.000000         0.000000    
      sy_ter83    2.2200211000000000E-03     1.000000         0.000000    
      sy_ter84    1.4405133000000001E-02     1.000000         0.000000    
      sy_ter85    4.6418060999999997E-03     1.000000         0.000000    
      sy_ter86    2.1752270000000001E-02     1.000000         0.000000    
      sy_ter87    1.0000000000000000E-04     1.000000         0.000000    
      sy_ter88    0.1641438400000000         1.000000         0.000000    
