  single point
     hill_main     1.009760900000000         1.000000         0.000000    
     hill_mang    0.8000000000000000         1.000000         0.000000    
       hill_se     1.068272700000000         1.000000         0.000000    
    kh_h_flat1     241.6743000000000         1.000000         0.000000    
   kh_h_flat10     286.5413000000000         1.000000         0.000000    
    kh_h_flat2     261.1241600000000         1.000000         0.000000    
    kh_h_flat3     310.5719700000000         1.000000         0.000000    
    kh_h_flat4     264.3397600000000         1.000000         0.000000    
   kh_h_flat45     290.5839200000000         1.000000         0.000000    
   kh_h_flat46     250.3841700000000         1.000000         0.000000    
    kh_h_flat5     369.2323700000000         1.000000         0.000000    
   kh_h_flat51     338.1558600000000         1.000000         0.000000    
    kh_h_flat6     319.0239400000000         1.000000         0.000000    
    kh_h_flat7     299.4853200000000         1.000000         0.000000    
    kh_h_flat8     344.5077400000000         1.000000         0.000000    
   kh_h_flat89     325.9662500000000         1.000000         0.000000    
    kh_h_flat9     283.8699100000000         1.000000         0.000000    
     kh_hill11     261.0046700000000         1.000000         0.000000    
     kh_hill12     394.6661800000000         1.000000         0.000000    
     kh_hill13     279.5337200000000         1.000000         0.000000    
       kh_lake     242.6195600000000         1.000000         0.000000    
     kh_mang16     259.6502200000000         1.000000         0.000000    
     kh_mang17     384.0211700000000         1.000000         0.000000    
     kh_mang18     276.8469500000000         1.000000         0.000000    
     kh_mang19     214.1868600000000         1.000000         0.000000    
     kh_mang20     288.9773500000000         1.000000         0.000000    
     kh_mang21     162.0493200000000         1.000000         0.000000    
     kh_mang22     248.9490500000000         1.000000         0.000000    
     kh_mor_l0     317.8717000000000         1.000000         0.000000    
     kh_mor_l1    1.1452937000000000E-04     1.000000         0.000000    
    kh_riv_g23     333.2652800000000         1.000000         0.000000    
    kh_riv_g24     308.0109100000000         1.000000         0.000000    
    kh_riv_g25     344.2063200000000         1.000000         0.000000    
    kh_riv_g26     287.7013700000000         1.000000         0.000000    
    kh_riv_g27     259.8117900000000         1.000000         0.000000    
    kh_riv_g28     292.1411400000000         1.000000         0.000000    
    kh_riv_g29     205.2122400000000         1.000000         0.000000    
    kh_riv_g30     378.5644500000000         1.000000         0.000000    
    kh_riv_g60     179.8052600000000         1.000000         0.000000    
    kh_riv_g61     169.3502200000000         1.000000         0.000000    
    kh_riv_g62     248.4427400000000         1.000000         0.000000    
    kh_riv_g63     415.8409200000000         1.000000         0.000000    
    kh_sandy31     258.8752800000000         1.000000         0.000000    
    kh_sandy32     231.8092600000000         1.000000         0.000000    
    kh_sandy70     224.1321000000000         1.000000         0.000000    
    kh_sandy71     221.8317000000000         1.000000         0.000000    
      kh_ter14     34.74010400000000         1.000000         0.000000    
      kh_ter15     57.15631000000000         1.000000         0.000000    
      kh_ter33     59.95226500000000         1.000000         0.000000    
      kh_ter34     56.01899900000000         1.000000         0.000000    
      kh_ter35     127.4604200000000         1.000000         0.000000    
      kh_ter36     28.72167700000000         1.000000         0.000000    
      kh_ter37     75.15136300000000         1.000000         0.000000    
      kh_ter38     29.27004000000000         1.000000         0.000000    
      kh_ter39     37.81837300000000         1.000000         0.000000    
      kh_ter80     50.78823200000000         1.000000         0.000000    
      kh_ter81     57.54729700000000         1.000000         0.000000    
      kh_ter82     72.87994600000000         1.000000         0.000000    
      kh_ter83     96.64581800000001         1.000000         0.000000    
      kh_ter84     119.2635500000000         1.000000         0.000000    
      kh_ter85     45.92542200000000         1.000000         0.000000    
      kh_ter86     40.56795000000000         1.000000         0.000000    
      kh_ter87     60.89715100000000         1.000000         0.000000    
      kh_ter88     23.26441000000000         1.000000         0.000000    
      race_all    0.9761116000000000         1.000000         0.000000    
       rch_all     1.005401400000000         1.000000         0.000000    
        riv_c1     1005.879600000000         1.000000         0.000000    
     riv_gview     97.15414000000000         1.000000         0.000000    
        riv_h1     1041.011900000000         1.000000         0.000000    
        riv_h2     967.2999900000000         1.000000         0.000000    
        riv_h3     974.6286000000000         1.000000         0.000000    
      riv_john     84.12038400000000         1.000000         0.000000    
    sy_h_flat1    9.6840924999999998E-03     1.000000         0.000000    
   sy_h_flat10    9.0201937999999995E-03     1.000000         0.000000    
    sy_h_flat2    1.0481743999999999E-02     1.000000         0.000000    
    sy_h_flat3    8.0173798999999997E-03     1.000000         0.000000    
    sy_h_flat4    1.0395145000000000E-02     1.000000         0.000000    
   sy_h_flat45    1.0313475000000001E-02     1.000000         0.000000    
   sy_h_flat46    7.8650578000000002E-03     1.000000         0.000000    
    sy_h_flat5    8.5137301000000002E-03     1.000000         0.000000    
   sy_h_flat51    1.1577700000000000E-02     1.000000         0.000000    
    sy_h_flat6    7.9183789000000001E-03     1.000000         0.000000    
    sy_h_flat7    9.7374188999999993E-03     1.000000         0.000000    
    sy_h_flat8    1.4345851000000000E-02     1.000000         0.000000    
   sy_h_flat89    1.2000739999999999E-02     1.000000         0.000000    
    sy_h_flat9    1.0104518000000000E-02     1.000000         0.000000    
     sy_hill11    9.8783961000000007E-03     1.000000         0.000000    
     sy_hill12    8.8121541000000005E-03     1.000000         0.000000    
     sy_hill13    9.4774678000000001E-03     1.000000         0.000000    
     sy_mang16    8.6893024999999992E-03     1.000000         0.000000    
     sy_mang17    1.4351600000000001E-02     1.000000         0.000000    
     sy_mang18    9.1108759000000008E-03     1.000000         0.000000    
     sy_mang19    8.6932547999999995E-03     1.000000         0.000000    
     sy_mang20    1.0773303999999999E-02     1.000000         0.000000    
     sy_mang21    1.0765365000000001E-02     1.000000         0.000000    
     sy_mang22    9.7507475999999999E-03     1.000000         0.000000    
    sy_riv_g23    1.3501255000000000E-02     1.000000         0.000000    
    sy_riv_g24    1.0458474000000001E-02     1.000000         0.000000    
    sy_riv_g25    1.7695260000000001E-02     1.000000         0.000000    
    sy_riv_g26    1.6143166000000000E-02     1.000000         0.000000    
    sy_riv_g27    8.1561414000000006E-03     1.000000         0.000000    
    sy_riv_g28    7.5974752999999999E-03     1.000000         0.000000    
    sy_riv_g29    9.1877855000000001E-03     1.000000         0.000000    
    sy_riv_g30    9.7234881000000002E-03     1.000000         0.000000    
    sy_riv_g60    9.5111243999999994E-03     1.000000         0.000000    
    sy_riv_g61    9.4319729999999997E-03     1.000000         0.000000    
    sy_riv_g62    1.0989766999999999E-02     1.000000         0.000000    
    sy_riv_g63    9.2578334000000002E-03     1.000000         0.000000    
    sy_sandy31    8.8716505999999994E-03     1.000000         0.000000    
    sy_sandy32    8.7355886000000001E-03     1.000000         0.000000    
    sy_sandy70    9.0794108999999994E-03     1.000000         0.000000    
    sy_sandy71    8.6921454000000002E-03     1.000000         0.000000    
  sy_ss_mor_l0    8.8261471000000003E-05     1.000000         0.000000    
  sy_ss_mor_l1    1.3709981000000000E-04     1.000000         0.000000    
    sy_ss_rest    6.9981388999999997E-05     1.000000         0.000000    
  sy_sy_mor_l0    1.5486273000000000E-02     1.000000         0.000000    
  sy_sy_mor_l1    1.0000000000000000E-03     1.000000         0.000000    
      sy_ter14    8.2740120000000007E-03     1.000000         0.000000    
      sy_ter15    7.9398516000000006E-03     1.000000         0.000000    
      sy_ter33    9.2806729000000001E-03     1.000000         0.000000    
      sy_ter34    1.0641568000000001E-02     1.000000         0.000000    
      sy_ter35    1.8795536000000002E-02     1.000000         0.000000    
      sy_ter36    1.1302269000000000E-02     1.000000         0.000000    
      sy_ter37    1.3306146000000000E-02     1.000000         0.000000    
      sy_ter38    1.0429196000000000E-02     1.000000         0.000000    
      sy_ter39    1.2991839000000000E-02     1.000000         0.000000    
      sy_ter80    1.0881798000000000E-02     1.000000         0.000000    
      sy_ter81    1.2359558000000000E-02     1.000000         0.000000    
      sy_ter82    9.0043047000000001E-03     1.000000         0.000000    
      sy_ter83    1.3507916000000000E-02     1.000000         0.000000    
      sy_ter84    1.0273292999999999E-02     1.000000         0.000000    
      sy_ter85    1.0017145000000000E-02     1.000000         0.000000    
      sy_ter86    8.7229274000000002E-03     1.000000         0.000000    
      sy_ter87    1.1658279000000001E-02     1.000000         0.000000    
      sy_ter88    1.3300307000000001E-02     1.000000         0.000000    
