  single point
     hill_main     1.200000000000000         1.000000         0.000000    
     hill_mang     1.200000000000000         1.000000         0.000000    
       hill_se     1.200000000000000         1.000000         0.000000    
    kh_h_flat1     5.696763000000000         1.000000         0.000000    
   kh_h_flat10     51.04066900000000         1.000000         0.000000    
    kh_h_flat2     42.62556800000000         1.000000         0.000000    
    kh_h_flat3     173.5988600000000         1.000000         0.000000    
    kh_h_flat4     1000.000000000000         1.000000         0.000000    
   kh_h_flat45     644.2445400000000         1.000000         0.000000    
   kh_h_flat46     1000.000000000000         1.000000         0.000000    
    kh_h_flat5     1000.000000000000         1.000000         0.000000    
   kh_h_flat51     1000.000000000000         1.000000         0.000000    
    kh_h_flat6    0.2453014300000000         1.000000         0.000000    
    kh_h_flat7     1000.000000000000         1.000000         0.000000    
    kh_h_flat8     1000.000000000000         1.000000         0.000000    
   kh_h_flat89     1000.000000000000         1.000000         0.000000    
    kh_h_flat9     112.7262900000000         1.000000         0.000000    
     kh_hill11    1.0000000000000000E-02     1.000000         0.000000    
     kh_hill12     1.984753300000000         1.000000         0.000000    
     kh_hill13     76.14227800000000         1.000000         0.000000    
       kh_lake     26.15094500000000         1.000000         0.000000    
     kh_mang16     8.489384899999999         1.000000         0.000000    
     kh_mang17     1000.000000000000         1.000000         0.000000    
     kh_mang18     79.60708500000000         1.000000         0.000000    
     kh_mang19    1.0000000000000000E-02     1.000000         0.000000    
     kh_mang20     379.3083000000000         1.000000         0.000000    
     kh_mang21     4.729920300000000         1.000000         0.000000    
     kh_mang22    0.3571703000000000         1.000000         0.000000    
     kh_mor_l0     1000.000000000000         1.000000         0.000000    
     kh_mor_l1    0.1193930600000000         1.000000         0.000000    
    kh_riv_g23     1.105760000000000         1.000000         0.000000    
    kh_riv_g24    0.4957448100000000         1.000000         0.000000    
    kh_riv_g25     81.74844000000000         1.000000         0.000000    
    kh_riv_g26     80.09214500000000         1.000000         0.000000    
    kh_riv_g27    6.1499649000000003E-02     1.000000         0.000000    
    kh_riv_g28     64.82999599999999         1.000000         0.000000    
    kh_riv_g29     467.0750600000000         1.000000         0.000000    
    kh_riv_g30     1000.000000000000         1.000000         0.000000    
    kh_riv_g60     1000.000000000000         1.000000         0.000000    
    kh_riv_g61     80.61975400000000         1.000000         0.000000    
    kh_riv_g62     277.0711800000000         1.000000         0.000000    
    kh_riv_g63    1.0000000000000000E-02     1.000000         0.000000    
    kh_sandy31     70.77953500000000         1.000000         0.000000    
    kh_sandy32     9.458004400000000         1.000000         0.000000    
    kh_sandy70     5.239676900000000         1.000000         0.000000    
    kh_sandy71    5.1437670999999997E-02     1.000000         0.000000    
      kh_ter14    0.4345773400000000         1.000000         0.000000    
      kh_ter15     120.8982900000000         1.000000         0.000000    
      kh_ter33     1000.000000000000         1.000000         0.000000    
      kh_ter34     1000.000000000000         1.000000         0.000000    
      kh_ter35     1000.000000000000         1.000000         0.000000    
      kh_ter36     141.3309200000000         1.000000         0.000000    
      kh_ter37     167.2151200000000         1.000000         0.000000    
      kh_ter38    1.0000000000000000E-02     1.000000         0.000000    
      kh_ter39    0.1432115700000000         1.000000         0.000000    
      kh_ter80     1000.000000000000         1.000000         0.000000    
      kh_ter81     106.3981200000000         1.000000         0.000000    
      kh_ter82     4.920668200000000         1.000000         0.000000    
      kh_ter83    1.0000000000000000E-02     1.000000         0.000000    
      kh_ter84     1000.000000000000         1.000000         0.000000    
      kh_ter85    0.5212564900000000         1.000000         0.000000    
      kh_ter86     1.973349700000000         1.000000         0.000000    
      kh_ter87    1.0000000000000000E-02     1.000000         0.000000    
      kh_ter88     1000.000000000000         1.000000         0.000000    
      race_all     1.200000000000000         1.000000         0.000000    
       rch_all    0.5000000000000000         1.000000         0.000000    
        riv_c1     1060.023700000000         1.000000         0.000000    
     riv_gview     50.00000000000000         1.000000         0.000000    
        riv_h1     832.6351800000000         1.000000         0.000000    
        riv_h2     1303.763300000000         1.000000         0.000000    
        riv_h3     3927.178100000000         1.000000         0.000000    
      riv_john     50.00000000000000         1.000000         0.000000    
    sy_h_flat1    1.0000000000000000E-04     1.000000         0.000000    
   sy_h_flat10    0.3000000000000000         1.000000         0.000000    
    sy_h_flat2    0.3000000000000000         1.000000         0.000000    
    sy_h_flat3    1.4261160000000001E-03     1.000000         0.000000    
    sy_h_flat4    0.3000000000000000         1.000000         0.000000    
   sy_h_flat45    0.1901579400000000         1.000000         0.000000    
   sy_h_flat46    1.0000000000000000E-04     1.000000         0.000000    
    sy_h_flat5    1.7516014999999999E-04     1.000000         0.000000    
   sy_h_flat51    4.0221759000000001E-03     1.000000         0.000000    
    sy_h_flat6    2.0302857000000000E-03     1.000000         0.000000    
    sy_h_flat7    0.3000000000000000         1.000000         0.000000    
    sy_h_flat8    1.9312472000000001E-02     1.000000         0.000000    
   sy_h_flat89    0.2887073300000000         1.000000         0.000000    
    sy_h_flat9    0.3000000000000000         1.000000         0.000000    
     sy_hill11    1.0000000000000000E-04     1.000000         0.000000    
     sy_hill12    7.2559006999999996E-04     1.000000         0.000000    
     sy_hill13    2.4412542000000000E-03     1.000000         0.000000    
     sy_mang16    3.6010345999999999E-02     1.000000         0.000000    
     sy_mang17    4.0892181999999999E-02     1.000000         0.000000    
     sy_mang18    0.2860220800000000         1.000000         0.000000    
     sy_mang19    3.5920449000000001E-04     1.000000         0.000000    
     sy_mang20    0.1007321800000000         1.000000         0.000000    
     sy_mang21    3.2337338000000000E-02     1.000000         0.000000    
     sy_mang22    1.9084607000000001E-03     1.000000         0.000000    
    sy_riv_g23    6.1391636999999998E-04     1.000000         0.000000    
    sy_riv_g24    1.5765660000000001E-02     1.000000         0.000000    
    sy_riv_g25    0.3000000000000000         1.000000         0.000000    
    sy_riv_g26    0.3000000000000000         1.000000         0.000000    
    sy_riv_g27    1.5063189000000001E-03     1.000000         0.000000    
    sy_riv_g28    7.4729718000000000E-04     1.000000         0.000000    
    sy_riv_g29    9.9602429000000001E-04     1.000000         0.000000    
    sy_riv_g30    0.2186365100000000         1.000000         0.000000    
    sy_riv_g60    3.9776040999999996E-03     1.000000         0.000000    
    sy_riv_g61    4.7118154000000002E-02     1.000000         0.000000    
    sy_riv_g62    0.1531489200000000         1.000000         0.000000    
    sy_riv_g63    1.4497016000000000E-02     1.000000         0.000000    
    sy_sandy31    1.5442728000000000E-03     1.000000         0.000000    
    sy_sandy32    8.7939764000000004E-03     1.000000         0.000000    
    sy_sandy70    1.7664111000000001E-03     1.000000         0.000000    
    sy_sandy71    1.1570096000000000E-02     1.000000         0.000000    
  sy_ss_mor_l0    8.5191564000000001E-05     1.000000         0.000000    
  sy_ss_mor_l1    4.0808381000000002E-04     1.000000         0.000000    
    sy_ss_rest    6.1681243999999999E-06     1.000000         0.000000    
  sy_sy_mor_l0    0.1013641300000000         1.000000         0.000000    
  sy_sy_mor_l1    9.9999235999999997E-04     1.000000         0.000000    
      sy_ter14    9.7812391000000002E-03     1.000000         0.000000    
      sy_ter15    1.1508276000000001E-04     1.000000         0.000000    
      sy_ter33    0.3000000000000000         1.000000         0.000000    
      sy_ter34    0.3000000000000000         1.000000         0.000000    
      sy_ter35    9.2901950999999997E-02     1.000000         0.000000    
      sy_ter36    0.1500081900000000         1.000000         0.000000    
      sy_ter37    0.3000000000000000         1.000000         0.000000    
      sy_ter38    0.3000000000000000         1.000000         0.000000    
      sy_ter39    1.5320419000000000E-02     1.000000         0.000000    
      sy_ter80    3.5254870999999999E-03     1.000000         0.000000    
      sy_ter81    0.3000000000000000         1.000000         0.000000    
      sy_ter82    3.9058466999999999E-03     1.000000         0.000000    
      sy_ter83    0.3000000000000000         1.000000         0.000000    
      sy_ter84    1.3232145000000001E-02     1.000000         0.000000    
      sy_ter85    0.1481606100000000         1.000000         0.000000    
      sy_ter86    0.3000000000000000         1.000000         0.000000    
      sy_ter87    0.3000000000000000         1.000000         0.000000    
      sy_ter88    6.4740049999999993E-02     1.000000         0.000000    
