  single point
     hill_main    0.8253818100000000         1.000000         0.000000    
     hill_mang    0.8000000000000000         1.000000         0.000000    
       hill_se     1.089851600000000         1.000000         0.000000    
    kh_h_flat1     70.16269699999999         1.000000         0.000000    
   kh_h_flat10     177.3457000000000         1.000000         0.000000    
    kh_h_flat2     27.22486500000000         1.000000         0.000000    
    kh_h_flat3     481.5739300000000         1.000000         0.000000    
    kh_h_flat4     119.8984700000000         1.000000         0.000000    
   kh_h_flat45     568.2175800000000         1.000000         0.000000    
   kh_h_flat46     29.30105500000000         1.000000         0.000000    
    kh_h_flat5     1000.000000000000         1.000000         0.000000    
   kh_h_flat51     1000.000000000000         1.000000         0.000000    
    kh_h_flat6     1000.000000000000         1.000000         0.000000    
    kh_h_flat7     1000.000000000000         1.000000         0.000000    
    kh_h_flat8     1000.000000000000         1.000000         0.000000    
   kh_h_flat89     1000.000000000000         1.000000         0.000000    
    kh_h_flat9     164.3814500000000         1.000000         0.000000    
     kh_hill11     241.5019100000000         1.000000         0.000000    
     kh_hill12     1000.000000000000         1.000000         0.000000    
     kh_hill13     299.4028500000000         1.000000         0.000000    
       kh_lake     20.68558400000000         1.000000         0.000000    
     kh_mang16     88.17150300000000         1.000000         0.000000    
     kh_mang17     518.4925600000000         1.000000         0.000000    
     kh_mang18     89.53584600000001         1.000000         0.000000    
     kh_mang19     10.51205000000000         1.000000         0.000000    
     kh_mang20     1000.000000000000         1.000000         0.000000    
     kh_mang21     134.0481000000000         1.000000         0.000000    
     kh_mang22     16.19937100000000         1.000000         0.000000    
     kh_mor_l0     1000.000000000000         1.000000         0.000000    
     kh_mor_l1    1.3800849999999999E-04     1.000000         0.000000    
    kh_riv_g23     32.97816600000000         1.000000         0.000000    
    kh_riv_g24     339.0735500000000         1.000000         0.000000    
    kh_riv_g25     377.8584100000000         1.000000         0.000000    
    kh_riv_g26     348.8763900000000         1.000000         0.000000    
    kh_riv_g27     23.96405200000000         1.000000         0.000000    
    kh_riv_g28     195.1626500000000         1.000000         0.000000    
    kh_riv_g29     585.7180000000000         1.000000         0.000000    
    kh_riv_g30     1000.000000000000         1.000000         0.000000    
    kh_riv_g60     268.5705700000000         1.000000         0.000000    
    kh_riv_g61     4.922776700000000         1.000000         0.000000    
    kh_riv_g62     242.0889000000000         1.000000         0.000000    
    kh_riv_g63     582.7934900000000         1.000000         0.000000    
    kh_sandy31     944.2325800000000         1.000000         0.000000    
    kh_sandy32     363.1635500000000         1.000000         0.000000    
    kh_sandy70    0.1604663800000000         1.000000         0.000000    
    kh_sandy71     4.569080000000000         1.000000         0.000000    
      kh_ter14     3.133783800000000         1.000000         0.000000    
      kh_ter15     177.2739000000000         1.000000         0.000000    
      kh_ter33     1000.000000000000         1.000000         0.000000    
      kh_ter34     385.3505200000000         1.000000         0.000000    
      kh_ter35     1000.000000000000         1.000000         0.000000    
      kh_ter36     30.85672900000000         1.000000         0.000000    
      kh_ter37     387.3130300000000         1.000000         0.000000    
      kh_ter38    0.4025113400000000         1.000000         0.000000    
      kh_ter39     3.339214700000000         1.000000         0.000000    
      kh_ter80     3.189113400000000         1.000000         0.000000    
      kh_ter81     173.4475300000000         1.000000         0.000000    
      kh_ter82     36.18987000000000         1.000000         0.000000    
      kh_ter83     105.8508700000000         1.000000         0.000000    
      kh_ter84     1000.000000000000         1.000000         0.000000    
      kh_ter85     35.49515100000000         1.000000         0.000000    
      kh_ter86     5.249793400000000         1.000000         0.000000    
      kh_ter87     203.7358500000000         1.000000         0.000000    
      kh_ter88     22.01463200000000         1.000000         0.000000    
      race_all    0.8258934700000000         1.000000         0.000000    
       rch_all    0.9611703500000000         1.000000         0.000000    
        riv_c1     1023.382700000000         1.000000         0.000000    
     riv_gview     75.89724699999999         1.000000         0.000000    
        riv_h1     1755.173900000000         1.000000         0.000000    
        riv_h2     811.2823200000000         1.000000         0.000000    
        riv_h3     1883.979600000000         1.000000         0.000000    
      riv_john     50.00000000000000         1.000000         0.000000    
    sy_h_flat1    2.0462502000000000E-03     1.000000         0.000000    
   sy_h_flat10    1.6995725000000000E-02     1.000000         0.000000    
    sy_h_flat2    0.1055902600000000         1.000000         0.000000    
    sy_h_flat3    4.3814537999999998E-03     1.000000         0.000000    
    sy_h_flat4    0.1377416100000000         1.000000         0.000000    
   sy_h_flat45    1.1553417000000000E-02     1.000000         0.000000    
   sy_h_flat46    1.0626035000000001E-02     1.000000         0.000000    
    sy_h_flat5    2.1351286000000001E-02     1.000000         0.000000    
   sy_h_flat51    4.8303094999999997E-02     1.000000         0.000000    
    sy_h_flat6    6.6778797999999997E-03     1.000000         0.000000    
    sy_h_flat7    9.6088753999999995E-03     1.000000         0.000000    
    sy_h_flat8    7.2148741999999997E-03     1.000000         0.000000    
   sy_h_flat89    4.1773229000000002E-02     1.000000         0.000000    
    sy_h_flat9    4.0083185999999996E-03     1.000000         0.000000    
     sy_hill11    1.6446196999999999E-02     1.000000         0.000000    
     sy_hill12    4.6949657000000004E-03     1.000000         0.000000    
     sy_hill13    7.6249611999999996E-03     1.000000         0.000000    
     sy_mang16    7.2610267999999997E-03     1.000000         0.000000    
     sy_mang17    0.1643836200000000         1.000000         0.000000    
     sy_mang18    9.3066535999999991E-03     1.000000         0.000000    
     sy_mang19    1.0000000000000000E-04     1.000000         0.000000    
     sy_mang20    3.8361253999999997E-02     1.000000         0.000000    
     sy_mang21    2.1237237999999999E-02     1.000000         0.000000    
     sy_mang22    7.3460449000000002E-03     1.000000         0.000000    
    sy_riv_g23    3.0383841999999999E-03     1.000000         0.000000    
    sy_riv_g24    6.8427604000000000E-03     1.000000         0.000000    
    sy_riv_g25    0.2234461600000000         1.000000         0.000000    
    sy_riv_g26    0.3000000000000000         1.000000         0.000000    
    sy_riv_g27    4.0408372999999999E-03     1.000000         0.000000    
    sy_riv_g28    8.3663430000000005E-04     1.000000         0.000000    
    sy_riv_g29    4.1524047999999996E-03     1.000000         0.000000    
    sy_riv_g30    2.1043592999999999E-02     1.000000         0.000000    
    sy_riv_g60    5.8480442999999998E-03     1.000000         0.000000    
    sy_riv_g61    4.6621787000000001E-03     1.000000         0.000000    
    sy_riv_g62    4.1340625999999998E-02     1.000000         0.000000    
    sy_riv_g63    4.3341571000000004E-03     1.000000         0.000000    
    sy_sandy31    5.9031963999999996E-03     1.000000         0.000000    
    sy_sandy32    7.2474178999999998E-03     1.000000         0.000000    
    sy_sandy70    8.5812616000000008E-03     1.000000         0.000000    
    sy_sandy71    1.3822624000000000E-02     1.000000         0.000000    
  sy_ss_mor_l0    8.4753337000000002E-05     1.000000         0.000000    
  sy_ss_mor_l1    4.1740407000000001E-04     1.000000         0.000000    
    sy_ss_rest    3.9977132000000003E-06     1.000000         0.000000    
  sy_sy_mor_l0    9.1676356000000001E-02     1.000000         0.000000    
  sy_sy_mor_l1    1.0000000000000000E-03     1.000000         0.000000    
      sy_ter14    9.7890427999999998E-03     1.000000         0.000000    
      sy_ter15    2.8925189000000000E-02     1.000000         0.000000    
      sy_ter33    7.0315270000000001E-03     1.000000         0.000000    
      sy_ter34    2.2897253999999999E-02     1.000000         0.000000    
      sy_ter35    0.3000000000000000         1.000000         0.000000    
      sy_ter36    5.8244111000000001E-02     1.000000         0.000000    
      sy_ter37    7.5810926000000001E-02     1.000000         0.000000    
      sy_ter38    6.6640087000000001E-02     1.000000         0.000000    
      sy_ter39    2.8573764000000001E-02     1.000000         0.000000    
      sy_ter80    1.1841509000000000E-03     1.000000         0.000000    
      sy_ter81    0.3000000000000000         1.000000         0.000000    
      sy_ter82    4.5070509999999998E-03     1.000000         0.000000    
      sy_ter83    1.4934460000000001E-03     1.000000         0.000000    
      sy_ter84    6.7554047000000002E-03     1.000000         0.000000    
      sy_ter85    6.6481745000000004E-03     1.000000         0.000000    
      sy_ter86    9.0831507000000006E-03     1.000000         0.000000    
      sy_ter87    9.7715609999999989E-04     1.000000         0.000000    
      sy_ter88    9.5513819000000000E-02     1.000000         0.000000    
