  single point
     hill_main     1.047115500000000         1.000000         0.000000    
     hill_mang     1.200000000000000         1.000000         0.000000    
       hill_se     1.200000000000000         1.000000         0.000000    
    kh_h_flat1     23.10478800000000         1.000000         0.000000    
   kh_h_flat10     11.69320200000000         1.000000         0.000000    
    kh_h_flat2     7.183445000000000         1.000000         0.000000    
    kh_h_flat3     434.0912700000000         1.000000         0.000000    
    kh_h_flat4     1000.000000000000         1.000000         0.000000    
   kh_h_flat45     1000.000000000000         1.000000         0.000000    
   kh_h_flat46     124.4732300000000         1.000000         0.000000    
    kh_h_flat5     1000.000000000000         1.000000         0.000000    
   kh_h_flat51     1000.000000000000         1.000000         0.000000    
    kh_h_flat6     1000.000000000000         1.000000         0.000000    
    kh_h_flat7     1000.000000000000         1.000000         0.000000    
    kh_h_flat8     1000.000000000000         1.000000         0.000000    
   kh_h_flat89     1000.000000000000         1.000000         0.000000    
    kh_h_flat9     410.5658300000000         1.000000         0.000000    
     kh_hill11     42.83877900000000         1.000000         0.000000    
     kh_hill12     1000.000000000000         1.000000         0.000000    
     kh_hill13     523.8069300000000         1.000000         0.000000    
       kh_lake     18.53365100000000         1.000000         0.000000    
     kh_mang16     11.89130400000000         1.000000         0.000000    
     kh_mang17     1000.000000000000         1.000000         0.000000    
     kh_mang18     295.1548100000000         1.000000         0.000000    
     kh_mang19    1.0000000000000000E-02     1.000000         0.000000    
     kh_mang20     1000.000000000000         1.000000         0.000000    
     kh_mang21     1000.000000000000         1.000000         0.000000    
     kh_mang22     1.831034000000000         1.000000         0.000000    
     kh_mor_l0     1000.000000000000         1.000000         0.000000    
     kh_mor_l1    2.5493292000000001E-02     1.000000         0.000000    
    kh_riv_g23    0.7494297700000000         1.000000         0.000000    
    kh_riv_g24     19.47191500000000         1.000000         0.000000    
    kh_riv_g25     209.4833600000000         1.000000         0.000000    
    kh_riv_g26     193.7268000000000         1.000000         0.000000    
    kh_riv_g27    0.4271023400000000         1.000000         0.000000    
    kh_riv_g28     103.2964400000000         1.000000         0.000000    
    kh_riv_g29     1000.000000000000         1.000000         0.000000    
    kh_riv_g30     1000.000000000000         1.000000         0.000000    
    kh_riv_g60     1000.000000000000         1.000000         0.000000    
    kh_riv_g61     18.11217400000000         1.000000         0.000000    
    kh_riv_g62     1000.000000000000         1.000000         0.000000    
    kh_riv_g63    1.6874434000000001E-02     1.000000         0.000000    
    kh_sandy31     512.6149700000000         1.000000         0.000000    
    kh_sandy32     158.7009600000000         1.000000         0.000000    
    kh_sandy70     1.040220700000000         1.000000         0.000000    
    kh_sandy71    0.1912674500000000         1.000000         0.000000    
      kh_ter14     1.231281400000000         1.000000         0.000000    
      kh_ter15     417.3662900000000         1.000000         0.000000    
      kh_ter33     1000.000000000000         1.000000         0.000000    
      kh_ter34     1000.000000000000         1.000000         0.000000    
      kh_ter35     1000.000000000000         1.000000         0.000000    
      kh_ter36     85.01522700000000         1.000000         0.000000    
      kh_ter37     41.02320000000000         1.000000         0.000000    
      kh_ter38    1.0000000000000000E-02     1.000000         0.000000    
      kh_ter39    0.5387144699999999         1.000000         0.000000    
      kh_ter80     15.82869600000000         1.000000         0.000000    
      kh_ter81     129.1382400000000         1.000000         0.000000    
      kh_ter82    0.2163066200000000         1.000000         0.000000    
      kh_ter83    0.7889300600000000         1.000000         0.000000    
      kh_ter84     1000.000000000000         1.000000         0.000000    
      kh_ter85     6.699404800000000         1.000000         0.000000    
      kh_ter86     1.953082800000000         1.000000         0.000000    
      kh_ter87    0.2074256400000000         1.000000         0.000000    
      kh_ter88     1000.000000000000         1.000000         0.000000    
      race_all     1.200000000000000         1.000000         0.000000    
       rch_all    0.6759900100000000         1.000000         0.000000    
        riv_c1     1846.966900000000         1.000000         0.000000    
     riv_gview     50.00000000000000         1.000000         0.000000    
        riv_h1     1416.966300000000         1.000000         0.000000    
        riv_h2     1424.130300000000         1.000000         0.000000    
        riv_h3     10000.00000000000         1.000000         0.000000    
      riv_john     50.00000000000000         1.000000         0.000000    
    sy_h_flat1    1.0102974000000000E-03     1.000000         0.000000    
   sy_h_flat10    3.7366106000000003E-02     1.000000         0.000000    
    sy_h_flat2    0.3000000000000000         1.000000         0.000000    
    sy_h_flat3    3.4001978999999999E-04     1.000000         0.000000    
    sy_h_flat4    0.3000000000000000         1.000000         0.000000    
   sy_h_flat45    0.2196172000000000         1.000000         0.000000    
   sy_h_flat46    1.0294894000000001E-03     1.000000         0.000000    
    sy_h_flat5    4.4223680000000003E-03     1.000000         0.000000    
   sy_h_flat51    0.3000000000000000         1.000000         0.000000    
    sy_h_flat6    6.5552151999999997E-03     1.000000         0.000000    
    sy_h_flat7    0.3000000000000000         1.000000         0.000000    
    sy_h_flat8    2.5073688000000000E-02     1.000000         0.000000    
   sy_h_flat89    0.1343608900000000         1.000000         0.000000    
    sy_h_flat9    1.1682363999999999E-03     1.000000         0.000000    
     sy_hill11    5.6582222999999997E-03     1.000000         0.000000    
     sy_hill12    2.1618210999999998E-02     1.000000         0.000000    
     sy_hill13    3.3082458999999999E-03     1.000000         0.000000    
     sy_mang16    8.3029586999999998E-04     1.000000         0.000000    
     sy_mang17    0.2133294000000000         1.000000         0.000000    
     sy_mang18    1.0346342999999999E-02     1.000000         0.000000    
     sy_mang19    2.7802859999999999E-03     1.000000         0.000000    
     sy_mang20    2.7568252000000001E-02     1.000000         0.000000    
     sy_mang21    0.1230781800000000         1.000000         0.000000    
     sy_mang22    2.8088091999999999E-03     1.000000         0.000000    
    sy_riv_g23    4.8365278000000002E-04     1.000000         0.000000    
    sy_riv_g24    2.1595871999999999E-02     1.000000         0.000000    
    sy_riv_g25    0.3000000000000000         1.000000         0.000000    
    sy_riv_g26    0.3000000000000000         1.000000         0.000000    
    sy_riv_g27    1.5727734999999999E-03     1.000000         0.000000    
    sy_riv_g28    1.7924497000000001E-04     1.000000         0.000000    
    sy_riv_g29    8.7913859000000004E-04     1.000000         0.000000    
    sy_riv_g30    6.2018981000000001E-02     1.000000         0.000000    
    sy_riv_g60    4.3498147999999999E-03     1.000000         0.000000    
    sy_riv_g61    4.2060699000000000E-02     1.000000         0.000000    
    sy_riv_g62    7.6260311999999997E-02     1.000000         0.000000    
    sy_riv_g63    4.7773929000000000E-03     1.000000         0.000000    
    sy_sandy31    1.3247364999999999E-03     1.000000         0.000000    
    sy_sandy32    9.2861278000000002E-03     1.000000         0.000000    
    sy_sandy70    1.1029525000000001E-03     1.000000         0.000000    
    sy_sandy71    1.3850304000000001E-02     1.000000         0.000000    
  sy_ss_mor_l0    8.0294108000000003E-05     1.000000         0.000000    
  sy_ss_mor_l1    5.0293333999999995E-04     1.000000         0.000000    
    sy_ss_rest    2.5803881999999999E-06     1.000000         0.000000    
  sy_sy_mor_l0    1.0960660000000001E-02     1.000000         0.000000    
  sy_sy_mor_l1    9.9999340999999990E-04     1.000000         0.000000    
      sy_ter14    1.7564772999999999E-02     1.000000         0.000000    
      sy_ter15    2.6838221999999999E-04     1.000000         0.000000    
      sy_ter33    0.3000000000000000         1.000000         0.000000    
      sy_ter34    0.3000000000000000         1.000000         0.000000    
      sy_ter35    0.2391854300000000         1.000000         0.000000    
      sy_ter36    0.3000000000000000         1.000000         0.000000    
      sy_ter37    0.3000000000000000         1.000000         0.000000    
      sy_ter38    0.3000000000000000         1.000000         0.000000    
      sy_ter39    4.0704977000000003E-02     1.000000         0.000000    
      sy_ter80    9.6313584999999993E-03     1.000000         0.000000    
      sy_ter81    0.3000000000000000         1.000000         0.000000    
      sy_ter82    1.1957225000000000E-02     1.000000         0.000000    
      sy_ter83    6.3330241000000001E-03     1.000000         0.000000    
      sy_ter84    5.7760568999999998E-02     1.000000         0.000000    
      sy_ter85    8.8679532000000005E-03     1.000000         0.000000    
      sy_ter86    0.1456153100000000         1.000000         0.000000    
      sy_ter87    0.1741738400000000         1.000000         0.000000    
      sy_ter88    0.3000000000000000         1.000000         0.000000    
