  single point
     hill_main    0.8225582200000000         1.000000         0.000000    
     hill_mang     1.075000000000000         1.000000         0.000000    
       hill_se     1.155835600000000         1.000000         0.000000    
    kh_h_flat1     53.73345400000000         1.000000         0.000000    
   kh_h_flat10     317.1903100000000         1.000000         0.000000    
    kh_h_flat2     17.30491900000000         1.000000         0.000000    
    kh_h_flat3     683.7346700000001         1.000000         0.000000    
    kh_h_flat4     106.6598900000000         1.000000         0.000000    
   kh_h_flat45     882.7820200000000         1.000000         0.000000    
   kh_h_flat46     33.82079200000000         1.000000         0.000000    
    kh_h_flat5     1000.000000000000         1.000000         0.000000    
   kh_h_flat51     1000.000000000000         1.000000         0.000000    
    kh_h_flat6     1000.000000000000         1.000000         0.000000    
    kh_h_flat7     1000.000000000000         1.000000         0.000000    
    kh_h_flat8     1000.000000000000         1.000000         0.000000    
   kh_h_flat89     1000.000000000000         1.000000         0.000000    
    kh_h_flat9     366.8873300000000         1.000000         0.000000    
     kh_hill11     13.77039300000000         1.000000         0.000000    
     kh_hill12     792.5209700000000         1.000000         0.000000    
     kh_hill13     443.9665500000000         1.000000         0.000000    
       kh_lake     25.15826400000000         1.000000         0.000000    
     kh_mang16     28.78902900000000         1.000000         0.000000    
     kh_mang17     1000.000000000000         1.000000         0.000000    
     kh_mang18     47.13233800000000         1.000000         0.000000    
     kh_mang19     6.575750800000000         1.000000         0.000000    
     kh_mang20     738.4419000000000         1.000000         0.000000    
     kh_mang21     475.3299800000000         1.000000         0.000000    
     kh_mang22     6.860212600000000         1.000000         0.000000    
     kh_mor_l0     999.4705000000000         1.000000         0.000000    
     kh_mor_l1    2.5990631000000002E-04     1.000000         0.000000    
    kh_riv_g23     1.399060100000000         1.000000         0.000000    
    kh_riv_g24     150.1816700000000         1.000000         0.000000    
    kh_riv_g25     246.6705800000000         1.000000         0.000000    
    kh_riv_g26     154.9348200000000         1.000000         0.000000    
    kh_riv_g27     9.611291200000000         1.000000         0.000000    
    kh_riv_g28     146.2016600000000         1.000000         0.000000    
    kh_riv_g29     1000.000000000000         1.000000         0.000000    
    kh_riv_g30     1000.000000000000         1.000000         0.000000    
    kh_riv_g60     1000.000000000000         1.000000         0.000000    
    kh_riv_g61     3.766427900000000         1.000000         0.000000    
    kh_riv_g62     688.4037700000000         1.000000         0.000000    
    kh_riv_g63     2.806146700000000         1.000000         0.000000    
    kh_sandy31     1000.000000000000         1.000000         0.000000    
    kh_sandy32     479.7545000000000         1.000000         0.000000    
    kh_sandy70    0.1654282600000000         1.000000         0.000000    
    kh_sandy71     3.969430000000000         1.000000         0.000000    
      kh_ter14     2.333023000000000         1.000000         0.000000    
      kh_ter15     67.51785400000000         1.000000         0.000000    
      kh_ter33     406.7850300000000         1.000000         0.000000    
      kh_ter34     997.2844300000000         1.000000         0.000000    
      kh_ter35     1000.000000000000         1.000000         0.000000    
      kh_ter36     48.43549800000000         1.000000         0.000000    
      kh_ter37     185.1827400000000         1.000000         0.000000    
      kh_ter38    6.7673876999999993E-02     1.000000         0.000000    
      kh_ter39     1.173608400000000         1.000000         0.000000    
      kh_ter80     1.912289100000000         1.000000         0.000000    
      kh_ter81     104.5657200000000         1.000000         0.000000    
      kh_ter82     10.52417900000000         1.000000         0.000000    
      kh_ter83     15.00795600000000         1.000000         0.000000    
      kh_ter84     1000.000000000000         1.000000         0.000000    
      kh_ter85     18.63883700000000         1.000000         0.000000    
      kh_ter86     2.129289200000000         1.000000         0.000000    
      kh_ter87     66.78751699999999         1.000000         0.000000    
      kh_ter88     64.23612100000000         1.000000         0.000000    
      race_all    0.8813635900000000         1.000000         0.000000    
       rch_all    0.8656905600000000         1.000000         0.000000    
        riv_c1     1282.656000000000         1.000000         0.000000    
     riv_gview     71.33588500000000         1.000000         0.000000    
        riv_h1     2193.828700000000         1.000000         0.000000    
        riv_h2     1395.518300000000         1.000000         0.000000    
        riv_h3     1999.836400000000         1.000000         0.000000    
      riv_john     50.00000000000000         1.000000         0.000000    
    sy_h_flat1    7.8571529999999998E-04     1.000000         0.000000    
   sy_h_flat10    2.1501569000000002E-02     1.000000         0.000000    
    sy_h_flat2    0.3000000000000000         1.000000         0.000000    
    sy_h_flat3    7.6565097999999998E-04     1.000000         0.000000    
    sy_h_flat4    0.2874138500000000         1.000000         0.000000    
   sy_h_flat45    4.6818529999999997E-02     1.000000         0.000000    
   sy_h_flat46    0.1013800500000000         1.000000         0.000000    
    sy_h_flat5    2.6361740000000002E-02     1.000000         0.000000    
   sy_h_flat51    0.2043208900000000         1.000000         0.000000    
    sy_h_flat6    7.2224534000000003E-03     1.000000         0.000000    
    sy_h_flat7    0.1158172900000000         1.000000         0.000000    
    sy_h_flat8    7.9806859999999996E-04     1.000000         0.000000    
   sy_h_flat89    3.2860107999999999E-02     1.000000         0.000000    
    sy_h_flat9    1.5749027000000000E-03     1.000000         0.000000    
     sy_hill11    3.9636628000000000E-02     1.000000         0.000000    
     sy_hill12    9.2852340999999994E-03     1.000000         0.000000    
     sy_hill13    6.0667046999999998E-03     1.000000         0.000000    
     sy_mang16    1.1065515000000001E-03     1.000000         0.000000    
     sy_mang17    0.1518946900000000         1.000000         0.000000    
     sy_mang18    1.6182156999999999E-02     1.000000         0.000000    
     sy_mang19    1.3935775000000001E-04     1.000000         0.000000    
     sy_mang20    2.0537458000000001E-02     1.000000         0.000000    
     sy_mang21    8.8333499999999995E-02     1.000000         0.000000    
     sy_mang22    8.6215232999999995E-03     1.000000         0.000000    
    sy_riv_g23    8.5028078000000005E-04     1.000000         0.000000    
    sy_riv_g24    6.7447586000000002E-03     1.000000         0.000000    
    sy_riv_g25    0.3000000000000000         1.000000         0.000000    
    sy_riv_g26    0.3000000000000000         1.000000         0.000000    
    sy_riv_g27    2.1761128999999999E-03     1.000000         0.000000    
    sy_riv_g28    2.5700141999999998E-04     1.000000         0.000000    
    sy_riv_g29    1.3272246999999999E-03     1.000000         0.000000    
    sy_riv_g30    3.5511689999999999E-02     1.000000         0.000000    
    sy_riv_g60    5.0289041999999999E-03     1.000000         0.000000    
    sy_riv_g61    9.1948069999999993E-03     1.000000         0.000000    
    sy_riv_g62    5.4087617999999997E-02     1.000000         0.000000    
    sy_riv_g63    6.6472036000000002E-03     1.000000         0.000000    
    sy_sandy31    5.3898228000000001E-03     1.000000         0.000000    
    sy_sandy32    7.1694501000000004E-03     1.000000         0.000000    
    sy_sandy70    8.3539622000000004E-03     1.000000         0.000000    
    sy_sandy71    1.6632373999999998E-02     1.000000         0.000000    
  sy_ss_mor_l0    8.3074029000000004E-05     1.000000         0.000000    
  sy_ss_mor_l1    8.9924712000000000E-04     1.000000         0.000000    
    sy_ss_rest    2.7945892000000001E-06     1.000000         0.000000    
  sy_sy_mor_l0    8.7969465999999996E-02     1.000000         0.000000    
  sy_sy_mor_l1    9.9999340999999990E-04     1.000000         0.000000    
      sy_ter14    1.8145280999999999E-02     1.000000         0.000000    
      sy_ter15    1.8133518000000000E-03     1.000000         0.000000    
      sy_ter33    7.8505407999999999E-03     1.000000         0.000000    
      sy_ter34    0.1438808900000000         1.000000         0.000000    
      sy_ter35    0.2318080100000000         1.000000         0.000000    
      sy_ter36    0.3000000000000000         1.000000         0.000000    
      sy_ter37    3.9056739000000000E-02     1.000000         0.000000    
      sy_ter38    4.8656059000000002E-02     1.000000         0.000000    
      sy_ter39    0.2779487900000000         1.000000         0.000000    
      sy_ter80    4.1237723000000002E-04     1.000000         0.000000    
      sy_ter81    0.3000000000000000         1.000000         0.000000    
      sy_ter82    4.9704641000000004E-03     1.000000         0.000000    
      sy_ter83    1.7134072000000000E-03     1.000000         0.000000    
      sy_ter84    1.0892904000000000E-02     1.000000         0.000000    
      sy_ter85    4.5342617999999998E-03     1.000000         0.000000    
      sy_ter86    2.1041093000000000E-02     1.000000         0.000000    
      sy_ter87    2.1479142000000001E-04     1.000000         0.000000    
      sy_ter88    0.1539730800000000         1.000000         0.000000    
