  single point
     hill_main    0.8387699000000000         1.000000         0.000000    
     hill_mang     1.100000000000000         1.000000         0.000000    
       hill_se     1.118190100000000         1.000000         0.000000    
    kh_h_flat1     58.89997200000000         1.000000         0.000000    
   kh_h_flat10     328.5000000000000         1.000000         0.000000    
    kh_h_flat2     19.88606000000000         1.000000         0.000000    
    kh_h_flat3     694.0225500000000         1.000000         0.000000    
    kh_h_flat4     101.5687400000000         1.000000         0.000000    
   kh_h_flat45     835.8317100000000         1.000000         0.000000    
   kh_h_flat46     32.62137500000000         1.000000         0.000000    
    kh_h_flat5     1000.000000000000         1.000000         0.000000    
   kh_h_flat51     1000.000000000000         1.000000         0.000000    
    kh_h_flat6     1000.000000000000         1.000000         0.000000    
    kh_h_flat7     1000.000000000000         1.000000         0.000000    
    kh_h_flat8     1000.000000000000         1.000000         0.000000    
   kh_h_flat89     1000.000000000000         1.000000         0.000000    
    kh_h_flat9     348.5601400000000         1.000000         0.000000    
     kh_hill11     14.28852900000000         1.000000         0.000000    
     kh_hill12     1000.000000000000         1.000000         0.000000    
     kh_hill13     416.1252300000000         1.000000         0.000000    
       kh_lake     25.57354900000000         1.000000         0.000000    
     kh_mang16     31.01567400000000         1.000000         0.000000    
     kh_mang17     1000.000000000000         1.000000         0.000000    
     kh_mang18     45.12098300000000         1.000000         0.000000    
     kh_mang19     7.465827500000000         1.000000         0.000000    
     kh_mang20     1000.000000000000         1.000000         0.000000    
     kh_mang21     339.2161300000000         1.000000         0.000000    
     kh_mang22     7.413237700000000         1.000000         0.000000    
     kh_mor_l0     1000.000000000000         1.000000         0.000000    
     kh_mor_l1    1.9013152000000000E-04     1.000000         0.000000    
    kh_riv_g23     1.461776100000000         1.000000         0.000000    
    kh_riv_g24     159.9547900000000         1.000000         0.000000    
    kh_riv_g25     273.3188900000000         1.000000         0.000000    
    kh_riv_g26     167.1186300000000         1.000000         0.000000    
    kh_riv_g27     10.53745400000000         1.000000         0.000000    
    kh_riv_g28     155.3729500000000         1.000000         0.000000    
    kh_riv_g29     1000.000000000000         1.000000         0.000000    
    kh_riv_g30     1000.000000000000         1.000000         0.000000    
    kh_riv_g60     1000.000000000000         1.000000         0.000000    
    kh_riv_g61     3.480961400000000         1.000000         0.000000    
    kh_riv_g62     683.5884700000000         1.000000         0.000000    
    kh_riv_g63     5.092114800000000         1.000000         0.000000    
    kh_sandy31     1000.000000000000         1.000000         0.000000    
    kh_sandy32     498.1160400000000         1.000000         0.000000    
    kh_sandy70    0.1367826300000000         1.000000         0.000000    
    kh_sandy71     4.015453300000000         1.000000         0.000000    
      kh_ter14     2.269126500000000         1.000000         0.000000    
      kh_ter15     70.05295800000000         1.000000         0.000000    
      kh_ter33     399.7516700000000         1.000000         0.000000    
      kh_ter34     942.0610100000000         1.000000         0.000000    
      kh_ter35     1000.000000000000         1.000000         0.000000    
      kh_ter36     47.25103200000000         1.000000         0.000000    
      kh_ter37     321.5321800000000         1.000000         0.000000    
      kh_ter38    7.8043222999999995E-02     1.000000         0.000000    
      kh_ter39     1.270356900000000         1.000000         0.000000    
      kh_ter80     1.732714400000000         1.000000         0.000000    
      kh_ter81     111.7984600000000         1.000000         0.000000    
      kh_ter82     11.49253900000000         1.000000         0.000000    
      kh_ter83     19.99247800000000         1.000000         0.000000    
      kh_ter84     1000.000000000000         1.000000         0.000000    
      kh_ter85     19.73714700000000         1.000000         0.000000    
      kh_ter86     2.089816900000000         1.000000         0.000000    
      kh_ter87     106.6561100000000         1.000000         0.000000    
      kh_ter88     55.77896600000000         1.000000         0.000000    
      race_all    0.8988355500000000         1.000000         0.000000    
       rch_all    0.8866578300000000         1.000000         0.000000    
        riv_c1     1228.696500000000         1.000000         0.000000    
     riv_gview     72.66412900000000         1.000000         0.000000    
        riv_h1     2183.277500000000         1.000000         0.000000    
        riv_h2     1431.315600000000         1.000000         0.000000    
        riv_h3     1950.476700000000         1.000000         0.000000    
      riv_john     50.00000000000000         1.000000         0.000000    
    sy_h_flat1    6.6884723000000003E-04     1.000000         0.000000    
   sy_h_flat10    2.1833934999999999E-02     1.000000         0.000000    
    sy_h_flat2    0.3000000000000000         1.000000         0.000000    
    sy_h_flat3    1.4695235999999999E-03     1.000000         0.000000    
    sy_h_flat4    0.3000000000000000         1.000000         0.000000    
   sy_h_flat45    3.9314383000000001E-02     1.000000         0.000000    
   sy_h_flat46    7.9777514999999993E-02     1.000000         0.000000    
    sy_h_flat5    3.7805414000000002E-02     1.000000         0.000000    
   sy_h_flat51    0.1871908300000000         1.000000         0.000000    
    sy_h_flat6    6.6593644000000002E-03     1.000000         0.000000    
    sy_h_flat7    3.9571646000000002E-02     1.000000         0.000000    
    sy_h_flat8    2.3483535999999998E-03     1.000000         0.000000    
   sy_h_flat89    2.7014402999999999E-02     1.000000         0.000000    
    sy_h_flat9    1.7764984000000000E-03     1.000000         0.000000    
     sy_hill11    6.7548679000000000E-02     1.000000         0.000000    
     sy_hill12    6.1518607999999997E-03     1.000000         0.000000    
     sy_hill13    6.4241361000000000E-03     1.000000         0.000000    
     sy_mang16    1.2666222000000001E-03     1.000000         0.000000    
     sy_mang17    0.1603197400000000         1.000000         0.000000    
     sy_mang18    1.5884499999999999E-02     1.000000         0.000000    
     sy_mang19    1.3533313000000001E-04     1.000000         0.000000    
     sy_mang20    2.0732845999999999E-02     1.000000         0.000000    
     sy_mang21    8.3599381000000000E-02     1.000000         0.000000    
     sy_mang22    9.0582418000000001E-03     1.000000         0.000000    
    sy_riv_g23    9.2977144999999996E-04     1.000000         0.000000    
    sy_riv_g24    6.2905171000000003E-03     1.000000         0.000000    
    sy_riv_g25    0.3000000000000000         1.000000         0.000000    
    sy_riv_g26    0.3000000000000000         1.000000         0.000000    
    sy_riv_g27    2.3707899999999998E-03     1.000000         0.000000    
    sy_riv_g28    2.7647813000000000E-04     1.000000         0.000000    
    sy_riv_g29    1.4654522000000000E-03     1.000000         0.000000    
    sy_riv_g30    3.3532587000000003E-02     1.000000         0.000000    
    sy_riv_g60    5.2043369000000003E-03     1.000000         0.000000    
    sy_riv_g61    7.1027881999999997E-03     1.000000         0.000000    
    sy_riv_g62    5.7426539999999998E-02     1.000000         0.000000    
    sy_riv_g63    6.4070343000000004E-03     1.000000         0.000000    
    sy_sandy31    6.2270244000000004E-03     1.000000         0.000000    
    sy_sandy32    6.9711069999999998E-03     1.000000         0.000000    
    sy_sandy70    1.0870454000000000E-02     1.000000         0.000000    
    sy_sandy71    1.8136124999999999E-02     1.000000         0.000000    
  sy_ss_mor_l0    8.3516930999999998E-05     1.000000         0.000000    
  sy_ss_mor_l1    5.8705379000000002E-04     1.000000         0.000000    
    sy_ss_rest    3.1358427000000000E-06     1.000000         0.000000    
  sy_sy_mor_l0    9.2567733999999999E-02     1.000000         0.000000    
  sy_sy_mor_l1    9.9999340999999990E-04     1.000000         0.000000    
      sy_ter14    1.8919299000000001E-02     1.000000         0.000000    
      sy_ter15    2.0094936000000000E-03     1.000000         0.000000    
      sy_ter33    7.8204578999999993E-03     1.000000         0.000000    
      sy_ter34    0.1066451300000000         1.000000         0.000000    
      sy_ter35    0.2466077900000000         1.000000         0.000000    
      sy_ter36    0.3000000000000000         1.000000         0.000000    
      sy_ter37    3.1628733999999999E-02     1.000000         0.000000    
      sy_ter38    4.3606654000000002E-02     1.000000         0.000000    
      sy_ter39    0.1860155500000000         1.000000         0.000000    
      sy_ter80    4.0932890999999998E-04     1.000000         0.000000    
      sy_ter81    0.3000000000000000         1.000000         0.000000    
      sy_ter82    4.9536412000000000E-03     1.000000         0.000000    
      sy_ter83    1.1693362000000001E-03     1.000000         0.000000    
      sy_ter84    9.7320640000000003E-03     1.000000         0.000000    
      sy_ter85    4.8849671000000001E-03     1.000000         0.000000    
      sy_ter86    1.9780944000000002E-02     1.000000         0.000000    
      sy_ter87    5.2897451999999996E-04     1.000000         0.000000    
      sy_ter88    0.1779654900000000         1.000000         0.000000    
