  single point
     hill_main    0.8434446000000000         1.000000         0.000000    
     hill_mang    0.9000000000000000         1.000000         0.000000    
       hill_se     1.096218900000000         1.000000         0.000000    
    kh_h_flat1     72.59257400000000         1.000000         0.000000    
   kh_h_flat10     158.4593500000000         1.000000         0.000000    
    kh_h_flat2     27.88093300000000         1.000000         0.000000    
    kh_h_flat3     469.7272700000000         1.000000         0.000000    
    kh_h_flat4     126.6095100000000         1.000000         0.000000    
   kh_h_flat45     506.8236500000000         1.000000         0.000000    
   kh_h_flat46     30.86000000000000         1.000000         0.000000    
    kh_h_flat5     1000.000000000000         1.000000         0.000000    
   kh_h_flat51     1000.000000000000         1.000000         0.000000    
    kh_h_flat6     1000.000000000000         1.000000         0.000000    
    kh_h_flat7     1000.000000000000         1.000000         0.000000    
    kh_h_flat8     1000.000000000000         1.000000         0.000000    
   kh_h_flat89     1000.000000000000         1.000000         0.000000    
    kh_h_flat9     149.7772600000000         1.000000         0.000000    
     kh_hill11     259.0540400000000         1.000000         0.000000    
     kh_hill12     1000.000000000000         1.000000         0.000000    
     kh_hill13     294.6304700000000         1.000000         0.000000    
       kh_lake     20.28698000000000         1.000000         0.000000    
     kh_mang16     114.2530400000000         1.000000         0.000000    
     kh_mang17     351.3095000000000         1.000000         0.000000    
     kh_mang18     119.8809600000000         1.000000         0.000000    
     kh_mang19     10.94789800000000         1.000000         0.000000    
     kh_mang20     1000.000000000000         1.000000         0.000000    
     kh_mang21     113.4982400000000         1.000000         0.000000    
     kh_mang22     19.31642100000000         1.000000         0.000000    
     kh_mor_l0     1000.000000000000         1.000000         0.000000    
     kh_mor_l1    1.3640279999999999E-04     1.000000         0.000000    
    kh_riv_g23     42.71889500000000         1.000000         0.000000    
    kh_riv_g24     339.0735500000000         1.000000         0.000000    
    kh_riv_g25     438.7150000000000         1.000000         0.000000    
    kh_riv_g26     358.8911100000000         1.000000         0.000000    
    kh_riv_g27     30.05354900000000         1.000000         0.000000    
    kh_riv_g28     197.3279500000000         1.000000         0.000000    
    kh_riv_g29     508.5388100000000         1.000000         0.000000    
    kh_riv_g30     1000.000000000000         1.000000         0.000000    
    kh_riv_g60     230.1607900000000         1.000000         0.000000    
    kh_riv_g61     5.629530700000000         1.000000         0.000000    
    kh_riv_g62     216.4129500000000         1.000000         0.000000    
    kh_riv_g63     934.2583600000000         1.000000         0.000000    
    kh_sandy31     912.7897700000000         1.000000         0.000000    
    kh_sandy32     338.2860900000000         1.000000         0.000000    
    kh_sandy70    0.2020542800000000         1.000000         0.000000    
    kh_sandy71     4.763037000000000         1.000000         0.000000    
      kh_ter14     3.196176200000000         1.000000         0.000000    
      kh_ter15     221.1524900000000         1.000000         0.000000    
      kh_ter33     1000.000000000000         1.000000         0.000000    
      kh_ter34     333.6682100000000         1.000000         0.000000    
      kh_ter35     1000.000000000000         1.000000         0.000000    
      kh_ter36     28.99653500000000         1.000000         0.000000    
      kh_ter37     398.3374600000000         1.000000         0.000000    
      kh_ter38    0.4902329900000000         1.000000         0.000000    
      kh_ter39     3.813362600000000         1.000000         0.000000    
      kh_ter80     3.833425700000000         1.000000         0.000000    
      kh_ter81     188.4281000000000         1.000000         0.000000    
      kh_ter82     41.14362700000000         1.000000         0.000000    
      kh_ter83     125.0406000000000         1.000000         0.000000    
      kh_ter84     1000.000000000000         1.000000         0.000000    
      kh_ter85     38.31984400000000         1.000000         0.000000    
      kh_ter86     5.341919300000000         1.000000         0.000000    
      kh_ter87     204.3795300000000         1.000000         0.000000    
      kh_ter88     19.19566900000000         1.000000         0.000000    
      race_all    0.8313361300000000         1.000000         0.000000    
       rch_all    0.9787418300000000         1.000000         0.000000    
        riv_c1     1029.887300000000         1.000000         0.000000    
     riv_gview     76.47963600000000         1.000000         0.000000    
        riv_h1     1690.557100000000         1.000000         0.000000    
        riv_h2     776.8466300000000         1.000000         0.000000    
        riv_h3     1867.885100000000         1.000000         0.000000    
      riv_john     50.00000000000000         1.000000         0.000000    
    sy_h_flat1    1.9270666000000001E-03     1.000000         0.000000    
   sy_h_flat10    1.6754249999999998E-02     1.000000         0.000000    
    sy_h_flat2    9.1399219000000004E-02     1.000000         0.000000    
    sy_h_flat3    4.3720712000000000E-03     1.000000         0.000000    
    sy_h_flat4    0.1223391400000000         1.000000         0.000000    
   sy_h_flat45    1.1605302000000000E-02     1.000000         0.000000    
   sy_h_flat46    8.2148171000000006E-03     1.000000         0.000000    
    sy_h_flat5    1.5387936000000000E-02     1.000000         0.000000    
   sy_h_flat51    4.3923798000000000E-02     1.000000         0.000000    
    sy_h_flat6    6.5546357999999999E-03     1.000000         0.000000    
    sy_h_flat7    1.0556374000000000E-02     1.000000         0.000000    
    sy_h_flat8    7.0914118999999996E-03     1.000000         0.000000    
   sy_h_flat89    4.8717733999999999E-02     1.000000         0.000000    
    sy_h_flat9    4.1657557000000000E-03     1.000000         0.000000    
     sy_hill11    1.5325594000000000E-02     1.000000         0.000000    
     sy_hill12    4.6357302999999999E-03     1.000000         0.000000    
     sy_hill13    7.7140671999999999E-03     1.000000         0.000000    
     sy_mang16    8.4098743000000000E-03     1.000000         0.000000    
     sy_mang17    0.1935394800000000         1.000000         0.000000    
     sy_mang18    7.8686639999999992E-03     1.000000         0.000000    
     sy_mang19    1.0056033000000000E-04     1.000000         0.000000    
     sy_mang20    4.3383136000000003E-02     1.000000         0.000000    
     sy_mang21    1.4528048000000000E-02     1.000000         0.000000    
     sy_mang22    7.4729634000000001E-03     1.000000         0.000000    
    sy_riv_g23    3.1078018000000002E-03     1.000000         0.000000    
    sy_riv_g24    6.9215055999999999E-03     1.000000         0.000000    
    sy_riv_g25    0.1682317900000000         1.000000         0.000000    
    sy_riv_g26    0.3000000000000000         1.000000         0.000000    
    sy_riv_g27    4.2122777000000002E-03     1.000000         0.000000    
    sy_riv_g28    8.9377325999999999E-04     1.000000         0.000000    
    sy_riv_g29    4.1211651999999996E-03     1.000000         0.000000    
    sy_riv_g30    1.9295745999999999E-02     1.000000         0.000000    
    sy_riv_g60    5.8999619000000003E-03     1.000000         0.000000    
    sy_riv_g61    4.5914935000000000E-03     1.000000         0.000000    
    sy_riv_g62    3.9603502999999998E-02     1.000000         0.000000    
    sy_riv_g63    4.2527540000000001E-03     1.000000         0.000000    
    sy_sandy31    5.9066034999999996E-03     1.000000         0.000000    
    sy_sandy32    7.3638617000000000E-03     1.000000         0.000000    
    sy_sandy70    8.6678504999999993E-03     1.000000         0.000000    
    sy_sandy71    1.3787468000000001E-02     1.000000         0.000000    
  sy_ss_mor_l0    8.4667286999999999E-05     1.000000         0.000000    
  sy_ss_mor_l1    4.0756530000000003E-04     1.000000         0.000000    
    sy_ss_rest    4.1680371000000001E-06     1.000000         0.000000    
  sy_sy_mor_l0    8.9755860000000007E-02     1.000000         0.000000    
  sy_sy_mor_l1    1.0000000000000000E-03     1.000000         0.000000    
      sy_ter14    9.6824257000000004E-03     1.000000         0.000000    
      sy_ter15    3.9906385000000003E-02     1.000000         0.000000    
      sy_ter33    7.2604378000000001E-03     1.000000         0.000000    
      sy_ter34    1.7926096999999998E-02     1.000000         0.000000    
      sy_ter35    0.3000000000000000         1.000000         0.000000    
      sy_ter36    5.2209897999999998E-02     1.000000         0.000000    
      sy_ter37    8.9612723000000005E-02     1.000000         0.000000    
      sy_ter38    6.5677814000000001E-02     1.000000         0.000000    
      sy_ter39    2.4589427000000001E-02     1.000000         0.000000    
      sy_ter80    1.7289744000000000E-03     1.000000         0.000000    
      sy_ter81    0.3000000000000000         1.000000         0.000000    
      sy_ter82    4.6191512999999998E-03     1.000000         0.000000    
      sy_ter83    1.4235042000000000E-03     1.000000         0.000000    
      sy_ter84    6.6890661999999997E-03     1.000000         0.000000    
      sy_ter85    6.1758222999999998E-03     1.000000         0.000000    
      sy_ter86    9.7024751999999995E-03     1.000000         0.000000    
      sy_ter87    1.0268901000000000E-03     1.000000         0.000000    
      sy_ter88    8.8942204999999996E-02     1.000000         0.000000    
