  single point
     hill_main    0.9727329700000000         1.000000         0.000000    
     hill_mang    0.8000000000000000         1.000000         0.000000    
       hill_se     1.148748000000000         1.000000         0.000000    
    kh_h_flat1     147.4628400000000         1.000000         0.000000    
   kh_h_flat10     246.4752100000000         1.000000         0.000000    
    kh_h_flat2     185.3416800000000         1.000000         0.000000    
    kh_h_flat3     305.2417900000000         1.000000         0.000000    
    kh_h_flat4     195.4385300000000         1.000000         0.000000    
   kh_h_flat45     276.9850800000000         1.000000         0.000000    
   kh_h_flat46     153.9210200000000         1.000000         0.000000    
    kh_h_flat5     744.1251500000000         1.000000         0.000000    
   kh_h_flat51     414.2409600000000         1.000000         0.000000    
    kh_h_flat6     344.4148900000000         1.000000         0.000000    
    kh_h_flat7     282.2608500000000         1.000000         0.000000    
    kh_h_flat8     492.6958100000000         1.000000         0.000000    
   kh_h_flat89     344.2255400000000         1.000000         0.000000    
    kh_h_flat9     283.8699100000000         1.000000         0.000000    
     kh_hill11     185.7331700000000         1.000000         0.000000    
     kh_hill12     443.9581300000000         1.000000         0.000000    
     kh_hill13     232.0464500000000         1.000000         0.000000    
       kh_lake     146.5861500000000         1.000000         0.000000    
     kh_mang16     259.6502200000000         1.000000         0.000000    
     kh_mang17     600.4943400000000         1.000000         0.000000    
     kh_mang18     94.42882400000001         1.000000         0.000000    
     kh_mang19     246.3039600000000         1.000000         0.000000    
     kh_mang20     343.8579400000000         1.000000         0.000000    
     kh_mang21     29.24895900000000         1.000000         0.000000    
     kh_mang22     139.9427500000000         1.000000         0.000000    
     kh_mor_l0     361.9586200000000         1.000000         0.000000    
     kh_mor_l1    1.3345138999999999E-04     1.000000         0.000000    
    kh_riv_g23     387.4569000000000         1.000000         0.000000    
    kh_riv_g24     407.0902100000000         1.000000         0.000000    
    kh_riv_g25     422.3459000000000         1.000000         0.000000    
    kh_riv_g26     245.9969400000000         1.000000         0.000000    
    kh_riv_g27     143.1903900000000         1.000000         0.000000    
    kh_riv_g28     299.6522500000000         1.000000         0.000000    
    kh_riv_g29     74.26809500000000         1.000000         0.000000    
    kh_riv_g30     323.3156800000000         1.000000         0.000000    
    kh_riv_g60     38.16796300000000         1.000000         0.000000    
    kh_riv_g61     53.52038400000000         1.000000         0.000000    
    kh_riv_g62     168.9668000000000         1.000000         0.000000    
    kh_riv_g63     864.9350400000000         1.000000         0.000000    
    kh_sandy31     303.2026900000000         1.000000         0.000000    
    kh_sandy32     127.5074800000000         1.000000         0.000000    
    kh_sandy70     57.26244500000000         1.000000         0.000000    
    kh_sandy71     77.59654500000001         1.000000         0.000000    
      kh_ter14     12.10837400000000         1.000000         0.000000    
      kh_ter15     44.65273700000000         1.000000         0.000000    
      kh_ter33     141.4540300000000         1.000000         0.000000    
      kh_ter34     75.92713800000000         1.000000         0.000000    
      kh_ter35     808.1347000000000         1.000000         0.000000    
      kh_ter36     11.14182400000000         1.000000         0.000000    
      kh_ter37     199.4790000000000         1.000000         0.000000    
      kh_ter38     7.152621900000000         1.000000         0.000000    
      kh_ter39     17.05578700000000         1.000000         0.000000    
      kh_ter80     38.82993800000000         1.000000         0.000000    
      kh_ter81     143.3639300000000         1.000000         0.000000    
      kh_ter82     323.8408600000000         1.000000         0.000000    
      kh_ter83     301.9453800000000         1.000000         0.000000    
      kh_ter84     615.9891900000000         1.000000         0.000000    
      kh_ter85     40.66796400000000         1.000000         0.000000    
      kh_ter86     22.76647800000000         1.000000         0.000000    
      kh_ter87     116.5454200000000         1.000000         0.000000    
      kh_ter88     3.521804500000000         1.000000         0.000000    
      race_all    0.9109037100000000         1.000000         0.000000    
       rch_all    0.9978289000000000         1.000000         0.000000    
        riv_c1     1024.542000000000         1.000000         0.000000    
     riv_gview     87.79656700000000         1.000000         0.000000    
        riv_h1     1129.138500000000         1.000000         0.000000    
        riv_h2     890.8128800000000         1.000000         0.000000    
        riv_h3     955.5261000000000         1.000000         0.000000    
      riv_john     68.48438200000000         1.000000         0.000000    
    sy_h_flat1    5.1923016999999997E-03     1.000000         0.000000    
   sy_h_flat10    7.9422352999999994E-03     1.000000         0.000000    
    sy_h_flat2    2.0424925000000000E-02     1.000000         0.000000    
    sy_h_flat3    4.4639175999999997E-03     1.000000         0.000000    
    sy_h_flat4    1.0408264000000000E-02     1.000000         0.000000    
   sy_h_flat45    1.2604875999999999E-02     1.000000         0.000000    
   sy_h_flat46    7.1422307999999997E-03     1.000000         0.000000    
    sy_h_flat5    6.9352101000000003E-03     1.000000         0.000000    
   sy_h_flat51    1.7829200000000000E-02     1.000000         0.000000    
    sy_h_flat6    6.3205754999999999E-03     1.000000         0.000000    
    sy_h_flat7    1.5666610000000001E-02     1.000000         0.000000    
    sy_h_flat8    1.3759779000000000E-02     1.000000         0.000000    
   sy_h_flat89    1.6520824000000000E-02     1.000000         0.000000    
    sy_h_flat9    9.2117399999999995E-03     1.000000         0.000000    
     sy_hill11    7.7538453999999998E-03     1.000000         0.000000    
     sy_hill12    7.0202835999999998E-03     1.000000         0.000000    
     sy_hill13    7.8593598999999997E-03     1.000000         0.000000    
     sy_mang16    7.3152722000000003E-03     1.000000         0.000000    
     sy_mang17    0.1435160000000000         1.000000         0.000000    
     sy_mang18    3.9297061999999999E-03     1.000000         0.000000    
     sy_mang19    6.9312966999999998E-03     1.000000         0.000000    
     sy_mang20    1.6452253000000000E-02     1.000000         0.000000    
     sy_mang21    7.0332032999999997E-03     1.000000         0.000000    
     sy_mang22    7.3292369999999997E-03     1.000000         0.000000    
    sy_riv_g23    1.5526364000000001E-02     1.000000         0.000000    
    sy_riv_g24    9.5958364999999997E-03     1.000000         0.000000    
    sy_riv_g25    1.7695260000000001E-02     1.000000         0.000000    
    sy_riv_g26    0.1073773100000000         1.000000         0.000000    
    sy_riv_g27    7.1850582000000003E-03     1.000000         0.000000    
    sy_riv_g28    6.7318925999999999E-03     1.000000         0.000000    
    sy_riv_g29    8.0469902999999992E-03     1.000000         0.000000    
    sy_riv_g30    1.0561338000000000E-02     1.000000         0.000000    
    sy_riv_g60    1.0426629999999999E-02     1.000000         0.000000    
    sy_riv_g61    7.7443284000000001E-03     1.000000         0.000000    
    sy_riv_g62    1.4584231000000000E-02     1.000000         0.000000    
    sy_riv_g63    7.0808675999999996E-03     1.000000         0.000000    
    sy_sandy31    6.4369096000000004E-03     1.000000         0.000000    
    sy_sandy32    7.5840583000000000E-03     1.000000         0.000000    
    sy_sandy70    7.2755240999999998E-03     1.000000         0.000000    
    sy_sandy71    8.2827587000000001E-03     1.000000         0.000000    
  sy_ss_mor_l0    7.9756675999999996E-05     1.000000         0.000000    
  sy_ss_mor_l1    1.8474902000000000E-04     1.000000         0.000000    
    sy_ss_rest    3.2265274000000000E-05     1.000000         0.000000    
  sy_sy_mor_l0    3.7824780000000002E-02     1.000000         0.000000    
  sy_sy_mor_l1    1.0000000000000000E-03     1.000000         0.000000    
      sy_ter14    7.7158751999999997E-03     1.000000         0.000000    
      sy_ter15    1.1871062000000000E-02     1.000000         0.000000    
      sy_ter33    7.9951325999999996E-03     1.000000         0.000000    
      sy_ter34    1.1132055000000000E-02     1.000000         0.000000    
      sy_ter35    7.7181963000000006E-02     1.000000         0.000000    
      sy_ter36    2.1943801999999998E-02     1.000000         0.000000    
      sy_ter37    2.0289905000000000E-02     1.000000         0.000000    
      sy_ter38    1.3689563000000000E-02     1.000000         0.000000    
      sy_ter39    2.2905358000000001E-02     1.000000         0.000000    
      sy_ter80    1.2292901000000000E-02     1.000000         0.000000    
      sy_ter81    2.4478836000000000E-02     1.000000         0.000000    
      sy_ter82    9.3329303999999998E-03     1.000000         0.000000    
      sy_ter83    1.2360131000000000E-02     1.000000         0.000000    
      sy_ter84    1.0100734000000000E-02     1.000000         0.000000    
      sy_ter85    7.8867647999999995E-03     1.000000         0.000000    
      sy_ter86    7.2247220000000003E-03     1.000000         0.000000    
      sy_ter87    1.1076707999999999E-02     1.000000         0.000000    
      sy_ter88    2.0451252999999999E-02     1.000000         0.000000    
