  single point
     hill_main     1.200000000000000         1.000000         0.000000    
     hill_mang     1.200000000000000         1.000000         0.000000    
       hill_se     1.200000000000000         1.000000         0.000000    
    kh_h_flat1     4.540585200000000         1.000000         0.000000    
   kh_h_flat10     4.621645300000000         1.000000         0.000000    
    kh_h_flat2     38.44855100000000         1.000000         0.000000    
    kh_h_flat3     214.3858300000000         1.000000         0.000000    
    kh_h_flat4     1000.000000000000         1.000000         0.000000    
   kh_h_flat45     866.9790600000000         1.000000         0.000000    
   kh_h_flat46     390.3504800000000         1.000000         0.000000    
    kh_h_flat5     1000.000000000000         1.000000         0.000000    
   kh_h_flat51     1000.000000000000         1.000000         0.000000    
    kh_h_flat6     1.615588600000000         1.000000         0.000000    
    kh_h_flat7     1000.000000000000         1.000000         0.000000    
    kh_h_flat8     1000.000000000000         1.000000         0.000000    
   kh_h_flat89     1000.000000000000         1.000000         0.000000    
    kh_h_flat9     67.25673200000000         1.000000         0.000000    
     kh_hill11    1.5680313000000001E-02     1.000000         0.000000    
     kh_hill12     21.60789900000000         1.000000         0.000000    
     kh_hill13     198.9590700000000         1.000000         0.000000    
       kh_lake     28.14908200000000         1.000000         0.000000    
     kh_mang16     8.578244600000000         1.000000         0.000000    
     kh_mang17     1000.000000000000         1.000000         0.000000    
     kh_mang18     109.4483500000000         1.000000         0.000000    
     kh_mang19    1.0000000000000000E-02     1.000000         0.000000    
     kh_mang20     509.4967600000000         1.000000         0.000000    
     kh_mang21     100.8118500000000         1.000000         0.000000    
     kh_mang22    0.5047586600000000         1.000000         0.000000    
     kh_mor_l0     1000.000000000000         1.000000         0.000000    
     kh_mor_l1    9.7396137999999993E-02     1.000000         0.000000    
    kh_riv_g23     2.311298800000000         1.000000         0.000000    
    kh_riv_g24     5.561248300000000         1.000000         0.000000    
    kh_riv_g25     123.7096300000000         1.000000         0.000000    
    kh_riv_g26     126.9482000000000         1.000000         0.000000    
    kh_riv_g27    0.2264513900000000         1.000000         0.000000    
    kh_riv_g28     57.03827800000000         1.000000         0.000000    
    kh_riv_g29     756.6294200000000         1.000000         0.000000    
    kh_riv_g30     1000.000000000000         1.000000         0.000000    
    kh_riv_g60     1000.000000000000         1.000000         0.000000    
    kh_riv_g61     29.30133800000000         1.000000         0.000000    
    kh_riv_g62     461.3856700000000         1.000000         0.000000    
    kh_riv_g63    1.0000000000000000E-02     1.000000         0.000000    
    kh_sandy31     120.9895700000000         1.000000         0.000000    
    kh_sandy32     22.69335600000000         1.000000         0.000000    
    kh_sandy70     2.462294000000000         1.000000         0.000000    
    kh_sandy71    7.1722178999999997E-02     1.000000         0.000000    
      kh_ter14    0.4958352500000000         1.000000         0.000000    
      kh_ter15     233.8336100000000         1.000000         0.000000    
      kh_ter33     1000.000000000000         1.000000         0.000000    
      kh_ter34     1000.000000000000         1.000000         0.000000    
      kh_ter35     1000.000000000000         1.000000         0.000000    
      kh_ter36     109.9852500000000         1.000000         0.000000    
      kh_ter37     128.3894700000000         1.000000         0.000000    
      kh_ter38    1.0000000000000000E-02     1.000000         0.000000    
      kh_ter39    0.2219521500000000         1.000000         0.000000    
      kh_ter80     457.7361400000000         1.000000         0.000000    
      kh_ter81     92.04345200000000         1.000000         0.000000    
      kh_ter82    0.7939658700000000         1.000000         0.000000    
      kh_ter83    0.7942463500000000         1.000000         0.000000    
      kh_ter84     1000.000000000000         1.000000         0.000000    
      kh_ter85     1.095977700000000         1.000000         0.000000    
      kh_ter86     1.313784800000000         1.000000         0.000000    
      kh_ter87    2.0092697000000000E-02     1.000000         0.000000    
      kh_ter88     1000.000000000000         1.000000         0.000000    
      race_all     1.200000000000000         1.000000         0.000000    
       rch_all    0.5000000000000000         1.000000         0.000000    
        riv_c1     1011.408700000000         1.000000         0.000000    
     riv_gview     50.00000000000000         1.000000         0.000000    
        riv_h1     1052.015700000000         1.000000         0.000000    
        riv_h2     1019.835000000000         1.000000         0.000000    
        riv_h3     4057.388700000000         1.000000         0.000000    
      riv_john     50.00000000000000         1.000000         0.000000    
    sy_h_flat1    1.0000000000000000E-04     1.000000         0.000000    
   sy_h_flat10    0.1176115600000000         1.000000         0.000000    
    sy_h_flat2    0.3000000000000000         1.000000         0.000000    
    sy_h_flat3    3.1169230000000002E-04     1.000000         0.000000    
    sy_h_flat4    0.3000000000000000         1.000000         0.000000    
   sy_h_flat45    0.2789191000000000         1.000000         0.000000    
   sy_h_flat46    6.9165659000000005E-04     1.000000         0.000000    
    sy_h_flat5    6.7183990999999997E-04     1.000000         0.000000    
   sy_h_flat51    5.1195351000000002E-03     1.000000         0.000000    
    sy_h_flat6    4.0995121000000001E-03     1.000000         0.000000    
    sy_h_flat7    0.1030245900000000         1.000000         0.000000    
    sy_h_flat8    0.1611437500000000         1.000000         0.000000    
   sy_h_flat89    2.7157061000000000E-02     1.000000         0.000000    
    sy_h_flat9    0.3000000000000000         1.000000         0.000000    
     sy_hill11    2.3906441999999999E-04     1.000000         0.000000    
     sy_hill12    5.6287699000000004E-03     1.000000         0.000000    
     sy_hill13    3.0290536000000001E-03     1.000000         0.000000    
     sy_mang16    1.5205479000000000E-03     1.000000         0.000000    
     sy_mang17    2.3040689000000000E-02     1.000000         0.000000    
     sy_mang18    0.2433427900000000         1.000000         0.000000    
     sy_mang19    3.0153579000000001E-03     1.000000         0.000000    
     sy_mang20    4.4057830999999999E-02     1.000000         0.000000    
     sy_mang21    0.1131765000000000         1.000000         0.000000    
     sy_mang22    1.6371522999999999E-03     1.000000         0.000000    
    sy_riv_g23    4.6409720000000003E-04     1.000000         0.000000    
    sy_riv_g24    2.1454378000000000E-02     1.000000         0.000000    
    sy_riv_g25    0.3000000000000000         1.000000         0.000000    
    sy_riv_g26    0.3000000000000000         1.000000         0.000000    
    sy_riv_g27    1.0516357000000000E-03     1.000000         0.000000    
    sy_riv_g28    1.2902154000000001E-04     1.000000         0.000000    
    sy_riv_g29    7.1381883999999997E-04     1.000000         0.000000    
    sy_riv_g30    0.1478369400000000         1.000000         0.000000    
    sy_riv_g60    4.3805952000000002E-03     1.000000         0.000000    
    sy_riv_g61    0.1215879000000000         1.000000         0.000000    
    sy_riv_g62    0.1077205500000000         1.000000         0.000000    
    sy_riv_g63    7.1343446000000001E-03     1.000000         0.000000    
    sy_sandy31    1.2573939000000000E-03     1.000000         0.000000    
    sy_sandy32    9.6242984000000000E-03     1.000000         0.000000    
    sy_sandy70    1.0609104999999999E-03     1.000000         0.000000    
    sy_sandy71    1.2307093999999999E-02     1.000000         0.000000    
  sy_ss_mor_l0    8.0880729999999995E-05     1.000000         0.000000    
  sy_ss_mor_l1    2.5299555999999998E-04     1.000000         0.000000    
    sy_ss_rest    3.0903554000000001E-06     1.000000         0.000000    
  sy_sy_mor_l0    9.5847975000000005E-03     1.000000         0.000000    
  sy_sy_mor_l1    9.9999226999999990E-04     1.000000         0.000000    
      sy_ter14    1.0679604000000001E-02     1.000000         0.000000    
      sy_ter15    1.3801279000000001E-04     1.000000         0.000000    
      sy_ter33    0.3000000000000000         1.000000         0.000000    
      sy_ter34    0.3000000000000000         1.000000         0.000000    
      sy_ter35    4.0609165000000003E-02     1.000000         0.000000    
      sy_ter36    0.1565415300000000         1.000000         0.000000    
      sy_ter37    0.3000000000000000         1.000000         0.000000    
      sy_ter38    0.3000000000000000         1.000000         0.000000    
      sy_ter39    1.2350063999999999E-02     1.000000         0.000000    
      sy_ter80    1.2366775000000000E-02     1.000000         0.000000    
      sy_ter81    0.3000000000000000         1.000000         0.000000    
      sy_ter82    5.1359127999999997E-03     1.000000         0.000000    
      sy_ter83    0.3000000000000000         1.000000         0.000000    
      sy_ter84    1.7454586000000001E-02     1.000000         0.000000    
      sy_ter85    0.1477064400000000         1.000000         0.000000    
      sy_ter86    0.3000000000000000         1.000000         0.000000    
      sy_ter87    0.3000000000000000         1.000000         0.000000    
      sy_ter88    0.1181235300000000         1.000000         0.000000    
