  single point
     hill_main     1.200000000000000         1.000000         0.000000    
     hill_mang     1.200000000000000         1.000000         0.000000    
       hill_se     1.200000000000000         1.000000         0.000000    
    kh_h_flat1     5.801069300000000         1.000000         0.000000    
   kh_h_flat10     48.26032500000000         1.000000         0.000000    
    kh_h_flat2     55.42078600000000         1.000000         0.000000    
    kh_h_flat3     160.9145100000000         1.000000         0.000000    
    kh_h_flat4     1000.000000000000         1.000000         0.000000    
   kh_h_flat45     668.4880900000001         1.000000         0.000000    
   kh_h_flat46     1000.000000000000         1.000000         0.000000    
    kh_h_flat5     1000.000000000000         1.000000         0.000000    
   kh_h_flat51     1000.000000000000         1.000000         0.000000    
    kh_h_flat6    0.2343073000000000         1.000000         0.000000    
    kh_h_flat7     1000.000000000000         1.000000         0.000000    
    kh_h_flat8     1000.000000000000         1.000000         0.000000    
   kh_h_flat89     1000.000000000000         1.000000         0.000000    
    kh_h_flat9     117.5109500000000         1.000000         0.000000    
     kh_hill11    1.8451663000000000E-02     1.000000         0.000000    
     kh_hill12     1.137918800000000         1.000000         0.000000    
     kh_hill13     65.12968800000000         1.000000         0.000000    
       kh_lake     25.67164500000000         1.000000         0.000000    
     kh_mang16     8.250351600000000         1.000000         0.000000    
     kh_mang17     1000.000000000000         1.000000         0.000000    
     kh_mang18     111.8740800000000         1.000000         0.000000    
     kh_mang19    2.4502439000000001E-02     1.000000         0.000000    
     kh_mang20     227.1592900000000         1.000000         0.000000    
     kh_mang21     40.48835900000000         1.000000         0.000000    
     kh_mang22    0.2082265400000000         1.000000         0.000000    
     kh_mor_l0     1000.000000000000         1.000000         0.000000    
     kh_mor_l1    0.1198908900000000         1.000000         0.000000    
    kh_riv_g23    0.9104384599999999         1.000000         0.000000    
    kh_riv_g24    6.0920715000000000E-02     1.000000         0.000000    
    kh_riv_g25     72.42348800000001         1.000000         0.000000    
    kh_riv_g26     100.4780700000000         1.000000         0.000000    
    kh_riv_g27    2.7103643000000000E-02     1.000000         0.000000    
    kh_riv_g28     71.65142200000000         1.000000         0.000000    
    kh_riv_g29     327.1976300000000         1.000000         0.000000    
    kh_riv_g30     1000.000000000000         1.000000         0.000000    
    kh_riv_g60     1000.000000000000         1.000000         0.000000    
    kh_riv_g61     149.6864200000000         1.000000         0.000000    
    kh_riv_g62     248.1649000000000         1.000000         0.000000    
    kh_riv_g63    1.0000000000000000E-02     1.000000         0.000000    
    kh_sandy31     77.16000900000000         1.000000         0.000000    
    kh_sandy32     8.997957400000001         1.000000         0.000000    
    kh_sandy70     3.890591800000000         1.000000         0.000000    
    kh_sandy71    3.9152042999999997E-02     1.000000         0.000000    
      kh_ter14    0.5794477200000000         1.000000         0.000000    
      kh_ter15     714.1879900000000         1.000000         0.000000    
      kh_ter33     1000.000000000000         1.000000         0.000000    
      kh_ter34     1000.000000000000         1.000000         0.000000    
      kh_ter35     1000.000000000000         1.000000         0.000000    
      kh_ter36     92.33606300000000         1.000000         0.000000    
      kh_ter37     67.00078400000000         1.000000         0.000000    
      kh_ter38    1.0000000000000000E-02     1.000000         0.000000    
      kh_ter39    0.1158605300000000         1.000000         0.000000    
      kh_ter80     1000.000000000000         1.000000         0.000000    
      kh_ter81     134.6822000000000         1.000000         0.000000    
      kh_ter82     26.29996100000000         1.000000         0.000000    
      kh_ter83    1.0000000000000000E-02     1.000000         0.000000    
      kh_ter84     1000.000000000000         1.000000         0.000000    
      kh_ter85     1.260674500000000         1.000000         0.000000    
      kh_ter86     2.167086300000000         1.000000         0.000000    
      kh_ter87    1.0000000000000000E-02     1.000000         0.000000    
      kh_ter88     437.8983500000000         1.000000         0.000000    
      race_all     1.200000000000000         1.000000         0.000000    
       rch_all    0.5000000000000000         1.000000         0.000000    
        riv_c1     1087.937700000000         1.000000         0.000000    
     riv_gview     50.00000000000000         1.000000         0.000000    
        riv_h1     798.5399400000000         1.000000         0.000000    
        riv_h2     1259.908700000000         1.000000         0.000000    
        riv_h3     3804.088900000000         1.000000         0.000000    
      riv_john     50.00000000000000         1.000000         0.000000    
    sy_h_flat1    1.0000000000000000E-04     1.000000         0.000000    
   sy_h_flat10    0.3000000000000000         1.000000         0.000000    
    sy_h_flat2    0.3000000000000000         1.000000         0.000000    
    sy_h_flat3    1.4141993000000000E-03     1.000000         0.000000    
    sy_h_flat4    0.3000000000000000         1.000000         0.000000    
   sy_h_flat45    0.1898660100000000         1.000000         0.000000    
   sy_h_flat46    1.0000000000000000E-04     1.000000         0.000000    
    sy_h_flat5    1.6916330000000000E-04     1.000000         0.000000    
   sy_h_flat51    4.5874708999999996E-03     1.000000         0.000000    
    sy_h_flat6    1.9973963999999999E-03     1.000000         0.000000    
    sy_h_flat7    0.2397920700000000         1.000000         0.000000    
    sy_h_flat8    2.4546566999999998E-02     1.000000         0.000000    
   sy_h_flat89    0.3000000000000000         1.000000         0.000000    
    sy_h_flat9    0.3000000000000000         1.000000         0.000000    
     sy_hill11    1.0000000000000000E-04     1.000000         0.000000    
     sy_hill12    9.6793195999999996E-04     1.000000         0.000000    
     sy_hill13    2.3260237999999998E-03     1.000000         0.000000    
     sy_mang16    5.2802554000000002E-02     1.000000         0.000000    
     sy_mang17    2.5040778000000000E-02     1.000000         0.000000    
     sy_mang18    0.3000000000000000         1.000000         0.000000    
     sy_mang19    1.0458122000000000E-03     1.000000         0.000000    
     sy_mang20    0.1983784900000000         1.000000         0.000000    
     sy_mang21    6.0433255999999998E-03     1.000000         0.000000    
     sy_mang22    1.9867474000000002E-03     1.000000         0.000000    
    sy_riv_g23    1.1113811999999999E-03     1.000000         0.000000    
    sy_riv_g24    1.5351926000000000E-02     1.000000         0.000000    
    sy_riv_g25    0.3000000000000000         1.000000         0.000000    
    sy_riv_g26    0.3000000000000000         1.000000         0.000000    
    sy_riv_g27    1.7907153999999999E-03     1.000000         0.000000    
    sy_riv_g28    6.8401249999999999E-03     1.000000         0.000000    
    sy_riv_g29    2.1442304000000001E-03     1.000000         0.000000    
    sy_riv_g30    0.2197212100000000         1.000000         0.000000    
    sy_riv_g60    4.0308052000000002E-03     1.000000         0.000000    
    sy_riv_g61    3.9972307999999998E-02     1.000000         0.000000    
    sy_riv_g62    0.2058429700000000         1.000000         0.000000    
    sy_riv_g63    6.7739643999999996E-03     1.000000         0.000000    
    sy_sandy31    1.1488526000000001E-03     1.000000         0.000000    
    sy_sandy32    9.4157893999999992E-03     1.000000         0.000000    
    sy_sandy70    1.1444980999999999E-03     1.000000         0.000000    
    sy_sandy71    1.0175178999999999E-02     1.000000         0.000000    
  sy_ss_mor_l0    8.5292371000000004E-05     1.000000         0.000000    
  sy_ss_mor_l1    4.4699485000000000E-04     1.000000         0.000000    
    sy_ss_rest    7.8013561000000008E-06     1.000000         0.000000    
  sy_sy_mor_l0    0.1244397500000000         1.000000         0.000000    
  sy_sy_mor_l1    9.9999235999999997E-04     1.000000         0.000000    
      sy_ter14    1.0833320000000000E-02     1.000000         0.000000    
      sy_ter15    1.1568874000000001E-04     1.000000         0.000000    
      sy_ter33    0.3000000000000000         1.000000         0.000000    
      sy_ter34    0.3000000000000000         1.000000         0.000000    
      sy_ter35    6.7121167999999995E-02     1.000000         0.000000    
      sy_ter36    0.1769142200000000         1.000000         0.000000    
      sy_ter37    0.3000000000000000         1.000000         0.000000    
      sy_ter38    0.3000000000000000         1.000000         0.000000    
      sy_ter39    5.8540178999999998E-02     1.000000         0.000000    
      sy_ter80    3.3555197000000002E-03     1.000000         0.000000    
      sy_ter81    0.3000000000000000         1.000000         0.000000    
      sy_ter82    3.3592168000000002E-03     1.000000         0.000000    
      sy_ter83    0.3000000000000000         1.000000         0.000000    
      sy_ter84    1.1064239000000000E-02     1.000000         0.000000    
      sy_ter85    0.1257188000000000         1.000000         0.000000    
      sy_ter86    0.3000000000000000         1.000000         0.000000    
      sy_ter87    0.3000000000000000         1.000000         0.000000    
      sy_ter88    4.0830040999999997E-02     1.000000         0.000000    
