  single point
     hill_main     1.200000000000000         1.000000         0.000000    
     hill_mang     1.200000000000000         1.000000         0.000000    
       hill_se     1.200000000000000         1.000000         0.000000    
    kh_h_flat1     6.692960200000000         1.000000         0.000000    
   kh_h_flat10     11.15204600000000         1.000000         0.000000    
    kh_h_flat2     10.48579900000000         1.000000         0.000000    
    kh_h_flat3     335.8924300000000         1.000000         0.000000    
    kh_h_flat4     1000.000000000000         1.000000         0.000000    
   kh_h_flat45     982.6366500000000         1.000000         0.000000    
   kh_h_flat46     269.8364600000000         1.000000         0.000000    
    kh_h_flat5     1000.000000000000         1.000000         0.000000    
   kh_h_flat51     1000.000000000000         1.000000         0.000000    
    kh_h_flat6     280.0139100000000         1.000000         0.000000    
    kh_h_flat7     1000.000000000000         1.000000         0.000000    
    kh_h_flat8     1000.000000000000         1.000000         0.000000    
   kh_h_flat89     1000.000000000000         1.000000         0.000000    
    kh_h_flat9     180.6018600000000         1.000000         0.000000    
     kh_hill11     3.218343300000000         1.000000         0.000000    
     kh_hill12     708.6882600000000         1.000000         0.000000    
     kh_hill13     569.5142700000000         1.000000         0.000000    
       kh_lake     23.96203000000000         1.000000         0.000000    
     kh_mang16     8.539478400000000         1.000000         0.000000    
     kh_mang17     1000.000000000000         1.000000         0.000000    
     kh_mang18     185.3878300000000         1.000000         0.000000    
     kh_mang19    1.0000000000000000E-02     1.000000         0.000000    
     kh_mang20     372.9344100000000         1.000000         0.000000    
     kh_mang21     1000.000000000000         1.000000         0.000000    
     kh_mang22    0.8256484400000000         1.000000         0.000000    
     kh_mor_l0     1000.000000000000         1.000000         0.000000    
     kh_mor_l1    3.9724268000000000E-02     1.000000         0.000000    
    kh_riv_g23     2.108418800000000         1.000000         0.000000    
    kh_riv_g24     14.05263900000000         1.000000         0.000000    
    kh_riv_g25     137.5637800000000         1.000000         0.000000    
    kh_riv_g26     132.3215600000000         1.000000         0.000000    
    kh_riv_g27    0.1707558600000000         1.000000         0.000000    
    kh_riv_g28     63.64722700000000         1.000000         0.000000    
    kh_riv_g29     392.1384100000000         1.000000         0.000000    
    kh_riv_g30     1000.000000000000         1.000000         0.000000    
    kh_riv_g60     366.0972800000000         1.000000         0.000000    
    kh_riv_g61     12.29834800000000         1.000000         0.000000    
    kh_riv_g62     730.6682100000000         1.000000         0.000000    
    kh_riv_g63    1.0000000000000000E-02     1.000000         0.000000    
    kh_sandy31     517.9476400000000         1.000000         0.000000    
    kh_sandy32     137.1736300000000         1.000000         0.000000    
    kh_sandy70    0.6030772900000000         1.000000         0.000000    
    kh_sandy71    9.9710145999999999E-02     1.000000         0.000000    
      kh_ter14    0.7473174100000000         1.000000         0.000000    
      kh_ter15     508.1621600000000         1.000000         0.000000    
      kh_ter33     1000.000000000000         1.000000         0.000000    
      kh_ter34     1000.000000000000         1.000000         0.000000    
      kh_ter35     1000.000000000000         1.000000         0.000000    
      kh_ter36     82.25277199999999         1.000000         0.000000    
      kh_ter37     81.24035200000000         1.000000         0.000000    
      kh_ter38    1.0000000000000000E-02     1.000000         0.000000    
      kh_ter39    0.4419577700000000         1.000000         0.000000    
      kh_ter80     26.07805100000000         1.000000         0.000000    
      kh_ter81     98.18935200000000         1.000000         0.000000    
      kh_ter82    0.4403962800000000         1.000000         0.000000    
      kh_ter83     112.0539100000000         1.000000         0.000000    
      kh_ter84     1000.000000000000         1.000000         0.000000    
      kh_ter85     2.445214300000000         1.000000         0.000000    
      kh_ter86     1.059081800000000         1.000000         0.000000    
      kh_ter87    0.1639257000000000         1.000000         0.000000    
      kh_ter88     1000.000000000000         1.000000         0.000000    
      race_all     1.200000000000000         1.000000         0.000000    
       rch_all    0.5000000000000000         1.000000         0.000000    
        riv_c1     998.3841200000001         1.000000         0.000000    
     riv_gview     50.00000000000000         1.000000         0.000000    
        riv_h1     1180.495500000000         1.000000         0.000000    
        riv_h2     1001.518800000000         1.000000         0.000000    
        riv_h3     10000.00000000000         1.000000         0.000000    
      riv_john     50.00000000000000         1.000000         0.000000    
    sy_h_flat1    1.0000000000000000E-04     1.000000         0.000000    
   sy_h_flat10    9.7280419000000007E-02     1.000000         0.000000    
    sy_h_flat2    0.3000000000000000         1.000000         0.000000    
    sy_h_flat3    2.5765758999999998E-04     1.000000         0.000000    
    sy_h_flat4    0.3000000000000000         1.000000         0.000000    
   sy_h_flat45    0.2983606100000000         1.000000         0.000000    
   sy_h_flat46    7.3148875999999997E-04     1.000000         0.000000    
    sy_h_flat5    8.0530507000000002E-04     1.000000         0.000000    
   sy_h_flat51    5.4547189000000003E-02     1.000000         0.000000    
    sy_h_flat6    5.0002244999999999E-03     1.000000         0.000000    
    sy_h_flat7    0.1679600800000000         1.000000         0.000000    
    sy_h_flat8    7.7525282000000001E-02     1.000000         0.000000    
   sy_h_flat89    0.1879190700000000         1.000000         0.000000    
    sy_h_flat9    1.4618341999999999E-02     1.000000         0.000000    
     sy_hill11    2.1630284000000001E-03     1.000000         0.000000    
     sy_hill12    9.3999658999999996E-03     1.000000         0.000000    
     sy_hill13    2.8792953000000001E-03     1.000000         0.000000    
     sy_mang16    9.3792139000000005E-04     1.000000         0.000000    
     sy_mang17    0.1156520000000000         1.000000         0.000000    
     sy_mang18    5.3870010000000003E-02     1.000000         0.000000    
     sy_mang19    3.4093398999999998E-03     1.000000         0.000000    
     sy_mang20    0.3000000000000000         1.000000         0.000000    
     sy_mang21    6.3093046999999998E-03     1.000000         0.000000    
     sy_mang22    1.5850447999999999E-03     1.000000         0.000000    
    sy_riv_g23    5.2835174999999997E-04     1.000000         0.000000    
    sy_riv_g24    1.5289456000000000E-02     1.000000         0.000000    
    sy_riv_g25    0.3000000000000000         1.000000         0.000000    
    sy_riv_g26    0.3000000000000000         1.000000         0.000000    
    sy_riv_g27    1.2437742999999999E-03     1.000000         0.000000    
    sy_riv_g28    1.5789596000000000E-04     1.000000         0.000000    
    sy_riv_g29    8.6541533999999996E-04     1.000000         0.000000    
    sy_riv_g30    0.1296186500000000         1.000000         0.000000    
    sy_riv_g60    4.9151135000000002E-03     1.000000         0.000000    
    sy_riv_g61    3.7654925999999998E-02     1.000000         0.000000    
    sy_riv_g62    0.1092225900000000         1.000000         0.000000    
    sy_riv_g63    2.9144638999999998E-03     1.000000         0.000000    
    sy_sandy31    9.4578570000000001E-04     1.000000         0.000000    
    sy_sandy32    9.7316956999999992E-03     1.000000         0.000000    
    sy_sandy70    7.7326151000000004E-04     1.000000         0.000000    
    sy_sandy71    1.4107516000000001E-02     1.000000         0.000000    
  sy_ss_mor_l0    8.1194253999999997E-05     1.000000         0.000000    
  sy_ss_mor_l1    3.0846971000000000E-04     1.000000         0.000000    
    sy_ss_rest    2.6820904000000000E-06     1.000000         0.000000    
  sy_sy_mor_l0    1.3231974000000001E-02     1.000000         0.000000    
  sy_sy_mor_l1    9.9999226999999990E-04     1.000000         0.000000    
      sy_ter14    1.2570069000000000E-02     1.000000         0.000000    
      sy_ter15    1.9379379999999999E-04     1.000000         0.000000    
      sy_ter33    0.3000000000000000         1.000000         0.000000    
      sy_ter34    0.3000000000000000         1.000000         0.000000    
      sy_ter35    4.5016001000000000E-02     1.000000         0.000000    
      sy_ter36    0.1528946900000000         1.000000         0.000000    
      sy_ter37    0.3000000000000000         1.000000         0.000000    
      sy_ter38    0.3000000000000000         1.000000         0.000000    
      sy_ter39    1.1955886000000001E-02     1.000000         0.000000    
      sy_ter80    3.7550922000000000E-02     1.000000         0.000000    
      sy_ter81    0.3000000000000000         1.000000         0.000000    
      sy_ter82    5.3631308000000001E-03     1.000000         0.000000    
      sy_ter83    0.3000000000000000         1.000000         0.000000    
      sy_ter84    1.6513330999999999E-02     1.000000         0.000000    
      sy_ter85    7.4101015000000006E-02     1.000000         0.000000    
      sy_ter86    0.1765066500000000         1.000000         0.000000    
      sy_ter87    0.3000000000000000         1.000000         0.000000    
      sy_ter88    0.1635094300000000         1.000000         0.000000    
