  single point
     hill_main    0.8723985900000000         1.000000         0.000000    
     hill_mang     1.000000000000000         1.000000         0.000000    
       hill_se     1.103719500000000         1.000000         0.000000    
    kh_h_flat1     65.58584000000000         1.000000         0.000000    
   kh_h_flat10     336.2977200000000         1.000000         0.000000    
    kh_h_flat2     23.82179300000000         1.000000         0.000000    
    kh_h_flat3     707.1905000000000         1.000000         0.000000    
    kh_h_flat4     99.24141000000000         1.000000         0.000000    
   kh_h_flat45     789.1818200000000         1.000000         0.000000    
   kh_h_flat46     30.62836900000000         1.000000         0.000000    
    kh_h_flat5     1000.000000000000         1.000000         0.000000    
   kh_h_flat51     1000.000000000000         1.000000         0.000000    
    kh_h_flat6     1000.000000000000         1.000000         0.000000    
    kh_h_flat7     1000.000000000000         1.000000         0.000000    
    kh_h_flat8     1000.000000000000         1.000000         0.000000    
   kh_h_flat89     1000.000000000000         1.000000         0.000000    
    kh_h_flat9     343.5198000000000         1.000000         0.000000    
     kh_hill11     19.75409500000000         1.000000         0.000000    
     kh_hill12     1000.000000000000         1.000000         0.000000    
     kh_hill13     380.7628000000000         1.000000         0.000000    
       kh_lake     26.27899900000000         1.000000         0.000000    
     kh_mang16     33.69339000000000         1.000000         0.000000    
     kh_mang17     1000.000000000000         1.000000         0.000000    
     kh_mang18     41.63559800000000         1.000000         0.000000    
     kh_mang19     10.06741900000000         1.000000         0.000000    
     kh_mang20     1000.000000000000         1.000000         0.000000    
     kh_mang21     338.0729900000000         1.000000         0.000000    
     kh_mang22     6.558706900000000         1.000000         0.000000    
     kh_mor_l0     1000.000000000000         1.000000         0.000000    
     kh_mor_l1    1.4584598000000001E-04     1.000000         0.000000    
    kh_riv_g23     1.530925900000000         1.000000         0.000000    
    kh_riv_g24     175.4919900000000         1.000000         0.000000    
    kh_riv_g25     314.1316400000000         1.000000         0.000000    
    kh_riv_g26     186.9439800000000         1.000000         0.000000    
    kh_riv_g27     11.68841700000000         1.000000         0.000000    
    kh_riv_g28     165.7512200000000         1.000000         0.000000    
    kh_riv_g29     1000.000000000000         1.000000         0.000000    
    kh_riv_g30     1000.000000000000         1.000000         0.000000    
    kh_riv_g60     1000.000000000000         1.000000         0.000000    
    kh_riv_g61     3.513321500000000         1.000000         0.000000    
    kh_riv_g62     752.1660400000000         1.000000         0.000000    
    kh_riv_g63     6.953179100000000         1.000000         0.000000    
    kh_sandy31     1000.000000000000         1.000000         0.000000    
    kh_sandy32     481.6098800000000         1.000000         0.000000    
    kh_sandy70    0.1330407300000000         1.000000         0.000000    
    kh_sandy71     4.763759200000000         1.000000         0.000000    
      kh_ter14     2.302162500000000         1.000000         0.000000    
      kh_ter15     68.90481200000001         1.000000         0.000000    
      kh_ter33     374.2992800000000         1.000000         0.000000    
      kh_ter34     867.6459100000000         1.000000         0.000000    
      kh_ter35     967.5406800000000         1.000000         0.000000    
      kh_ter36     50.78475400000000         1.000000         0.000000    
      kh_ter37     515.9501200000000         1.000000         0.000000    
      kh_ter38    9.6926779000000005E-02     1.000000         0.000000    
      kh_ter39     1.402299400000000         1.000000         0.000000    
      kh_ter80     1.864146300000000         1.000000         0.000000    
      kh_ter81     138.2272800000000         1.000000         0.000000    
      kh_ter82     13.42536600000000         1.000000         0.000000    
      kh_ter83     22.60890300000000         1.000000         0.000000    
      kh_ter84     1000.000000000000         1.000000         0.000000    
      kh_ter85     21.69655200000000         1.000000         0.000000    
      kh_ter86     2.137990100000000         1.000000         0.000000    
      kh_ter87     126.5253200000000         1.000000         0.000000    
      kh_ter88     62.14247300000000         1.000000         0.000000    
      race_all    0.9151657000000000         1.000000         0.000000    
       rch_all    0.9215209900000000         1.000000         0.000000    
        riv_c1     1228.699600000000         1.000000         0.000000    
     riv_gview     71.24622900000000         1.000000         0.000000    
        riv_h1     2184.499500000000         1.000000         0.000000    
        riv_h2     1505.691700000000         1.000000         0.000000    
        riv_h3     1950.520700000000         1.000000         0.000000    
      riv_john     50.00000000000000         1.000000         0.000000    
    sy_h_flat1    5.6201112999999998E-04     1.000000         0.000000    
   sy_h_flat10    2.0476187999999999E-02     1.000000         0.000000    
    sy_h_flat2    0.3000000000000000         1.000000         0.000000    
    sy_h_flat3    3.9544999000000001E-03     1.000000         0.000000    
    sy_h_flat4    0.3000000000000000         1.000000         0.000000    
   sy_h_flat45    3.1608778999999997E-02     1.000000         0.000000    
   sy_h_flat46    4.6420713000000002E-02     1.000000         0.000000    
    sy_h_flat5    5.6935781999999997E-02     1.000000         0.000000    
   sy_h_flat51    0.1752728500000000         1.000000         0.000000    
    sy_h_flat6    6.7299719000000003E-03     1.000000         0.000000    
    sy_h_flat7    1.0587684000000000E-02     1.000000         0.000000    
    sy_h_flat8    6.6070175000000004E-03     1.000000         0.000000    
   sy_h_flat89    2.4094021000000000E-02     1.000000         0.000000    
    sy_h_flat9    1.9469868000000000E-03     1.000000         0.000000    
     sy_hill11    0.1606985100000000         1.000000         0.000000    
     sy_hill12    5.0590699000000001E-03     1.000000         0.000000    
     sy_hill13    6.9566159999999997E-03     1.000000         0.000000    
     sy_mang16    2.2422331000000002E-03     1.000000         0.000000    
     sy_mang17    0.1671429300000000         1.000000         0.000000    
     sy_mang18    1.6633858000000001E-02     1.000000         0.000000    
     sy_mang19    1.0000000000000000E-04     1.000000         0.000000    
     sy_mang20    2.2721950000000001E-02     1.000000         0.000000    
     sy_mang21    7.4901861000000000E-02     1.000000         0.000000    
     sy_mang22    8.5050611000000009E-03     1.000000         0.000000    
    sy_riv_g23    2.0148897000000000E-03     1.000000         0.000000    
    sy_riv_g24    6.2503009999999998E-03     1.000000         0.000000    
    sy_riv_g25    0.3000000000000000         1.000000         0.000000    
    sy_riv_g26    0.3000000000000000         1.000000         0.000000    
    sy_riv_g27    2.8140670000000000E-03     1.000000         0.000000    
    sy_riv_g28    4.6910786000000000E-04     1.000000         0.000000    
    sy_riv_g29    2.8924632000000001E-03     1.000000         0.000000    
    sy_riv_g30    2.5480058999999999E-02     1.000000         0.000000    
    sy_riv_g60    5.6638484000000001E-03     1.000000         0.000000    
    sy_riv_g61    6.0770145000000001E-03     1.000000         0.000000    
    sy_riv_g62    6.2079218999999998E-02     1.000000         0.000000    
    sy_riv_g63    5.4805920000000003E-03     1.000000         0.000000    
    sy_sandy31    6.2029883999999997E-03     1.000000         0.000000    
    sy_sandy32    6.6077645999999997E-03     1.000000         0.000000    
    sy_sandy70    1.1080533000000000E-02     1.000000         0.000000    
    sy_sandy71    2.0440533000000000E-02     1.000000         0.000000    
  sy_ss_mor_l0    8.4525716000000007E-05     1.000000         0.000000    
  sy_ss_mor_l1    4.3206510000000001E-04     1.000000         0.000000    
    sy_ss_rest    3.5938980000000000E-06     1.000000         0.000000    
  sy_sy_mor_l0    9.2653238999999998E-02     1.000000         0.000000    
  sy_sy_mor_l1    9.9999340999999990E-04     1.000000         0.000000    
      sy_ter14    1.9414773999999999E-02     1.000000         0.000000    
      sy_ter15    2.2873888999999999E-03     1.000000         0.000000    
      sy_ter33    7.0908337999999998E-03     1.000000         0.000000    
      sy_ter34    7.7188072999999996E-02     1.000000         0.000000    
      sy_ter35    0.3000000000000000         1.000000         0.000000    
      sy_ter36    0.2485885700000000         1.000000         0.000000    
      sy_ter37    2.9457875000000001E-02     1.000000         0.000000    
      sy_ter38    3.9499645999999999E-02     1.000000         0.000000    
      sy_ter39    0.1376701400000000         1.000000         0.000000    
      sy_ter80    4.8508550999999998E-04     1.000000         0.000000    
      sy_ter81    0.3000000000000000         1.000000         0.000000    
      sy_ter82    4.9171184999999996E-03     1.000000         0.000000    
      sy_ter83    7.8972229000000001E-04     1.000000         0.000000    
      sy_ter84    8.6397578999999995E-03     1.000000         0.000000    
      sy_ter85    6.8875128000000004E-03     1.000000         0.000000    
      sy_ter86    1.8058175999999999E-02     1.000000         0.000000    
      sy_ter87    1.0162124000000000E-03     1.000000         0.000000    
      sy_ter88    0.1975290600000000         1.000000         0.000000    
