  single point
     hill_main     1.200000000000000         1.000000         0.000000    
     hill_mang     1.200000000000000         1.000000         0.000000    
       hill_se     1.200000000000000         1.000000         0.000000    
    kh_h_flat1     5.450719700000000         1.000000         0.000000    
   kh_h_flat10     75.79051100000000         1.000000         0.000000    
    kh_h_flat2     38.41262000000000         1.000000         0.000000    
    kh_h_flat3     186.2145800000000         1.000000         0.000000    
    kh_h_flat4     1000.000000000000         1.000000         0.000000    
   kh_h_flat45     646.2267900000001         1.000000         0.000000    
   kh_h_flat46     1000.000000000000         1.000000         0.000000    
    kh_h_flat5     1000.000000000000         1.000000         0.000000    
   kh_h_flat51     1000.000000000000         1.000000         0.000000    
    kh_h_flat6    0.4546821300000000         1.000000         0.000000    
    kh_h_flat7     1000.000000000000         1.000000         0.000000    
    kh_h_flat8     1000.000000000000         1.000000         0.000000    
   kh_h_flat89     1000.000000000000         1.000000         0.000000    
    kh_h_flat9     87.80360899999999         1.000000         0.000000    
     kh_hill11    1.4972739000000001E-02     1.000000         0.000000    
     kh_hill12     4.421519300000000         1.000000         0.000000    
     kh_hill13     109.0873700000000         1.000000         0.000000    
       kh_lake     26.30069200000000         1.000000         0.000000    
     kh_mang16     8.495078500000000         1.000000         0.000000    
     kh_mang17     1000.000000000000         1.000000         0.000000    
     kh_mang18     94.26512200000001         1.000000         0.000000    
     kh_mang19    1.0000000000000000E-02     1.000000         0.000000    
     kh_mang20     378.2146700000000         1.000000         0.000000    
     kh_mang21     46.27948300000000         1.000000         0.000000    
     kh_mang22    0.4068708800000000         1.000000         0.000000    
     kh_mor_l0     1000.000000000000         1.000000         0.000000    
     kh_mor_l1    0.1116150400000000         1.000000         0.000000    
    kh_riv_g23     1.819495300000000         1.000000         0.000000    
    kh_riv_g24     1.641125100000000         1.000000         0.000000    
    kh_riv_g25     94.95529700000000         1.000000         0.000000    
    kh_riv_g26     50.09219800000000         1.000000         0.000000    
    kh_riv_g27    0.1427938700000000         1.000000         0.000000    
    kh_riv_g28     57.99160000000000         1.000000         0.000000    
    kh_riv_g29     673.4717400000000         1.000000         0.000000    
    kh_riv_g30     1000.000000000000         1.000000         0.000000    
    kh_riv_g60     1000.000000000000         1.000000         0.000000    
    kh_riv_g61     54.97249300000000         1.000000         0.000000    
    kh_riv_g62     368.6274100000000         1.000000         0.000000    
    kh_riv_g63    1.0000000000000000E-02     1.000000         0.000000    
    kh_sandy31     98.02477800000000         1.000000         0.000000    
    kh_sandy32     18.16713800000000         1.000000         0.000000    
    kh_sandy70     3.024620700000000         1.000000         0.000000    
    kh_sandy71    6.7152775999999997E-02     1.000000         0.000000    
      kh_ter14    0.4835310400000000         1.000000         0.000000    
      kh_ter15     167.8985800000000         1.000000         0.000000    
      kh_ter33     1000.000000000000         1.000000         0.000000    
      kh_ter34     1000.000000000000         1.000000         0.000000    
      kh_ter35     1000.000000000000         1.000000         0.000000    
      kh_ter36     110.8819800000000         1.000000         0.000000    
      kh_ter37     143.7016300000000         1.000000         0.000000    
      kh_ter38    1.0000000000000000E-02     1.000000         0.000000    
      kh_ter39    0.2011353800000000         1.000000         0.000000    
      kh_ter80     559.8122000000000         1.000000         0.000000    
      kh_ter81     114.2111000000000         1.000000         0.000000    
      kh_ter82     1.686213600000000         1.000000         0.000000    
      kh_ter83    0.1065549800000000         1.000000         0.000000    
      kh_ter84     1000.000000000000         1.000000         0.000000    
      kh_ter85    0.9879284900000000         1.000000         0.000000    
      kh_ter86     1.433408000000000         1.000000         0.000000    
      kh_ter87    1.6938116000000000E-02     1.000000         0.000000    
      kh_ter88     1000.000000000000         1.000000         0.000000    
      race_all     1.200000000000000         1.000000         0.000000    
       rch_all    0.5000000000000000         1.000000         0.000000    
        riv_c1     989.5415900000000         1.000000         0.000000    
     riv_gview     50.00000000000000         1.000000         0.000000    
        riv_h1     904.2061600000000         1.000000         0.000000    
        riv_h2     1172.752500000000         1.000000         0.000000    
        riv_h3     4221.394300000000         1.000000         0.000000    
      riv_john     50.00000000000000         1.000000         0.000000    
    sy_h_flat1    1.0000000000000000E-04     1.000000         0.000000    
   sy_h_flat10    0.3000000000000000         1.000000         0.000000    
    sy_h_flat2    0.3000000000000000         1.000000         0.000000    
    sy_h_flat3    1.4409659999999999E-03     1.000000         0.000000    
    sy_h_flat4    0.3000000000000000         1.000000         0.000000    
   sy_h_flat45    0.2282374500000000         1.000000         0.000000    
   sy_h_flat46    1.0000000000000000E-04     1.000000         0.000000    
    sy_h_flat5    3.2959328000000001E-04     1.000000         0.000000    
   sy_h_flat51    4.0272637000000003E-03     1.000000         0.000000    
    sy_h_flat6    2.0453218000000000E-03     1.000000         0.000000    
    sy_h_flat7    0.3000000000000000         1.000000         0.000000    
    sy_h_flat8    2.6605698000000001E-02     1.000000         0.000000    
   sy_h_flat89    0.1861824500000000         1.000000         0.000000    
    sy_h_flat9    0.3000000000000000         1.000000         0.000000    
     sy_hill11    1.0000000000000000E-04     1.000000         0.000000    
     sy_hill12    1.0663433999999999E-03     1.000000         0.000000    
     sy_hill13    2.4785596000000002E-03     1.000000         0.000000    
     sy_mang16    5.8542066999999996E-03     1.000000         0.000000    
     sy_mang17    6.8816145999999995E-02     1.000000         0.000000    
     sy_mang18    0.2444195700000000         1.000000         0.000000    
     sy_mang19    6.7341009999999997E-04     1.000000         0.000000    
     sy_mang20    0.1172502400000000         1.000000         0.000000    
     sy_mang21    3.6244345999999997E-02     1.000000         0.000000    
     sy_mang22    1.8087946000000001E-03     1.000000         0.000000    
    sy_riv_g23    4.9435379999999995E-04     1.000000         0.000000    
    sy_riv_g24    1.5497063000000000E-02     1.000000         0.000000    
    sy_riv_g25    0.3000000000000000         1.000000         0.000000    
    sy_riv_g26    0.3000000000000000         1.000000         0.000000    
    sy_riv_g27    1.2596278000000000E-03     1.000000         0.000000    
    sy_riv_g28    2.4750365000000000E-04     1.000000         0.000000    
    sy_riv_g29    7.3147155999999996E-04     1.000000         0.000000    
    sy_riv_g30    0.1929069700000000         1.000000         0.000000    
    sy_riv_g60    4.0565018000000000E-03     1.000000         0.000000    
    sy_riv_g61    6.3359003999999997E-02     1.000000         0.000000    
    sy_riv_g62    0.1638220000000000         1.000000         0.000000    
    sy_riv_g63    6.0765406999999999E-03     1.000000         0.000000    
    sy_sandy31    1.0343930000000000E-03     1.000000         0.000000    
    sy_sandy32    9.9728248000000002E-03     1.000000         0.000000    
    sy_sandy70    8.5300112000000000E-04     1.000000         0.000000    
    sy_sandy71    1.1974505999999999E-02     1.000000         0.000000    
  sy_ss_mor_l0    8.3230197999999996E-05     1.000000         0.000000    
  sy_ss_mor_l1    4.8910698999999995E-04     1.000000         0.000000    
    sy_ss_rest    4.8062619000000003E-06     1.000000         0.000000    
  sy_sy_mor_l0    5.3186510999999999E-02     1.000000         0.000000    
  sy_sy_mor_l1    9.9999235999999997E-04     1.000000         0.000000    
      sy_ter14    1.0080217000000001E-02     1.000000         0.000000    
      sy_ter15    1.2003941000000000E-04     1.000000         0.000000    
      sy_ter33    0.3000000000000000         1.000000         0.000000    
      sy_ter34    0.3000000000000000         1.000000         0.000000    
      sy_ter35    7.2912108000000003E-02     1.000000         0.000000    
      sy_ter36    0.1600033500000000         1.000000         0.000000    
      sy_ter37    0.3000000000000000         1.000000         0.000000    
      sy_ter38    0.3000000000000000         1.000000         0.000000    
      sy_ter39    1.3252214999999999E-02     1.000000         0.000000    
      sy_ter80    1.0770227000000000E-02     1.000000         0.000000    
      sy_ter81    0.3000000000000000         1.000000         0.000000    
      sy_ter82    4.2500656999999997E-03     1.000000         0.000000    
      sy_ter83    0.3000000000000000         1.000000         0.000000    
      sy_ter84    1.4517537000000000E-02     1.000000         0.000000    
      sy_ter85    0.1296095900000000         1.000000         0.000000    
      sy_ter86    0.3000000000000000         1.000000         0.000000    
      sy_ter87    0.3000000000000000         1.000000         0.000000    
      sy_ter88    8.3055851000000000E-02     1.000000         0.000000    
