  single point
     hill_main    0.8000000000000000         1.000000         0.000000    
     hill_mang     1.000000000000000         1.000000         0.000000    
       hill_se     1.195296400000000         1.000000         0.000000    
    kh_h_flat1     1000.000000000000         1.000000         0.000000    
   kh_h_flat10     10.00000000000000         1.000000         0.000000    
    kh_h_flat2     10.00000000000000         1.000000         0.000000    
    kh_h_flat3     10.00000000000000         1.000000         0.000000    
    kh_h_flat4     10.00000000000000         1.000000         0.000000    
    kh_h_flat5     10.00000000000000         1.000000         0.000000    
    kh_h_flat6     10.00000000000000         1.000000         0.000000    
    kh_h_flat7     10.00000000000000         1.000000         0.000000    
    kh_h_flat8     10.00000000000000         1.000000         0.000000    
    kh_h_flat9     4.227272800000000         1.000000         0.000000    
     kh_hill11     16.47197600000000         1.000000         0.000000    
     kh_hill12     10.00000000000000         1.000000         0.000000    
     kh_hill13     10.00000000000000         1.000000         0.000000    
     kh_hill14    0.4909116800000000         1.000000         0.000000    
     kh_hill15     7.169748900000000         1.000000         0.000000    
       kh_lake     5.000000000000000         1.000000         0.000000    
     kh_mang16     10.00000000000000         1.000000         0.000000    
     kh_mang17     10.00000000000000         1.000000         0.000000    
     kh_mang18     10.00000000000000         1.000000         0.000000    
     kh_mang19     10.00000000000000         1.000000         0.000000    
     kh_mang20     10.00000000000000         1.000000         0.000000    
     kh_mang21     10.00000000000000         1.000000         0.000000    
     kh_mang22     10.00000000000000         1.000000         0.000000    
    kh_riv_g23     440.1073300000000         1.000000         0.000000    
    kh_riv_g24    1.0000000000000000E-02     1.000000         0.000000    
    kh_riv_g25     10.00000000000000         1.000000         0.000000    
    kh_riv_g26     10.00000000000000         1.000000         0.000000    
    kh_riv_g27     3.281529700000000         1.000000         0.000000    
    kh_riv_g28     10.00000000000000         1.000000         0.000000    
    kh_riv_g29     10.00000000000000         1.000000         0.000000    
    kh_riv_g30     10.00000000000000         1.000000         0.000000    
    kh_sandy31     4.337376400000000         1.000000         0.000000    
    kh_sandy32     1000.000000000000         1.000000         0.000000    
      kh_ter33     992.7626400000000         1.000000         0.000000    
      kh_ter34     47.25777600000000         1.000000         0.000000    
      kh_ter35     6.039546000000000         1.000000         0.000000    
      kh_ter36     214.8685900000000         1.000000         0.000000    
      kh_ter37    0.3315580400000000         1.000000         0.000000    
      kh_ter38    0.1327220900000000         1.000000         0.000000    
      kh_ter39    4.8830200999999997E-02     1.000000         0.000000    
      race_all     1.000000000000000         1.000000         0.000000    
       rch_all     1.167831000000000         1.000000         0.000000    
        riv_c1     9997.263800000001         1.000000         0.000000    
     riv_gview     100.0000000000000         1.000000         0.000000    
        riv_h1     1000.000000000000         1.000000         0.000000    
        riv_h2     1000.000000000000         1.000000         0.000000    
        riv_h3     1000.000000000000         1.000000         0.000000    
      riv_john     100.0000000000000         1.000000         0.000000    
    sy_h_flat1    5.6892577999999999E-03     1.000000         0.000000    
   sy_h_flat10    1.0000000000000000E-02     1.000000         0.000000    
    sy_h_flat2    1.0000000000000000E-02     1.000000         0.000000    
    sy_h_flat3    1.0000000000000000E-02     1.000000         0.000000    
    sy_h_flat4    1.0000000000000000E-02     1.000000         0.000000    
    sy_h_flat5    1.0000000000000000E-02     1.000000         0.000000    
    sy_h_flat6    1.0000000000000000E-02     1.000000         0.000000    
    sy_h_flat7    1.0000000000000000E-02     1.000000         0.000000    
    sy_h_flat8    1.0000000000000000E-02     1.000000         0.000000    
    sy_h_flat9    0.2584537900000000         1.000000         0.000000    
     sy_hill11    0.3000000000000000         1.000000         0.000000    
     sy_hill12    1.0000000000000000E-02     1.000000         0.000000    
     sy_hill13    1.0000000000000000E-02     1.000000         0.000000    
     sy_hill14    1.0000000000000000E-04     1.000000         0.000000    
     sy_hill15    2.1104125000000000E-03     1.000000         0.000000    
     sy_mang16    1.0000000000000000E-02     1.000000         0.000000    
     sy_mang17    1.0000000000000000E-02     1.000000         0.000000    
     sy_mang18    1.0000000000000000E-02     1.000000         0.000000    
     sy_mang19    1.0000000000000000E-02     1.000000         0.000000    
     sy_mang20    1.0000000000000000E-02     1.000000         0.000000    
     sy_mang21    1.0000000000000000E-02     1.000000         0.000000    
     sy_mang22    1.0000000000000000E-02     1.000000         0.000000    
    sy_riv_g23    1.3941156000000000E-03     1.000000         0.000000    
    sy_riv_g24    7.9469174000000001E-04     1.000000         0.000000    
    sy_riv_g25    1.0000000000000000E-02     1.000000         0.000000    
    sy_riv_g26    1.0000000000000000E-02     1.000000         0.000000    
    sy_riv_g27    1.5072696999999999E-03     1.000000         0.000000    
    sy_riv_g28    1.0000000000000000E-02     1.000000         0.000000    
    sy_riv_g29    1.0000000000000000E-02     1.000000         0.000000    
    sy_riv_g30    1.0000000000000000E-02     1.000000         0.000000    
    sy_sandy31    1.0000000000000000E-04     1.000000         0.000000    
    sy_sandy32    4.6150098000000001E-03     1.000000         0.000000    
      sy_ter33    1.9625450999999999E-02     1.000000         0.000000    
      sy_ter34    2.4219290000000001E-02     1.000000         0.000000    
      sy_ter35    4.4616915999999996E-03     1.000000         0.000000    
      sy_ter36    4.0794009000000003E-03     1.000000         0.000000    
      sy_ter37    3.4386142000000001E-02     1.000000         0.000000    
      sy_ter38    7.8925665999999995E-03     1.000000         0.000000    
      sy_ter39    1.1803377000000000E-04     1.000000         0.000000    
