  single point
     hill_main    0.8000000000000000         1.000000         0.000000    
     hill_mang     1.000000000000000         1.000000         0.000000    
       hill_se     1.188776300000000         1.000000         0.000000    
    kh_h_flat1     1000.000000000000         1.000000         0.000000    
   kh_h_flat10     10.00000000000000         1.000000         0.000000    
    kh_h_flat2     10.00000000000000         1.000000         0.000000    
    kh_h_flat3     10.00000000000000         1.000000         0.000000    
    kh_h_flat4     10.00000000000000         1.000000         0.000000    
    kh_h_flat5     10.00000000000000         1.000000         0.000000    
    kh_h_flat6     10.00000000000000         1.000000         0.000000    
    kh_h_flat7     10.00000000000000         1.000000         0.000000    
    kh_h_flat8     10.00000000000000         1.000000         0.000000    
    kh_h_flat9     5.661755600000000         1.000000         0.000000    
     kh_hill11     14.75965500000000         1.000000         0.000000    
     kh_hill12     10.00000000000000         1.000000         0.000000    
     kh_hill13     10.00000000000000         1.000000         0.000000    
     kh_hill14    0.5959833600000000         1.000000         0.000000    
     kh_hill15     8.966202800000000         1.000000         0.000000    
       kh_lake     5.000000000000000         1.000000         0.000000    
     kh_mang16     10.00000000000000         1.000000         0.000000    
     kh_mang17     10.00000000000000         1.000000         0.000000    
     kh_mang18     10.00000000000000         1.000000         0.000000    
     kh_mang19     10.00000000000000         1.000000         0.000000    
     kh_mang20     10.00000000000000         1.000000         0.000000    
     kh_mang21     10.00000000000000         1.000000         0.000000    
     kh_mang22     10.00000000000000         1.000000         0.000000    
    kh_riv_g23     236.6045800000000         1.000000         0.000000    
    kh_riv_g24    1.0000000000000000E-02     1.000000         0.000000    
    kh_riv_g25     10.00000000000000         1.000000         0.000000    
    kh_riv_g26     10.00000000000000         1.000000         0.000000    
    kh_riv_g27     4.045517200000000         1.000000         0.000000    
    kh_riv_g28     10.00000000000000         1.000000         0.000000    
    kh_riv_g29     10.00000000000000         1.000000         0.000000    
    kh_riv_g30     10.00000000000000         1.000000         0.000000    
    kh_sandy31     4.388411400000000         1.000000         0.000000    
    kh_sandy32     378.5802500000000         1.000000         0.000000    
      kh_ter33     1000.000000000000         1.000000         0.000000    
      kh_ter34     33.87957700000000         1.000000         0.000000    
      kh_ter35     7.890189900000000         1.000000         0.000000    
      kh_ter36     181.6707100000000         1.000000         0.000000    
      kh_ter37    0.3754033100000000         1.000000         0.000000    
      kh_ter38    0.4537856900000000         1.000000         0.000000    
      kh_ter39    5.6782591000000000E-02     1.000000         0.000000    
      race_all     1.000000000000000         1.000000         0.000000    
       rch_all     1.200000000000000         1.000000         0.000000    
        riv_c1     9380.125500000000         1.000000         0.000000    
     riv_gview     100.0000000000000         1.000000         0.000000    
        riv_h1     1000.000000000000         1.000000         0.000000    
        riv_h2     1000.000000000000         1.000000         0.000000    
        riv_h3     1000.000000000000         1.000000         0.000000    
      riv_john     100.0000000000000         1.000000         0.000000    
    sy_h_flat1    1.3660604000000000E-02     1.000000         0.000000    
   sy_h_flat10    1.0000000000000000E-02     1.000000         0.000000    
    sy_h_flat2    1.0000000000000000E-02     1.000000         0.000000    
    sy_h_flat3    1.0000000000000000E-02     1.000000         0.000000    
    sy_h_flat4    1.0000000000000000E-02     1.000000         0.000000    
    sy_h_flat5    1.0000000000000000E-02     1.000000         0.000000    
    sy_h_flat6    1.0000000000000000E-02     1.000000         0.000000    
    sy_h_flat7    1.0000000000000000E-02     1.000000         0.000000    
    sy_h_flat8    1.0000000000000000E-02     1.000000         0.000000    
    sy_h_flat9    0.3000000000000000         1.000000         0.000000    
     sy_hill11    0.3000000000000000         1.000000         0.000000    
     sy_hill12    1.0000000000000000E-02     1.000000         0.000000    
     sy_hill13    1.0000000000000000E-02     1.000000         0.000000    
     sy_hill14    1.0000000000000000E-04     1.000000         0.000000    
     sy_hill15    2.9803860999999998E-03     1.000000         0.000000    
     sy_mang16    1.0000000000000000E-02     1.000000         0.000000    
     sy_mang17    1.0000000000000000E-02     1.000000         0.000000    
     sy_mang18    1.0000000000000000E-02     1.000000         0.000000    
     sy_mang19    1.0000000000000000E-02     1.000000         0.000000    
     sy_mang20    1.0000000000000000E-02     1.000000         0.000000    
     sy_mang21    1.0000000000000000E-02     1.000000         0.000000    
     sy_mang22    1.0000000000000000E-02     1.000000         0.000000    
    sy_riv_g23    1.4572509999999999E-03     1.000000         0.000000    
    sy_riv_g24    1.0813174000000000E-03     1.000000         0.000000    
    sy_riv_g25    1.0000000000000000E-02     1.000000         0.000000    
    sy_riv_g26    1.0000000000000000E-02     1.000000         0.000000    
    sy_riv_g27    1.8525249000000000E-03     1.000000         0.000000    
    sy_riv_g28    1.0000000000000000E-02     1.000000         0.000000    
    sy_riv_g29    1.0000000000000000E-02     1.000000         0.000000    
    sy_riv_g30    1.0000000000000000E-02     1.000000         0.000000    
    sy_sandy31    1.1012025000000001E-03     1.000000         0.000000    
    sy_sandy32    4.9870193999999998E-04     1.000000         0.000000    
      sy_ter33    1.7375136999999999E-02     1.000000         0.000000    
      sy_ter34    1.3323570000000000E-02     1.000000         0.000000    
      sy_ter35    3.5466172999999998E-03     1.000000         0.000000    
      sy_ter36    8.1849447999999998E-03     1.000000         0.000000    
      sy_ter37    3.3116852000000002E-02     1.000000         0.000000    
      sy_ter38    1.3984762000000000E-02     1.000000         0.000000    
      sy_ter39    1.0000000000000000E-04     1.000000         0.000000    
