  single point
     hill_main    0.9768758600000000         1.000000         0.000000    
     hill_mang     1.000000000000000         1.000000         0.000000    
       hill_se    0.9942361100000000         1.000000         0.000000    
    kh_h_flat1     14.06056300000000         1.000000         0.000000    
   kh_h_flat10     10.00000000000000         1.000000         0.000000    
    kh_h_flat2     10.00000000000000         1.000000         0.000000    
    kh_h_flat3     10.00000000000000         1.000000         0.000000    
    kh_h_flat4     10.00000000000000         1.000000         0.000000    
    kh_h_flat5     10.00000000000000         1.000000         0.000000    
    kh_h_flat6     10.00000000000000         1.000000         0.000000    
    kh_h_flat7     10.00000000000000         1.000000         0.000000    
    kh_h_flat8     10.00000000000000         1.000000         0.000000    
    kh_h_flat9     10.64912600000000         1.000000         0.000000    
     kh_hill11     10.48210100000000         1.000000         0.000000    
     kh_hill12     10.00000000000000         1.000000         0.000000    
     kh_hill13     10.00000000000000         1.000000         0.000000    
     kh_hill14     9.546606600000000         1.000000         0.000000    
     kh_hill15     10.27258300000000         1.000000         0.000000    
       kh_lake     5.000000000000000         1.000000         0.000000    
     kh_mang16     10.00000000000000         1.000000         0.000000    
     kh_mang17     10.00000000000000         1.000000         0.000000    
     kh_mang18     10.00000000000000         1.000000         0.000000    
     kh_mang19     10.00000000000000         1.000000         0.000000    
     kh_mang20     10.00000000000000         1.000000         0.000000    
     kh_mang21     10.00000000000000         1.000000         0.000000    
     kh_mang22     10.00000000000000         1.000000         0.000000    
    kh_riv_g23     10.66853500000000         1.000000         0.000000    
    kh_riv_g24     5.806975200000000         1.000000         0.000000    
    kh_riv_g25     10.00000000000000         1.000000         0.000000    
    kh_riv_g26     10.00000000000000         1.000000         0.000000    
    kh_riv_g27     9.986758300000000         1.000000         0.000000    
    kh_riv_g28     10.00000000000000         1.000000         0.000000    
    kh_riv_g29     10.00000000000000         1.000000         0.000000    
    kh_riv_g30     10.00000000000000         1.000000         0.000000    
    kh_sandy31     10.44057100000000         1.000000         0.000000    
    kh_sandy32     21.17427200000000         1.000000         0.000000    
      kh_ter33     10.02381200000000         1.000000         0.000000    
      kh_ter34     10.60568600000000         1.000000         0.000000    
      kh_ter35     10.07716900000000         1.000000         0.000000    
      kh_ter36     12.79713000000000         1.000000         0.000000    
      kh_ter37     8.517647800000001         1.000000         0.000000    
      kh_ter38     10.13037900000000         1.000000         0.000000    
      kh_ter39     8.955403799999999         1.000000         0.000000    
      race_all     1.000000000000000         1.000000         0.000000    
       rch_all     1.021188900000000         1.000000         0.000000    
        riv_c1     1168.621700000000         1.000000         0.000000    
     riv_gview     100.0000000000000         1.000000         0.000000    
        riv_h1     1000.000000000000         1.000000         0.000000    
        riv_h2     1000.000000000000         1.000000         0.000000    
        riv_h3     1000.000000000000         1.000000         0.000000    
      riv_john     100.0000000000000         1.000000         0.000000    
    sy_h_flat1    6.6288741000000003E-03     1.000000         0.000000    
   sy_h_flat10    1.0000000000000000E-02     1.000000         0.000000    
    sy_h_flat2    1.0000000000000000E-02     1.000000         0.000000    
    sy_h_flat3    1.0000000000000000E-02     1.000000         0.000000    
    sy_h_flat4    1.0000000000000000E-02     1.000000         0.000000    
    sy_h_flat5    1.0000000000000000E-02     1.000000         0.000000    
    sy_h_flat6    1.0000000000000000E-02     1.000000         0.000000    
    sy_h_flat7    1.0000000000000000E-02     1.000000         0.000000    
    sy_h_flat8    1.0000000000000000E-02     1.000000         0.000000    
    sy_h_flat9    1.2873949000000001E-02     1.000000         0.000000    
     sy_hill11    1.4329903000000000E-02     1.000000         0.000000    
     sy_hill12    1.0000000000000000E-02     1.000000         0.000000    
     sy_hill13    1.0000000000000000E-02     1.000000         0.000000    
     sy_hill14    6.8743109000000003E-04     1.000000         0.000000    
     sy_hill15    1.1280035000000001E-02     1.000000         0.000000    
     sy_mang16    1.0000000000000000E-02     1.000000         0.000000    
     sy_mang17    1.0000000000000000E-02     1.000000         0.000000    
     sy_mang18    1.0000000000000000E-02     1.000000         0.000000    
     sy_mang19    1.0000000000000000E-02     1.000000         0.000000    
     sy_mang20    1.0000000000000000E-02     1.000000         0.000000    
     sy_mang21    1.0000000000000000E-02     1.000000         0.000000    
     sy_mang22    1.0000000000000000E-02     1.000000         0.000000    
    sy_riv_g23    9.7391539999999999E-03     1.000000         0.000000    
    sy_riv_g24    9.7453998999999999E-03     1.000000         0.000000    
    sy_riv_g25    1.0000000000000000E-02     1.000000         0.000000    
    sy_riv_g26    1.0000000000000000E-02     1.000000         0.000000    
    sy_riv_g27    9.8630834000000001E-03     1.000000         0.000000    
    sy_riv_g28    1.0000000000000000E-02     1.000000         0.000000    
    sy_riv_g29    1.0000000000000000E-02     1.000000         0.000000    
    sy_riv_g30    1.0000000000000000E-02     1.000000         0.000000    
    sy_sandy31    7.7074021000000004E-04     1.000000         0.000000    
    sy_sandy32    1.8083879000000001E-02     1.000000         0.000000    
      sy_ter33    2.5476189000000000E-02     1.000000         0.000000    
      sy_ter34    1.6213452000000000E-02     1.000000         0.000000    
      sy_ter35    2.3554619000000000E-03     1.000000         0.000000    
      sy_ter36    2.1219133000000001E-03     1.000000         0.000000    
      sy_ter37    2.2307199999999999E-02     1.000000         0.000000    
      sy_ter38    6.4479719000000001E-03     1.000000         0.000000    
      sy_ter39    5.0097287000000004E-03     1.000000         0.000000    
