  single point
     hill_main    0.9988942000000000         1.000000         0.000000    
     hill_mang     1.000000000000000         1.000000         0.000000    
       hill_se    0.9988219900000000         1.000000         0.000000    
    kh_h_flat1     24.82270700000000         1.000000         0.000000    
   kh_h_flat10     10.00000000000000         1.000000         0.000000    
    kh_h_flat2     10.00000000000000         1.000000         0.000000    
    kh_h_flat3     10.00000000000000         1.000000         0.000000    
    kh_h_flat4     10.00000000000000         1.000000         0.000000    
    kh_h_flat5     10.00000000000000         1.000000         0.000000    
    kh_h_flat6     10.00000000000000         1.000000         0.000000    
    kh_h_flat7     10.00000000000000         1.000000         0.000000    
    kh_h_flat8     10.00000000000000         1.000000         0.000000    
    kh_h_flat9     10.82548500000000         1.000000         0.000000    
     kh_hill11     10.87770400000000         1.000000         0.000000    
     kh_hill12     10.00000000000000         1.000000         0.000000    
     kh_hill13     10.00000000000000         1.000000         0.000000    
     kh_hill14     8.073633600000001         1.000000         0.000000    
     kh_hill15     10.85298500000000         1.000000         0.000000    
       kh_lake     5.000000000000000         1.000000         0.000000    
     kh_mang16     10.00000000000000         1.000000         0.000000    
     kh_mang17     10.00000000000000         1.000000         0.000000    
     kh_mang18     10.00000000000000         1.000000         0.000000    
     kh_mang19     10.00000000000000         1.000000         0.000000    
     kh_mang20     10.00000000000000         1.000000         0.000000    
     kh_mang21     10.00000000000000         1.000000         0.000000    
     kh_mang22     10.00000000000000         1.000000         0.000000    
    kh_riv_g23     11.89286800000000         1.000000         0.000000    
    kh_riv_g24     3.719400200000000         1.000000         0.000000    
    kh_riv_g25     10.00000000000000         1.000000         0.000000    
    kh_riv_g26     10.00000000000000         1.000000         0.000000    
    kh_riv_g27     10.00736100000000         1.000000         0.000000    
    kh_riv_g28     10.00000000000000         1.000000         0.000000    
    kh_riv_g29     10.00000000000000         1.000000         0.000000    
    kh_riv_g30     10.00000000000000         1.000000         0.000000    
    kh_sandy31     10.70348200000000         1.000000         0.000000    
    kh_sandy32     36.27518300000000         1.000000         0.000000    
      kh_ter33     13.98850700000000         1.000000         0.000000    
      kh_ter34     13.11728700000000         1.000000         0.000000    
      kh_ter35     10.75592800000000         1.000000         0.000000    
      kh_ter36     19.03070800000000         1.000000         0.000000    
      kh_ter37     6.666315700000000         1.000000         0.000000    
      kh_ter38     10.83321700000000         1.000000         0.000000    
      kh_ter39     5.890797900000000         1.000000         0.000000    
      race_all     1.000000000000000         1.000000         0.000000    
       rch_all     1.106630700000000         1.000000         0.000000    
        riv_c1     1530.695400000000         1.000000         0.000000    
     riv_gview     100.0000000000000         1.000000         0.000000    
        riv_h1     1000.000000000000         1.000000         0.000000    
        riv_h2     1000.000000000000         1.000000         0.000000    
        riv_h3     1000.000000000000         1.000000         0.000000    
      riv_john     100.0000000000000         1.000000         0.000000    
    sy_h_flat1    9.5563471999999996E-04     1.000000         0.000000    
   sy_h_flat10    1.0000000000000000E-02     1.000000         0.000000    
    sy_h_flat2    1.0000000000000000E-02     1.000000         0.000000    
    sy_h_flat3    1.0000000000000000E-02     1.000000         0.000000    
    sy_h_flat4    1.0000000000000000E-02     1.000000         0.000000    
    sy_h_flat5    1.0000000000000000E-02     1.000000         0.000000    
    sy_h_flat6    1.0000000000000000E-02     1.000000         0.000000    
    sy_h_flat7    1.0000000000000000E-02     1.000000         0.000000    
    sy_h_flat8    1.0000000000000000E-02     1.000000         0.000000    
    sy_h_flat9    3.3841378999999998E-02     1.000000         0.000000    
     sy_hill11    2.3170298999999998E-02     1.000000         0.000000    
     sy_hill12    1.0000000000000000E-02     1.000000         0.000000    
     sy_hill13    1.0000000000000000E-02     1.000000         0.000000    
     sy_hill14    4.1548269000000001E-04     1.000000         0.000000    
     sy_hill15    1.0851365000000000E-02     1.000000         0.000000    
     sy_mang16    1.0000000000000000E-02     1.000000         0.000000    
     sy_mang17    1.0000000000000000E-02     1.000000         0.000000    
     sy_mang18    1.0000000000000000E-02     1.000000         0.000000    
     sy_mang19    1.0000000000000000E-02     1.000000         0.000000    
     sy_mang20    1.0000000000000000E-02     1.000000         0.000000    
     sy_mang21    1.0000000000000000E-02     1.000000         0.000000    
     sy_mang22    1.0000000000000000E-02     1.000000         0.000000    
    sy_riv_g23    8.6758127000000004E-03     1.000000         0.000000    
    sy_riv_g24    9.3851904999999996E-03     1.000000         0.000000    
    sy_riv_g25    1.0000000000000000E-02     1.000000         0.000000    
    sy_riv_g26    1.0000000000000000E-02     1.000000         0.000000    
    sy_riv_g27    9.7219160000000006E-03     1.000000         0.000000    
    sy_riv_g28    1.0000000000000000E-02     1.000000         0.000000    
    sy_riv_g29    1.0000000000000000E-02     1.000000         0.000000    
    sy_riv_g30    1.0000000000000000E-02     1.000000         0.000000    
    sy_sandy31    1.0000000000000000E-04     1.000000         0.000000    
    sy_sandy32    1.5269281000000001E-02     1.000000         0.000000    
      sy_ter33    2.7744273999999999E-02     1.000000         0.000000    
      sy_ter34    1.9398278000000001E-02     1.000000         0.000000    
      sy_ter35    2.0028799999999999E-03     1.000000         0.000000    
      sy_ter36    1.8905492000000001E-04     1.000000         0.000000    
      sy_ter37    2.6563027999999999E-02     1.000000         0.000000    
      sy_ter38    6.1270550999999998E-03     1.000000         0.000000    
      sy_ter39    5.8378114000000000E-04     1.000000         0.000000    
