  single point
     hill_main    0.9430570100000000         1.000000         0.000000    
     hill_mang     1.000000000000000         1.000000         0.000000    
       hill_se     1.157407900000000         1.000000         0.000000    
    kh_h_flat1     223.4230800000000         1.000000         0.000000    
   kh_h_flat10     10.00000000000000         1.000000         0.000000    
    kh_h_flat2     10.00000000000000         1.000000         0.000000    
    kh_h_flat3     10.00000000000000         1.000000         0.000000    
    kh_h_flat4     10.00000000000000         1.000000         0.000000    
    kh_h_flat5     10.00000000000000         1.000000         0.000000    
    kh_h_flat6     10.00000000000000         1.000000         0.000000    
    kh_h_flat7     10.00000000000000         1.000000         0.000000    
    kh_h_flat8     10.00000000000000         1.000000         0.000000    
    kh_h_flat9     10.03366200000000         1.000000         0.000000    
     kh_hill11     11.31951100000000         1.000000         0.000000    
     kh_hill12     10.00000000000000         1.000000         0.000000    
     kh_hill13     10.00000000000000         1.000000         0.000000    
     kh_hill14     4.159548600000000         1.000000         0.000000    
     kh_hill15     11.01017000000000         1.000000         0.000000    
       kh_lake     5.000000000000000         1.000000         0.000000    
     kh_mang16     10.00000000000000         1.000000         0.000000    
     kh_mang17     10.00000000000000         1.000000         0.000000    
     kh_mang18     10.00000000000000         1.000000         0.000000    
     kh_mang19     10.00000000000000         1.000000         0.000000    
     kh_mang20     10.00000000000000         1.000000         0.000000    
     kh_mang21     10.00000000000000         1.000000         0.000000    
     kh_mang22     10.00000000000000         1.000000         0.000000    
    kh_riv_g23     17.32800200000000         1.000000         0.000000    
    kh_riv_g24    0.4986577800000000         1.000000         0.000000    
    kh_riv_g25     10.00000000000000         1.000000         0.000000    
    kh_riv_g26     10.00000000000000         1.000000         0.000000    
    kh_riv_g27     7.946729300000000         1.000000         0.000000    
    kh_riv_g28     10.00000000000000         1.000000         0.000000    
    kh_riv_g29     10.00000000000000         1.000000         0.000000    
    kh_riv_g30     10.00000000000000         1.000000         0.000000    
    kh_sandy31     10.09410500000000         1.000000         0.000000    
    kh_sandy32     123.8569300000000         1.000000         0.000000    
      kh_ter33     61.05435500000000         1.000000         0.000000    
      kh_ter34     20.12172900000000         1.000000         0.000000    
      kh_ter35     11.78962000000000         1.000000         0.000000    
      kh_ter36     64.74510600000001         1.000000         0.000000    
      kh_ter37     1.833814500000000         1.000000         0.000000    
      kh_ter38     7.561319500000000         1.000000         0.000000    
      kh_ter39    0.8284763000000001         1.000000         0.000000    
      race_all     1.000000000000000         1.000000         0.000000    
       rch_all     1.200000000000000         1.000000         0.000000    
        riv_c1     4025.071300000000         1.000000         0.000000    
     riv_gview     100.0000000000000         1.000000         0.000000    
        riv_h1     1000.000000000000         1.000000         0.000000    
        riv_h2     1000.000000000000         1.000000         0.000000    
        riv_h3     1000.000000000000         1.000000         0.000000    
      riv_john     100.0000000000000         1.000000         0.000000    
    sy_h_flat1    4.5527756000000004E-03     1.000000         0.000000    
   sy_h_flat10    1.0000000000000000E-02     1.000000         0.000000    
    sy_h_flat2    1.0000000000000000E-02     1.000000         0.000000    
    sy_h_flat3    1.0000000000000000E-02     1.000000         0.000000    
    sy_h_flat4    1.0000000000000000E-02     1.000000         0.000000    
    sy_h_flat5    1.0000000000000000E-02     1.000000         0.000000    
    sy_h_flat6    1.0000000000000000E-02     1.000000         0.000000    
    sy_h_flat7    1.0000000000000000E-02     1.000000         0.000000    
    sy_h_flat8    1.0000000000000000E-02     1.000000         0.000000    
    sy_h_flat9    0.3000000000000000         1.000000         0.000000    
     sy_hill11    0.3000000000000000         1.000000         0.000000    
     sy_hill12    1.0000000000000000E-02     1.000000         0.000000    
     sy_hill13    1.0000000000000000E-02     1.000000         0.000000    
     sy_hill14    1.0000000000000000E-04     1.000000         0.000000    
     sy_hill15    1.0000000000000000E-04     1.000000         0.000000    
     sy_mang16    1.0000000000000000E-02     1.000000         0.000000    
     sy_mang17    1.0000000000000000E-02     1.000000         0.000000    
     sy_mang18    1.0000000000000000E-02     1.000000         0.000000    
     sy_mang19    1.0000000000000000E-02     1.000000         0.000000    
     sy_mang20    1.0000000000000000E-02     1.000000         0.000000    
     sy_mang21    1.0000000000000000E-02     1.000000         0.000000    
     sy_mang22    1.0000000000000000E-02     1.000000         0.000000    
    sy_riv_g23    4.7212291000000000E-03     1.000000         0.000000    
    sy_riv_g24    5.0628627999999998E-03     1.000000         0.000000    
    sy_riv_g25    1.0000000000000000E-02     1.000000         0.000000    
    sy_riv_g26    1.0000000000000000E-02     1.000000         0.000000    
    sy_riv_g27    6.8053400000000000E-03     1.000000         0.000000    
    sy_riv_g28    1.0000000000000000E-02     1.000000         0.000000    
    sy_riv_g29    1.0000000000000000E-02     1.000000         0.000000    
    sy_riv_g30    1.0000000000000000E-02     1.000000         0.000000    
    sy_sandy31    1.1480127999999999E-04     1.000000         0.000000    
    sy_sandy32    3.7549146000000000E-03     1.000000         0.000000    
      sy_ter33    1.8488458999999999E-02     1.000000         0.000000    
      sy_ter34    1.2516862000000000E-02     1.000000         0.000000    
      sy_ter35    4.2309898000000004E-03     1.000000         0.000000    
      sy_ter36    1.0000000000000000E-04     1.000000         0.000000    
      sy_ter37    3.8123405999999999E-02     1.000000         0.000000    
      sy_ter38    1.6054690999999999E-02     1.000000         0.000000    
      sy_ter39    1.0000000000000000E-04     1.000000         0.000000    
