  single point
     hill_main    0.9842012999999999         1.000000         0.000000    
     hill_mang     1.000000000000000         1.000000         0.000000    
       hill_se     1.153739500000000         1.000000         0.000000    
    kh_h_flat1     196.0503200000000         1.000000         0.000000    
   kh_h_flat10     10.00000000000000         1.000000         0.000000    
    kh_h_flat2     10.00000000000000         1.000000         0.000000    
    kh_h_flat3     10.00000000000000         1.000000         0.000000    
    kh_h_flat4     10.00000000000000         1.000000         0.000000    
    kh_h_flat5     10.00000000000000         1.000000         0.000000    
    kh_h_flat6     10.00000000000000         1.000000         0.000000    
    kh_h_flat7     10.00000000000000         1.000000         0.000000    
    kh_h_flat8     10.00000000000000         1.000000         0.000000    
    kh_h_flat9     10.02220000000000         1.000000         0.000000    
     kh_hill11     11.32598800000000         1.000000         0.000000    
     kh_hill12     10.00000000000000         1.000000         0.000000    
     kh_hill13     10.00000000000000         1.000000         0.000000    
     kh_hill14     4.439660800000000         1.000000         0.000000    
     kh_hill15     10.98528300000000         1.000000         0.000000    
       kh_lake     5.000000000000000         1.000000         0.000000    
     kh_mang16     10.00000000000000         1.000000         0.000000    
     kh_mang17     10.00000000000000         1.000000         0.000000    
     kh_mang18     10.00000000000000         1.000000         0.000000    
     kh_mang19     10.00000000000000         1.000000         0.000000    
     kh_mang20     10.00000000000000         1.000000         0.000000    
     kh_mang21     10.00000000000000         1.000000         0.000000    
     kh_mang22     10.00000000000000         1.000000         0.000000    
    kh_riv_g23     16.51142400000000         1.000000         0.000000    
    kh_riv_g24    0.5076984300000000         1.000000         0.000000    
    kh_riv_g25     10.00000000000000         1.000000         0.000000    
    kh_riv_g26     10.00000000000000         1.000000         0.000000    
    kh_riv_g27     7.956683600000000         1.000000         0.000000    
    kh_riv_g28     10.00000000000000         1.000000         0.000000    
    kh_riv_g29     10.00000000000000         1.000000         0.000000    
    kh_riv_g30     10.00000000000000         1.000000         0.000000    
    kh_sandy31     10.12232200000000         1.000000         0.000000    
    kh_sandy32     128.0360700000000         1.000000         0.000000    
      kh_ter33     58.61009100000000         1.000000         0.000000    
      kh_ter34     21.37610600000000         1.000000         0.000000    
      kh_ter35     11.51148500000000         1.000000         0.000000    
      kh_ter36     64.24291400000000         1.000000         0.000000    
      kh_ter37     1.913929800000000         1.000000         0.000000    
      kh_ter38     7.652682500000000         1.000000         0.000000    
      kh_ter39    0.8728586000000000         1.000000         0.000000    
      race_all     1.000000000000000         1.000000         0.000000    
       rch_all     1.200000000000000         1.000000         0.000000    
        riv_c1     3920.656900000000         1.000000         0.000000    
     riv_gview     100.0000000000000         1.000000         0.000000    
        riv_h1     1000.000000000000         1.000000         0.000000    
        riv_h2     1000.000000000000         1.000000         0.000000    
        riv_h3     1000.000000000000         1.000000         0.000000    
      riv_john     100.0000000000000         1.000000         0.000000    
    sy_h_flat1    5.8447350000000002E-03     1.000000         0.000000    
   sy_h_flat10    1.0000000000000000E-02     1.000000         0.000000    
    sy_h_flat2    1.0000000000000000E-02     1.000000         0.000000    
    sy_h_flat3    1.0000000000000000E-02     1.000000         0.000000    
    sy_h_flat4    1.0000000000000000E-02     1.000000         0.000000    
    sy_h_flat5    1.0000000000000000E-02     1.000000         0.000000    
    sy_h_flat6    1.0000000000000000E-02     1.000000         0.000000    
    sy_h_flat7    1.0000000000000000E-02     1.000000         0.000000    
    sy_h_flat8    1.0000000000000000E-02     1.000000         0.000000    
    sy_h_flat9    0.3000000000000000         1.000000         0.000000    
     sy_hill11    0.3000000000000000         1.000000         0.000000    
     sy_hill12    1.0000000000000000E-02     1.000000         0.000000    
     sy_hill13    1.0000000000000000E-02     1.000000         0.000000    
     sy_hill14    1.0000000000000000E-04     1.000000         0.000000    
     sy_hill15    1.3970053000000001E-03     1.000000         0.000000    
     sy_mang16    1.0000000000000000E-02     1.000000         0.000000    
     sy_mang17    1.0000000000000000E-02     1.000000         0.000000    
     sy_mang18    1.0000000000000000E-02     1.000000         0.000000    
     sy_mang19    1.0000000000000000E-02     1.000000         0.000000    
     sy_mang20    1.0000000000000000E-02     1.000000         0.000000    
     sy_mang21    1.0000000000000000E-02     1.000000         0.000000    
     sy_mang22    1.0000000000000000E-02     1.000000         0.000000    
    sy_riv_g23    4.8443161999999996E-03     1.000000         0.000000    
    sy_riv_g24    5.1407605000000000E-03     1.000000         0.000000    
    sy_riv_g25    1.0000000000000000E-02     1.000000         0.000000    
    sy_riv_g26    1.0000000000000000E-02     1.000000         0.000000    
    sy_riv_g27    6.8968069999999996E-03     1.000000         0.000000    
    sy_riv_g28    1.0000000000000000E-02     1.000000         0.000000    
    sy_riv_g29    1.0000000000000000E-02     1.000000         0.000000    
    sy_riv_g30    1.0000000000000000E-02     1.000000         0.000000    
    sy_sandy31    2.0557417000000001E-04     1.000000         0.000000    
    sy_sandy32    3.7618768000000002E-03     1.000000         0.000000    
      sy_ter33    1.7916167000000000E-02     1.000000         0.000000    
      sy_ter34    1.2110347000000000E-02     1.000000         0.000000    
      sy_ter35    3.9708633000000004E-03     1.000000         0.000000    
      sy_ter36    1.0000000000000000E-04     1.000000         0.000000    
      sy_ter37    3.8149527000000003E-02     1.000000         0.000000    
      sy_ter38    1.6153865999999999E-02     1.000000         0.000000    
      sy_ter39    1.0000000000000000E-04     1.000000         0.000000    
