  single point
     hill_main    0.9975820300000000         1.000000         0.000000    
     hill_mang     1.000000000000000         1.000000         0.000000    
       hill_se     1.015338600000000         1.000000         0.000000    
    kh_h_flat1     18.36178400000000         1.000000         0.000000    
   kh_h_flat10     10.00000000000000         1.000000         0.000000    
    kh_h_flat2     10.00000000000000         1.000000         0.000000    
    kh_h_flat3     10.00000000000000         1.000000         0.000000    
    kh_h_flat4     10.00000000000000         1.000000         0.000000    
    kh_h_flat5     10.00000000000000         1.000000         0.000000    
    kh_h_flat6     10.00000000000000         1.000000         0.000000    
    kh_h_flat7     10.00000000000000         1.000000         0.000000    
    kh_h_flat8     10.00000000000000         1.000000         0.000000    
    kh_h_flat9     10.82398800000000         1.000000         0.000000    
     kh_hill11     10.87550300000000         1.000000         0.000000    
     kh_hill12     10.00000000000000         1.000000         0.000000    
     kh_hill13     10.00000000000000         1.000000         0.000000    
     kh_hill14     8.943859500000000         1.000000         0.000000    
     kh_hill15     10.71516400000000         1.000000         0.000000    
       kh_lake     5.000000000000000         1.000000         0.000000    
     kh_mang16     10.00000000000000         1.000000         0.000000    
     kh_mang17     10.00000000000000         1.000000         0.000000    
     kh_mang18     10.00000000000000         1.000000         0.000000    
     kh_mang19     10.00000000000000         1.000000         0.000000    
     kh_mang20     10.00000000000000         1.000000         0.000000    
     kh_mang21     10.00000000000000         1.000000         0.000000    
     kh_mang22     10.00000000000000         1.000000         0.000000    
    kh_riv_g23     11.28138500000000         1.000000         0.000000    
    kh_riv_g24     4.967145500000000         1.000000         0.000000    
    kh_riv_g25     10.00000000000000         1.000000         0.000000    
    kh_riv_g26     10.00000000000000         1.000000         0.000000    
    kh_riv_g27     10.18115400000000         1.000000         0.000000    
    kh_riv_g28     10.00000000000000         1.000000         0.000000    
    kh_riv_g29     10.00000000000000         1.000000         0.000000    
    kh_riv_g30     10.00000000000000         1.000000         0.000000    
    kh_sandy31     10.71925900000000         1.000000         0.000000    
    kh_sandy32     28.89922000000000         1.000000         0.000000    
      kh_ter33     11.20977300000000         1.000000         0.000000    
      kh_ter34     11.83352000000000         1.000000         0.000000    
      kh_ter35     10.54414300000000         1.000000         0.000000    
      kh_ter36     15.27491800000000         1.000000         0.000000    
      kh_ter37     7.934548800000000         1.000000         0.000000    
      kh_ter38     10.57210200000000         1.000000         0.000000    
      kh_ter39     7.453692300000000         1.000000         0.000000    
      race_all     1.000000000000000         1.000000         0.000000    
       rch_all     1.069865300000000         1.000000         0.000000    
        riv_c1     1327.164000000000         1.000000         0.000000    
     riv_gview     100.0000000000000         1.000000         0.000000    
        riv_h1     1000.000000000000         1.000000         0.000000    
        riv_h2     1000.000000000000         1.000000         0.000000    
        riv_h3     1000.000000000000         1.000000         0.000000    
      riv_john     100.0000000000000         1.000000         0.000000    
    sy_h_flat1    2.6616294000000001E-03     1.000000         0.000000    
   sy_h_flat10    1.0000000000000000E-02     1.000000         0.000000    
    sy_h_flat2    1.0000000000000000E-02     1.000000         0.000000    
    sy_h_flat3    1.0000000000000000E-02     1.000000         0.000000    
    sy_h_flat4    1.0000000000000000E-02     1.000000         0.000000    
    sy_h_flat5    1.0000000000000000E-02     1.000000         0.000000    
    sy_h_flat6    1.0000000000000000E-02     1.000000         0.000000    
    sy_h_flat7    1.0000000000000000E-02     1.000000         0.000000    
    sy_h_flat8    1.0000000000000000E-02     1.000000         0.000000    
    sy_h_flat9    1.8970706000000000E-02     1.000000         0.000000    
     sy_hill11    1.5068256000000000E-02     1.000000         0.000000    
     sy_hill12    1.0000000000000000E-02     1.000000         0.000000    
     sy_hill13    1.0000000000000000E-02     1.000000         0.000000    
     sy_hill14    7.7064631999999996E-04     1.000000         0.000000    
     sy_hill15    1.0324089999999999E-02     1.000000         0.000000    
     sy_mang16    1.0000000000000000E-02     1.000000         0.000000    
     sy_mang17    1.0000000000000000E-02     1.000000         0.000000    
     sy_mang18    1.0000000000000000E-02     1.000000         0.000000    
     sy_mang19    1.0000000000000000E-02     1.000000         0.000000    
     sy_mang20    1.0000000000000000E-02     1.000000         0.000000    
     sy_mang21    1.0000000000000000E-02     1.000000         0.000000    
     sy_mang22    1.0000000000000000E-02     1.000000         0.000000    
    sy_riv_g23    9.5033906999999994E-03     1.000000         0.000000    
    sy_riv_g24    9.8370272000000009E-03     1.000000         0.000000    
    sy_riv_g25    1.0000000000000000E-02     1.000000         0.000000    
    sy_riv_g26    1.0000000000000000E-02     1.000000         0.000000    
    sy_riv_g27    9.9211817000000001E-03     1.000000         0.000000    
    sy_riv_g28    1.0000000000000000E-02     1.000000         0.000000    
    sy_riv_g29    1.0000000000000000E-02     1.000000         0.000000    
    sy_riv_g30    1.0000000000000000E-02     1.000000         0.000000    
    sy_sandy31    1.0000000000000000E-04     1.000000         0.000000    
    sy_sandy32    1.7234350999999998E-02     1.000000         0.000000    
      sy_ter33    2.7468493000000000E-02     1.000000         0.000000    
      sy_ter34    1.7945473000000000E-02     1.000000         0.000000    
      sy_ter35    2.1269736000000001E-03     1.000000         0.000000    
      sy_ter36    1.0610221000000000E-03     1.000000         0.000000    
      sy_ter37    2.4834744999999998E-02     1.000000         0.000000    
      sy_ter38    7.0742594000000004E-03     1.000000         0.000000    
      sy_ter39    5.3059765999999998E-03     1.000000         0.000000    
