  single point
     hill_main    0.8000000000000000         1.000000         0.000000    
     hill_mang     1.000000000000000         1.000000         0.000000    
       hill_se     1.200000000000000         1.000000         0.000000    
    kh_h_flat1     1000.000000000000         1.000000         0.000000    
   kh_h_flat10     10.00000000000000         1.000000         0.000000    
    kh_h_flat2     10.00000000000000         1.000000         0.000000    
    kh_h_flat3     10.00000000000000         1.000000         0.000000    
    kh_h_flat4     10.00000000000000         1.000000         0.000000    
    kh_h_flat5     10.00000000000000         1.000000         0.000000    
    kh_h_flat6     10.00000000000000         1.000000         0.000000    
    kh_h_flat7     10.00000000000000         1.000000         0.000000    
    kh_h_flat8     10.00000000000000         1.000000         0.000000    
    kh_h_flat9     3.697217000000000         1.000000         0.000000    
     kh_hill11     17.44582400000000         1.000000         0.000000    
     kh_hill12     10.00000000000000         1.000000         0.000000    
     kh_hill13     10.00000000000000         1.000000         0.000000    
     kh_hill14    0.5982729300000000         1.000000         0.000000    
     kh_hill15     6.160525300000000         1.000000         0.000000    
       kh_lake     5.000000000000000         1.000000         0.000000    
     kh_mang16     10.00000000000000         1.000000         0.000000    
     kh_mang17     10.00000000000000         1.000000         0.000000    
     kh_mang18     10.00000000000000         1.000000         0.000000    
     kh_mang19     10.00000000000000         1.000000         0.000000    
     kh_mang20     10.00000000000000         1.000000         0.000000    
     kh_mang21     10.00000000000000         1.000000         0.000000    
     kh_mang22     10.00000000000000         1.000000         0.000000    
    kh_riv_g23     487.3540600000000         1.000000         0.000000    
    kh_riv_g24    1.0000000000000000E-02     1.000000         0.000000    
    kh_riv_g25     10.00000000000000         1.000000         0.000000    
    kh_riv_g26     10.00000000000000         1.000000         0.000000    
    kh_riv_g27     2.805740100000000         1.000000         0.000000    
    kh_riv_g28     10.00000000000000         1.000000         0.000000    
    kh_riv_g29     10.00000000000000         1.000000         0.000000    
    kh_riv_g30     10.00000000000000         1.000000         0.000000    
    kh_sandy31     4.651407300000000         1.000000         0.000000    
    kh_sandy32     877.9820999999999         1.000000         0.000000    
      kh_ter33     1000.000000000000         1.000000         0.000000    
      kh_ter34     58.80711700000000         1.000000         0.000000    
      kh_ter35     5.619832700000000         1.000000         0.000000    
      kh_ter36     239.5341400000000         1.000000         0.000000    
      kh_ter37    0.3261869000000000         1.000000         0.000000    
      kh_ter38    6.7404596999999997E-02     1.000000         0.000000    
      kh_ter39    3.9921630999999999E-02     1.000000         0.000000    
      race_all     1.000000000000000         1.000000         0.000000    
       rch_all     1.200000000000000         1.000000         0.000000    
        riv_c1     10000.00000000000         1.000000         0.000000    
     riv_gview     100.0000000000000         1.000000         0.000000    
        riv_h1     1000.000000000000         1.000000         0.000000    
        riv_h2     1000.000000000000         1.000000         0.000000    
        riv_h3     1000.000000000000         1.000000         0.000000    
      riv_john     100.0000000000000         1.000000         0.000000    
    sy_h_flat1    1.6233425000000000E-03     1.000000         0.000000    
   sy_h_flat10    1.0000000000000000E-02     1.000000         0.000000    
    sy_h_flat2    1.0000000000000000E-02     1.000000         0.000000    
    sy_h_flat3    1.0000000000000000E-02     1.000000         0.000000    
    sy_h_flat4    1.0000000000000000E-02     1.000000         0.000000    
    sy_h_flat5    1.0000000000000000E-02     1.000000         0.000000    
    sy_h_flat6    1.0000000000000000E-02     1.000000         0.000000    
    sy_h_flat7    1.0000000000000000E-02     1.000000         0.000000    
    sy_h_flat8    1.0000000000000000E-02     1.000000         0.000000    
    sy_h_flat9    8.6863705999999999E-02     1.000000         0.000000    
     sy_hill11    0.3000000000000000         1.000000         0.000000    
     sy_hill12    1.0000000000000000E-02     1.000000         0.000000    
     sy_hill13    1.0000000000000000E-02     1.000000         0.000000    
     sy_hill14    1.0000000000000000E-04     1.000000         0.000000    
     sy_hill15    6.4206940999999998E-04     1.000000         0.000000    
     sy_mang16    1.0000000000000000E-02     1.000000         0.000000    
     sy_mang17    1.0000000000000000E-02     1.000000         0.000000    
     sy_mang18    1.0000000000000000E-02     1.000000         0.000000    
     sy_mang19    1.0000000000000000E-02     1.000000         0.000000    
     sy_mang20    1.0000000000000000E-02     1.000000         0.000000    
     sy_mang21    1.0000000000000000E-02     1.000000         0.000000    
     sy_mang22    1.0000000000000000E-02     1.000000         0.000000    
    sy_riv_g23    1.4897917999999999E-03     1.000000         0.000000    
    sy_riv_g24    7.1401695000000004E-04     1.000000         0.000000    
    sy_riv_g25    1.0000000000000000E-02     1.000000         0.000000    
    sy_riv_g26    1.0000000000000000E-02     1.000000         0.000000    
    sy_riv_g27    1.3880950000000000E-03     1.000000         0.000000    
    sy_riv_g28    1.0000000000000000E-02     1.000000         0.000000    
    sy_riv_g29    1.0000000000000000E-02     1.000000         0.000000    
    sy_riv_g30    1.0000000000000000E-02     1.000000         0.000000    
    sy_sandy31    1.3838920000000001E-04     1.000000         0.000000    
    sy_sandy32    1.0000000000000000E-04     1.000000         0.000000    
      sy_ter33    2.3617062000000001E-02     1.000000         0.000000    
      sy_ter34    3.9022296999999997E-02     1.000000         0.000000    
      sy_ter35    3.9818394999999998E-03     1.000000         0.000000    
      sy_ter36    4.2266265000000004E-03     1.000000         0.000000    
      sy_ter37    3.1647251000000001E-02     1.000000         0.000000    
      sy_ter38    2.0238604000000000E-02     1.000000         0.000000    
      sy_ter39    1.1560928000000000E-04     1.000000         0.000000    
