  single point
     hill_main    0.8000000000000000         1.000000         0.000000    
     hill_mang     1.000000000000000         1.000000         0.000000    
       hill_se     1.195806100000000         1.000000         0.000000    
    kh_h_flat1     1000.000000000000         1.000000         0.000000    
   kh_h_flat10     10.00000000000000         1.000000         0.000000    
    kh_h_flat2     10.00000000000000         1.000000         0.000000    
    kh_h_flat3     10.00000000000000         1.000000         0.000000    
    kh_h_flat4     10.00000000000000         1.000000         0.000000    
    kh_h_flat5     10.00000000000000         1.000000         0.000000    
    kh_h_flat6     10.00000000000000         1.000000         0.000000    
    kh_h_flat7     10.00000000000000         1.000000         0.000000    
    kh_h_flat8     10.00000000000000         1.000000         0.000000    
    kh_h_flat9     4.224809800000000         1.000000         0.000000    
     kh_hill11     16.47504100000000         1.000000         0.000000    
     kh_hill12     10.00000000000000         1.000000         0.000000    
     kh_hill13     10.00000000000000         1.000000         0.000000    
     kh_hill14    0.4940246800000000         1.000000         0.000000    
     kh_hill15     7.166993500000000         1.000000         0.000000    
       kh_lake     5.000000000000000         1.000000         0.000000    
     kh_mang16     10.00000000000000         1.000000         0.000000    
     kh_mang17     10.00000000000000         1.000000         0.000000    
     kh_mang18     10.00000000000000         1.000000         0.000000    
     kh_mang19     10.00000000000000         1.000000         0.000000    
     kh_mang20     10.00000000000000         1.000000         0.000000    
     kh_mang21     10.00000000000000         1.000000         0.000000    
     kh_mang22     10.00000000000000         1.000000         0.000000    
    kh_riv_g23     440.3954400000000         1.000000         0.000000    
    kh_riv_g24    1.0000000000000000E-02     1.000000         0.000000    
    kh_riv_g25     10.00000000000000         1.000000         0.000000    
    kh_riv_g26     10.00000000000000         1.000000         0.000000    
    kh_riv_g27     3.283026200000000         1.000000         0.000000    
    kh_riv_g28     10.00000000000000         1.000000         0.000000    
    kh_riv_g29     10.00000000000000         1.000000         0.000000    
    kh_riv_g30     10.00000000000000         1.000000         0.000000    
    kh_sandy31     4.300679400000000         1.000000         0.000000    
    kh_sandy32     1000.000000000000         1.000000         0.000000    
      kh_ter33     999.4231500000000         1.000000         0.000000    
      kh_ter34     46.84576100000000         1.000000         0.000000    
      kh_ter35     6.068468700000000         1.000000         0.000000    
      kh_ter36     213.6516000000000         1.000000         0.000000    
      kh_ter37    0.3318786200000000         1.000000         0.000000    
      kh_ter38    0.1327610300000000         1.000000         0.000000    
      kh_ter39    4.9225457000000000E-02     1.000000         0.000000    
      race_all     1.000000000000000         1.000000         0.000000    
       rch_all     1.166725300000000         1.000000         0.000000    
        riv_c1     9999.636200000001         1.000000         0.000000    
     riv_gview     100.0000000000000         1.000000         0.000000    
        riv_h1     1000.000000000000         1.000000         0.000000    
        riv_h2     1000.000000000000         1.000000         0.000000    
        riv_h3     1000.000000000000         1.000000         0.000000    
      riv_john     100.0000000000000         1.000000         0.000000    
    sy_h_flat1    5.3627084000000000E-03     1.000000         0.000000    
   sy_h_flat10    1.0000000000000000E-02     1.000000         0.000000    
    sy_h_flat2    1.0000000000000000E-02     1.000000         0.000000    
    sy_h_flat3    1.0000000000000000E-02     1.000000         0.000000    
    sy_h_flat4    1.0000000000000000E-02     1.000000         0.000000    
    sy_h_flat5    1.0000000000000000E-02     1.000000         0.000000    
    sy_h_flat6    1.0000000000000000E-02     1.000000         0.000000    
    sy_h_flat7    1.0000000000000000E-02     1.000000         0.000000    
    sy_h_flat8    1.0000000000000000E-02     1.000000         0.000000    
    sy_h_flat9    0.2593385200000000         1.000000         0.000000    
     sy_hill11    0.3000000000000000         1.000000         0.000000    
     sy_hill12    1.0000000000000000E-02     1.000000         0.000000    
     sy_hill13    1.0000000000000000E-02     1.000000         0.000000    
     sy_hill14    1.1557149000000000E-04     1.000000         0.000000    
     sy_hill15    1.3535279000000001E-03     1.000000         0.000000    
     sy_mang16    1.0000000000000000E-02     1.000000         0.000000    
     sy_mang17    1.0000000000000000E-02     1.000000         0.000000    
     sy_mang18    1.0000000000000000E-02     1.000000         0.000000    
     sy_mang19    1.0000000000000000E-02     1.000000         0.000000    
     sy_mang20    1.0000000000000000E-02     1.000000         0.000000    
     sy_mang21    1.0000000000000000E-02     1.000000         0.000000    
     sy_mang22    1.0000000000000000E-02     1.000000         0.000000    
    sy_riv_g23    1.3939838000000000E-03     1.000000         0.000000    
    sy_riv_g24    7.9480619999999997E-04     1.000000         0.000000    
    sy_riv_g25    1.0000000000000000E-02     1.000000         0.000000    
    sy_riv_g26    1.0000000000000000E-02     1.000000         0.000000    
    sy_riv_g27    1.5073742000000000E-03     1.000000         0.000000    
    sy_riv_g28    1.0000000000000000E-02     1.000000         0.000000    
    sy_riv_g29    1.0000000000000000E-02     1.000000         0.000000    
    sy_riv_g30    1.0000000000000000E-02     1.000000         0.000000    
    sy_sandy31    1.5222276999999999E-04     1.000000         0.000000    
    sy_sandy32    5.5429614999999996E-03     1.000000         0.000000    
      sy_ter33    1.9579010000000001E-02     1.000000         0.000000    
      sy_ter34    2.3619764000000001E-02     1.000000         0.000000    
      sy_ter35    4.5017579999999998E-03     1.000000         0.000000    
      sy_ter36    4.2608530999999998E-03     1.000000         0.000000    
      sy_ter37    3.4201187000000001E-02     1.000000         0.000000    
      sy_ter38    8.4066378999999997E-03     1.000000         0.000000    
      sy_ter39    1.0000000000000000E-04     1.000000         0.000000    
