  single point
     hill_main     1.000839400000000         1.000000         0.000000    
     hill_mang     1.000000000000000         1.000000         0.000000    
       hill_se     1.010942800000000         1.000000         0.000000    
    kh_h_flat1     11.15457600000000         1.000000         0.000000    
   kh_h_flat10     10.00000000000000         1.000000         0.000000    
    kh_h_flat2     10.00000000000000         1.000000         0.000000    
    kh_h_flat3     10.00000000000000         1.000000         0.000000    
    kh_h_flat4     10.00000000000000         1.000000         0.000000    
    kh_h_flat5     10.00000000000000         1.000000         0.000000    
    kh_h_flat6     10.00000000000000         1.000000         0.000000    
    kh_h_flat7     10.00000000000000         1.000000         0.000000    
    kh_h_flat8     10.00000000000000         1.000000         0.000000    
    kh_h_flat9     10.17709400000000         1.000000         0.000000    
     kh_hill11     10.16170600000000         1.000000         0.000000    
     kh_hill12     10.00000000000000         1.000000         0.000000    
     kh_hill13     10.00000000000000         1.000000         0.000000    
     kh_hill14     10.28988000000000         1.000000         0.000000    
     kh_hill15     9.974600799999999         1.000000         0.000000    
       kh_lake     5.000000000000000         1.000000         0.000000    
     kh_mang16     10.00000000000000         1.000000         0.000000    
     kh_mang17     10.00000000000000         1.000000         0.000000    
     kh_mang18     10.00000000000000         1.000000         0.000000    
     kh_mang19     10.00000000000000         1.000000         0.000000    
     kh_mang20     10.00000000000000         1.000000         0.000000    
     kh_mang21     10.00000000000000         1.000000         0.000000    
     kh_mang22     10.00000000000000         1.000000         0.000000    
    kh_riv_g23     10.11245800000000         1.000000         0.000000    
    kh_riv_g24     8.309794100000000         1.000000         0.000000    
    kh_riv_g25     10.00000000000000         1.000000         0.000000    
    kh_riv_g26     10.00000000000000         1.000000         0.000000    
    kh_riv_g27     10.06738200000000         1.000000         0.000000    
    kh_riv_g28     10.00000000000000         1.000000         0.000000    
    kh_riv_g29     10.00000000000000         1.000000         0.000000    
    kh_riv_g30     10.00000000000000         1.000000         0.000000    
    kh_sandy31     10.07956100000000         1.000000         0.000000    
    kh_sandy32     13.14451500000000         1.000000         0.000000    
      kh_ter33     10.18195100000000         1.000000         0.000000    
      kh_ter34     9.853452200000000         1.000000         0.000000    
      kh_ter35     10.01158100000000         1.000000         0.000000    
      kh_ter36     10.59118500000000         1.000000         0.000000    
      kh_ter37     9.525441199999999         1.000000         0.000000    
      kh_ter38     10.08222300000000         1.000000         0.000000    
      kh_ter39     10.11462900000000         1.000000         0.000000    
      race_all     1.000000000000000         1.000000         0.000000    
       rch_all    0.9975499500000000         1.000000         0.000000    
        riv_c1     1023.315200000000         1.000000         0.000000    
     riv_gview     100.0000000000000         1.000000         0.000000    
        riv_h1     1000.000000000000         1.000000         0.000000    
        riv_h2     1000.000000000000         1.000000         0.000000    
        riv_h3     1000.000000000000         1.000000         0.000000    
      riv_john     100.0000000000000         1.000000         0.000000    
    sy_h_flat1    8.8047925999999999E-03     1.000000         0.000000    
   sy_h_flat10    1.0000000000000000E-02     1.000000         0.000000    
    sy_h_flat2    1.0000000000000000E-02     1.000000         0.000000    
    sy_h_flat3    1.0000000000000000E-02     1.000000         0.000000    
    sy_h_flat4    1.0000000000000000E-02     1.000000         0.000000    
    sy_h_flat5    1.0000000000000000E-02     1.000000         0.000000    
    sy_h_flat6    1.0000000000000000E-02     1.000000         0.000000    
    sy_h_flat7    1.0000000000000000E-02     1.000000         0.000000    
    sy_h_flat8    1.0000000000000000E-02     1.000000         0.000000    
    sy_h_flat9    1.1377712000000000E-02     1.000000         0.000000    
     sy_hill11    9.9659226999999993E-03     1.000000         0.000000    
     sy_hill12    1.0000000000000000E-02     1.000000         0.000000    
     sy_hill13    1.0000000000000000E-02     1.000000         0.000000    
     sy_hill14    1.0000000000000000E-03     1.000000         0.000000    
     sy_hill15    1.1423908999999999E-02     1.000000         0.000000    
     sy_mang16    1.0000000000000000E-02     1.000000         0.000000    
     sy_mang17    1.0000000000000000E-02     1.000000         0.000000    
     sy_mang18    1.0000000000000000E-02     1.000000         0.000000    
     sy_mang19    1.0000000000000000E-02     1.000000         0.000000    
     sy_mang20    1.0000000000000000E-02     1.000000         0.000000    
     sy_mang21    1.0000000000000000E-02     1.000000         0.000000    
     sy_mang22    1.0000000000000000E-02     1.000000         0.000000    
    sy_riv_g23    9.9599829000000008E-03     1.000000         0.000000    
    sy_riv_g24    9.9991370000000000E-03     1.000000         0.000000    
    sy_riv_g25    1.0000000000000000E-02     1.000000         0.000000    
    sy_riv_g26    1.0000000000000000E-02     1.000000         0.000000    
    sy_riv_g27    9.9823043999999993E-03     1.000000         0.000000    
    sy_riv_g28    1.0000000000000000E-02     1.000000         0.000000    
    sy_riv_g29    1.0000000000000000E-02     1.000000         0.000000    
    sy_riv_g30    1.0000000000000000E-02     1.000000         0.000000    
    sy_sandy31    7.7074021000000000E-03     1.000000         0.000000    
    sy_sandy32    1.2728669000000000E-02     1.000000         0.000000    
      sy_ter33    1.3960396000000000E-02     1.000000         0.000000    
      sy_ter34    1.0570516000000000E-02     1.000000         0.000000    
      sy_ter35    8.7475515000000007E-03     1.000000         0.000000    
      sy_ter36    8.7154911000000002E-03     1.000000         0.000000    
      sy_ter37    1.2083981000000001E-02     1.000000         0.000000    
      sy_ter38    9.9067799000000008E-03     1.000000         0.000000    
      sy_ter39    9.1876324999999991E-03     1.000000         0.000000    
