  single point
     hill_main    0.8000000000000000         1.000000         0.000000    
     hill_mang     1.000000000000000         1.000000         0.000000    
       hill_se     1.196185000000000         1.000000         0.000000    
    kh_h_flat1     1000.000000000000         1.000000         0.000000    
   kh_h_flat10     10.00000000000000         1.000000         0.000000    
    kh_h_flat2     10.00000000000000         1.000000         0.000000    
    kh_h_flat3     10.00000000000000         1.000000         0.000000    
    kh_h_flat4     10.00000000000000         1.000000         0.000000    
    kh_h_flat5     10.00000000000000         1.000000         0.000000    
    kh_h_flat6     10.00000000000000         1.000000         0.000000    
    kh_h_flat7     10.00000000000000         1.000000         0.000000    
    kh_h_flat8     10.00000000000000         1.000000         0.000000    
    kh_h_flat9     3.871153800000000         1.000000         0.000000    
     kh_hill11     17.07873800000000         1.000000         0.000000    
     kh_hill12     10.00000000000000         1.000000         0.000000    
     kh_hill13     10.00000000000000         1.000000         0.000000    
     kh_hill14    0.5887208000000000         1.000000         0.000000    
     kh_hill15     6.518593400000000         1.000000         0.000000    
       kh_lake     5.000000000000000         1.000000         0.000000    
     kh_mang16     10.00000000000000         1.000000         0.000000    
     kh_mang17     10.00000000000000         1.000000         0.000000    
     kh_mang18     10.00000000000000         1.000000         0.000000    
     kh_mang19     10.00000000000000         1.000000         0.000000    
     kh_mang20     10.00000000000000         1.000000         0.000000    
     kh_mang21     10.00000000000000         1.000000         0.000000    
     kh_mang22     10.00000000000000         1.000000         0.000000    
    kh_riv_g23     471.3115700000000         1.000000         0.000000    
    kh_riv_g24    1.0000000000000000E-02     1.000000         0.000000    
    kh_riv_g25     10.00000000000000         1.000000         0.000000    
    kh_riv_g26     10.00000000000000         1.000000         0.000000    
    kh_riv_g27     2.958717100000000         1.000000         0.000000    
    kh_riv_g28     10.00000000000000         1.000000         0.000000    
    kh_riv_g29     10.00000000000000         1.000000         0.000000    
    kh_riv_g30     10.00000000000000         1.000000         0.000000    
    kh_sandy31     4.660110800000000         1.000000         0.000000    
    kh_sandy32     976.2925600000000         1.000000         0.000000    
      kh_ter33     1000.000000000000         1.000000         0.000000    
      kh_ter34     53.34835300000000         1.000000         0.000000    
      kh_ter35     6.055345200000000         1.000000         0.000000    
      kh_ter36     231.1316300000000         1.000000         0.000000    
      kh_ter37    0.3418476300000000         1.000000         0.000000    
      kh_ter38    8.6696044000000000E-02     1.000000         0.000000    
      kh_ter39    4.5245872999999999E-02     1.000000         0.000000    
      race_all     1.000000000000000         1.000000         0.000000    
       rch_all     1.200000000000000         1.000000         0.000000    
        riv_c1     10000.00000000000         1.000000         0.000000    
     riv_gview     100.0000000000000         1.000000         0.000000    
        riv_h1     1000.000000000000         1.000000         0.000000    
        riv_h2     1000.000000000000         1.000000         0.000000    
        riv_h3     1000.000000000000         1.000000         0.000000    
      riv_john     100.0000000000000         1.000000         0.000000    
    sy_h_flat1    5.7967432999999995E-04     1.000000         0.000000    
   sy_h_flat10    1.0000000000000000E-02     1.000000         0.000000    
    sy_h_flat2    1.0000000000000000E-02     1.000000         0.000000    
    sy_h_flat3    1.0000000000000000E-02     1.000000         0.000000    
    sy_h_flat4    1.0000000000000000E-02     1.000000         0.000000    
    sy_h_flat5    1.0000000000000000E-02     1.000000         0.000000    
    sy_h_flat6    1.0000000000000000E-02     1.000000         0.000000    
    sy_h_flat7    1.0000000000000000E-02     1.000000         0.000000    
    sy_h_flat8    1.0000000000000000E-02     1.000000         0.000000    
    sy_h_flat9    7.4985873999999994E-02     1.000000         0.000000    
     sy_hill11    0.3000000000000000         1.000000         0.000000    
     sy_hill12    1.0000000000000000E-02     1.000000         0.000000    
     sy_hill13    1.0000000000000000E-02     1.000000         0.000000    
     sy_hill14    1.0000000000000000E-04     1.000000         0.000000    
     sy_hill15    1.0000000000000000E-04     1.000000         0.000000    
     sy_mang16    1.0000000000000000E-02     1.000000         0.000000    
     sy_mang17    1.0000000000000000E-02     1.000000         0.000000    
     sy_mang18    1.0000000000000000E-02     1.000000         0.000000    
     sy_mang19    1.0000000000000000E-02     1.000000         0.000000    
     sy_mang20    1.0000000000000000E-02     1.000000         0.000000    
     sy_mang21    1.0000000000000000E-02     1.000000         0.000000    
     sy_mang22    1.0000000000000000E-02     1.000000         0.000000    
    sy_riv_g23    1.4668092000000000E-03     1.000000         0.000000    
    sy_riv_g24    7.3691717999999995E-04     1.000000         0.000000    
    sy_riv_g25    1.0000000000000000E-02     1.000000         0.000000    
    sy_riv_g26    1.0000000000000000E-02     1.000000         0.000000    
    sy_riv_g27    1.4327325000000001E-03     1.000000         0.000000    
    sy_riv_g28    1.0000000000000000E-02     1.000000         0.000000    
    sy_riv_g29    1.0000000000000000E-02     1.000000         0.000000    
    sy_riv_g30    1.0000000000000000E-02     1.000000         0.000000    
    sy_sandy31    1.0037799000000001E-03     1.000000         0.000000    
    sy_sandy32    8.4249721999999998E-04     1.000000         0.000000    
      sy_ter33    2.2221869000000002E-02     1.000000         0.000000    
      sy_ter34    3.8608389999999999E-02     1.000000         0.000000    
      sy_ter35    4.0133175000000004E-03     1.000000         0.000000    
      sy_ter36    3.9059069000000001E-03     1.000000         0.000000    
      sy_ter37    3.2034233000000002E-02     1.000000         0.000000    
      sy_ter38    1.8852436000000000E-02     1.000000         0.000000    
      sy_ter39    1.0000000000000000E-04     1.000000         0.000000    
