  single point
     hill_main    0.8000000000000000         1.000000         0.000000    
     hill_mang     1.000000000000000         1.000000         0.000000    
       hill_se     1.200000000000000         1.000000         0.000000    
    kh_h_flat1     1000.000000000000         1.000000         0.000000    
   kh_h_flat10     10.00000000000000         1.000000         0.000000    
    kh_h_flat2     10.00000000000000         1.000000         0.000000    
    kh_h_flat3     10.00000000000000         1.000000         0.000000    
    kh_h_flat4     10.00000000000000         1.000000         0.000000    
    kh_h_flat5     10.00000000000000         1.000000         0.000000    
    kh_h_flat6     10.00000000000000         1.000000         0.000000    
    kh_h_flat7     10.00000000000000         1.000000         0.000000    
    kh_h_flat8     10.00000000000000         1.000000         0.000000    
    kh_h_flat9     8.637661100000001         1.000000         0.000000    
     kh_hill11     11.73397700000000         1.000000         0.000000    
     kh_hill12     10.00000000000000         1.000000         0.000000    
     kh_hill13     10.00000000000000         1.000000         0.000000    
     kh_hill14     2.187918400000000         1.000000         0.000000    
     kh_hill15     10.75295200000000         1.000000         0.000000    
       kh_lake     5.000000000000000         1.000000         0.000000    
     kh_mang16     10.00000000000000         1.000000         0.000000    
     kh_mang17     10.00000000000000         1.000000         0.000000    
     kh_mang18     10.00000000000000         1.000000         0.000000    
     kh_mang19     10.00000000000000         1.000000         0.000000    
     kh_mang20     10.00000000000000         1.000000         0.000000    
     kh_mang21     10.00000000000000         1.000000         0.000000    
     kh_mang22     10.00000000000000         1.000000         0.000000    
    kh_riv_g23     57.21879400000000         1.000000         0.000000    
    kh_riv_g24    0.1400333500000000         1.000000         0.000000    
    kh_riv_g25     10.00000000000000         1.000000         0.000000    
    kh_riv_g26     10.00000000000000         1.000000         0.000000    
    kh_riv_g27     6.157558700000000         1.000000         0.000000    
    kh_riv_g28     10.00000000000000         1.000000         0.000000    
    kh_riv_g29     10.00000000000000         1.000000         0.000000    
    kh_riv_g30     10.00000000000000         1.000000         0.000000    
    kh_sandy31     11.97196200000000         1.000000         0.000000    
    kh_sandy32     32.82399800000000         1.000000         0.000000    
      kh_ter33     94.46116100000000         1.000000         0.000000    
      kh_ter34     14.34603300000000         1.000000         0.000000    
      kh_ter35     12.27963000000000         1.000000         0.000000    
      kh_ter36     87.64341200000000         1.000000         0.000000    
      kh_ter37     1.041761600000000         1.000000         0.000000    
      kh_ter38     3.102003900000000         1.000000         0.000000    
      kh_ter39    0.3799720600000000         1.000000         0.000000    
      race_all     1.000000000000000         1.000000         0.000000    
       rch_all     1.199169300000000         1.000000         0.000000    
        riv_c1     6971.571200000000         1.000000         0.000000    
     riv_gview     100.0000000000000         1.000000         0.000000    
        riv_h1     1000.000000000000         1.000000         0.000000    
        riv_h2     1000.000000000000         1.000000         0.000000    
        riv_h3     1000.000000000000         1.000000         0.000000    
      riv_john     100.0000000000000         1.000000         0.000000    
    sy_h_flat1    3.4746557999999999E-04     1.000000         0.000000    
   sy_h_flat10    1.0000000000000000E-02     1.000000         0.000000    
    sy_h_flat2    1.0000000000000000E-02     1.000000         0.000000    
    sy_h_flat3    1.0000000000000000E-02     1.000000         0.000000    
    sy_h_flat4    1.0000000000000000E-02     1.000000         0.000000    
    sy_h_flat5    1.0000000000000000E-02     1.000000         0.000000    
    sy_h_flat6    1.0000000000000000E-02     1.000000         0.000000    
    sy_h_flat7    1.0000000000000000E-02     1.000000         0.000000    
    sy_h_flat8    1.0000000000000000E-02     1.000000         0.000000    
    sy_h_flat9    0.3000000000000000         1.000000         0.000000    
     sy_hill11    0.2973150200000000         1.000000         0.000000    
     sy_hill12    1.0000000000000000E-02     1.000000         0.000000    
     sy_hill13    1.0000000000000000E-02     1.000000         0.000000    
     sy_hill14    1.0000000000000000E-04     1.000000         0.000000    
     sy_hill15    1.0000000000000000E-04     1.000000         0.000000    
     sy_mang16    1.0000000000000000E-02     1.000000         0.000000    
     sy_mang17    1.0000000000000000E-02     1.000000         0.000000    
     sy_mang18    1.0000000000000000E-02     1.000000         0.000000    
     sy_mang19    1.0000000000000000E-02     1.000000         0.000000    
     sy_mang20    1.0000000000000000E-02     1.000000         0.000000    
     sy_mang21    1.0000000000000000E-02     1.000000         0.000000    
     sy_mang22    1.0000000000000000E-02     1.000000         0.000000    
    sy_riv_g23    2.8390431999999999E-03     1.000000         0.000000    
    sy_riv_g24    2.5970112999999999E-03     1.000000         0.000000    
    sy_riv_g25    1.0000000000000000E-02     1.000000         0.000000    
    sy_riv_g26    1.0000000000000000E-02     1.000000         0.000000    
    sy_riv_g27    4.1173214000000003E-03     1.000000         0.000000    
    sy_riv_g28    1.0000000000000000E-02     1.000000         0.000000    
    sy_riv_g29    1.0000000000000000E-02     1.000000         0.000000    
    sy_riv_g30    1.0000000000000000E-02     1.000000         0.000000    
    sy_sandy31    3.9845541999999998E-04     1.000000         0.000000    
    sy_sandy32    1.0878721000000000E-04     1.000000         0.000000    
      sy_ter33    2.3240390000000000E-02     1.000000         0.000000    
      sy_ter34    1.4404902000000001E-02     1.000000         0.000000    
      sy_ter35    6.0853694999999999E-03     1.000000         0.000000    
      sy_ter36    2.0516794000000001E-04     1.000000         0.000000    
      sy_ter37    4.1210107000000003E-02     1.000000         0.000000    
      sy_ter38    1.7986393000000000E-02     1.000000         0.000000    
      sy_ter39    1.0000000000000000E-04     1.000000         0.000000    
