  single point
     hill_main     1.007533700000000         1.000000         0.000000    
     hill_mang     1.000000000000000         1.000000         0.000000    
       hill_se     1.013876200000000         1.000000         0.000000    
    kh_h_flat1     23.18053800000000         1.000000         0.000000    
   kh_h_flat10     10.00000000000000         1.000000         0.000000    
    kh_h_flat2     10.00000000000000         1.000000         0.000000    
    kh_h_flat3     10.00000000000000         1.000000         0.000000    
    kh_h_flat4     10.00000000000000         1.000000         0.000000    
    kh_h_flat5     10.00000000000000         1.000000         0.000000    
    kh_h_flat6     10.00000000000000         1.000000         0.000000    
    kh_h_flat7     10.00000000000000         1.000000         0.000000    
    kh_h_flat8     10.00000000000000         1.000000         0.000000    
    kh_h_flat9     10.76595900000000         1.000000         0.000000    
     kh_hill11     10.87204400000000         1.000000         0.000000    
     kh_hill12     10.00000000000000         1.000000         0.000000    
     kh_hill13     10.00000000000000         1.000000         0.000000    
     kh_hill14     8.433022400000000         1.000000         0.000000    
     kh_hill15     10.75524500000000         1.000000         0.000000    
       kh_lake     5.000000000000000         1.000000         0.000000    
     kh_mang16     10.00000000000000         1.000000         0.000000    
     kh_mang17     10.00000000000000         1.000000         0.000000    
     kh_mang18     10.00000000000000         1.000000         0.000000    
     kh_mang19     10.00000000000000         1.000000         0.000000    
     kh_mang20     10.00000000000000         1.000000         0.000000    
     kh_mang21     10.00000000000000         1.000000         0.000000    
     kh_mang22     10.00000000000000         1.000000         0.000000    
    kh_riv_g23     11.81110000000000         1.000000         0.000000    
    kh_riv_g24     4.078000900000000         1.000000         0.000000    
    kh_riv_g25     10.00000000000000         1.000000         0.000000    
    kh_riv_g26     10.00000000000000         1.000000         0.000000    
    kh_riv_g27     10.00696300000000         1.000000         0.000000    
    kh_riv_g28     10.00000000000000         1.000000         0.000000    
    kh_riv_g29     10.00000000000000         1.000000         0.000000    
    kh_riv_g30     10.00000000000000         1.000000         0.000000    
    kh_sandy31     10.69711600000000         1.000000         0.000000    
    kh_sandy32     34.35757900000000         1.000000         0.000000    
      kh_ter33     13.20437500000000         1.000000         0.000000    
      kh_ter34     12.74308800000000         1.000000         0.000000    
      kh_ter35     10.57852200000000         1.000000         0.000000    
      kh_ter36     17.83460700000000         1.000000         0.000000    
      kh_ter37     6.956309000000000         1.000000         0.000000    
      kh_ter38     10.58404900000000         1.000000         0.000000    
      kh_ter39     6.312672800000000         1.000000         0.000000    
      race_all     1.000000000000000         1.000000         0.000000    
       rch_all     1.090283300000000         1.000000         0.000000    
        riv_c1     1459.290200000000         1.000000         0.000000    
     riv_gview     100.0000000000000         1.000000         0.000000    
        riv_h1     1000.000000000000         1.000000         0.000000    
        riv_h2     1000.000000000000         1.000000         0.000000    
        riv_h3     1000.000000000000         1.000000         0.000000    
      riv_john     100.0000000000000         1.000000         0.000000    
    sy_h_flat1    1.1852966000000000E-03     1.000000         0.000000    
   sy_h_flat10    1.0000000000000000E-02     1.000000         0.000000    
    sy_h_flat2    1.0000000000000000E-02     1.000000         0.000000    
    sy_h_flat3    1.0000000000000000E-02     1.000000         0.000000    
    sy_h_flat4    1.0000000000000000E-02     1.000000         0.000000    
    sy_h_flat5    1.0000000000000000E-02     1.000000         0.000000    
    sy_h_flat6    1.0000000000000000E-02     1.000000         0.000000    
    sy_h_flat7    1.0000000000000000E-02     1.000000         0.000000    
    sy_h_flat8    1.0000000000000000E-02     1.000000         0.000000    
    sy_h_flat9    2.7544148000000001E-02     1.000000         0.000000    
     sy_hill11    1.9081286999999999E-02     1.000000         0.000000    
     sy_hill12    1.0000000000000000E-02     1.000000         0.000000    
     sy_hill13    1.0000000000000000E-02     1.000000         0.000000    
     sy_hill14    9.8321061999999989E-04     1.000000         0.000000    
     sy_hill15    1.1062278000000000E-02     1.000000         0.000000    
     sy_mang16    1.0000000000000000E-02     1.000000         0.000000    
     sy_mang17    1.0000000000000000E-02     1.000000         0.000000    
     sy_mang18    1.0000000000000000E-02     1.000000         0.000000    
     sy_mang19    1.0000000000000000E-02     1.000000         0.000000    
     sy_mang20    1.0000000000000000E-02     1.000000         0.000000    
     sy_mang21    1.0000000000000000E-02     1.000000         0.000000    
     sy_mang22    1.0000000000000000E-02     1.000000         0.000000    
    sy_riv_g23    8.7899620000000001E-03     1.000000         0.000000    
    sy_riv_g24    9.5081330999999998E-03     1.000000         0.000000    
    sy_riv_g25    1.0000000000000000E-02     1.000000         0.000000    
    sy_riv_g26    1.0000000000000000E-02     1.000000         0.000000    
    sy_riv_g27    9.7570612000000001E-03     1.000000         0.000000    
    sy_riv_g28    1.0000000000000000E-02     1.000000         0.000000    
    sy_riv_g29    1.0000000000000000E-02     1.000000         0.000000    
    sy_riv_g30    1.0000000000000000E-02     1.000000         0.000000    
    sy_sandy31    1.2710898999999999E-04     1.000000         0.000000    
    sy_sandy32    1.5698586000000000E-02     1.000000         0.000000    
      sy_ter33    2.7403315000000001E-02     1.000000         0.000000    
      sy_ter34    1.8968441999999999E-02     1.000000         0.000000    
      sy_ter35    1.9951969000000002E-03     1.000000         0.000000    
      sy_ter36    3.8302094999999997E-04     1.000000         0.000000    
      sy_ter37    2.5852645000000000E-02     1.000000         0.000000    
      sy_ter38    6.4316892000000001E-03     1.000000         0.000000    
      sy_ter39    5.3059766000000002E-04     1.000000         0.000000    
