  single point
     hill_main     1.062603000000000         1.000000         0.000000    
     hill_mang     1.000000000000000         1.000000         0.000000    
       hill_se     1.034255500000000         1.000000         0.000000    
    kh_h_flat1     33.61950300000000         1.000000         0.000000    
   kh_h_flat10     10.00000000000000         1.000000         0.000000    
    kh_h_flat2     10.00000000000000         1.000000         0.000000    
    kh_h_flat3     10.00000000000000         1.000000         0.000000    
    kh_h_flat4     10.00000000000000         1.000000         0.000000    
    kh_h_flat5     10.00000000000000         1.000000         0.000000    
    kh_h_flat6     10.00000000000000         1.000000         0.000000    
    kh_h_flat7     10.00000000000000         1.000000         0.000000    
    kh_h_flat8     10.00000000000000         1.000000         0.000000    
    kh_h_flat9     10.39891500000000         1.000000         0.000000    
     kh_hill11     10.88338300000000         1.000000         0.000000    
     kh_hill12     10.00000000000000         1.000000         0.000000    
     kh_hill13     10.00000000000000         1.000000         0.000000    
     kh_hill14     7.353699600000000         1.000000         0.000000    
     kh_hill15     10.74812600000000         1.000000         0.000000    
       kh_lake     5.000000000000000         1.000000         0.000000    
     kh_mang16     10.00000000000000         1.000000         0.000000    
     kh_mang17     10.00000000000000         1.000000         0.000000    
     kh_mang18     10.00000000000000         1.000000         0.000000    
     kh_mang19     10.00000000000000         1.000000         0.000000    
     kh_mang20     10.00000000000000         1.000000         0.000000    
     kh_mang21     10.00000000000000         1.000000         0.000000    
     kh_mang22     10.00000000000000         1.000000         0.000000    
    kh_riv_g23     12.19883000000000         1.000000         0.000000    
    kh_riv_g24     2.896017400000000         1.000000         0.000000    
    kh_riv_g25     10.00000000000000         1.000000         0.000000    
    kh_riv_g26     10.00000000000000         1.000000         0.000000    
    kh_riv_g27     9.542455400000000         1.000000         0.000000    
    kh_riv_g28     10.00000000000000         1.000000         0.000000    
    kh_riv_g29     10.00000000000000         1.000000         0.000000    
    kh_riv_g30     10.00000000000000         1.000000         0.000000    
    kh_sandy31     10.98476700000000         1.000000         0.000000    
    kh_sandy32     42.85461600000000         1.000000         0.000000    
      kh_ter33     18.53047500000000         1.000000         0.000000    
      kh_ter34     17.53425700000000         1.000000         0.000000    
      kh_ter35     9.699393600000001         1.000000         0.000000    
      kh_ter36     26.10763300000000         1.000000         0.000000    
      kh_ter37     4.953648500000000         1.000000         0.000000    
      kh_ter38     9.733349799999999         1.000000         0.000000    
      kh_ter39     3.979487800000000         1.000000         0.000000    
      race_all     1.000000000000000         1.000000         0.000000    
       rch_all     1.134503100000000         1.000000         0.000000    
        riv_c1     1991.646700000000         1.000000         0.000000    
     riv_gview     100.0000000000000         1.000000         0.000000    
        riv_h1     1000.000000000000         1.000000         0.000000    
        riv_h2     1000.000000000000         1.000000         0.000000    
        riv_h3     1000.000000000000         1.000000         0.000000    
      riv_john     100.0000000000000         1.000000         0.000000    
    sy_h_flat1    5.3727471000000002E-03     1.000000         0.000000    
   sy_h_flat10    1.0000000000000000E-02     1.000000         0.000000    
    sy_h_flat2    1.0000000000000000E-02     1.000000         0.000000    
    sy_h_flat3    1.0000000000000000E-02     1.000000         0.000000    
    sy_h_flat4    1.0000000000000000E-02     1.000000         0.000000    
    sy_h_flat5    1.0000000000000000E-02     1.000000         0.000000    
    sy_h_flat6    1.0000000000000000E-02     1.000000         0.000000    
    sy_h_flat7    1.0000000000000000E-02     1.000000         0.000000    
    sy_h_flat8    1.0000000000000000E-02     1.000000         0.000000    
    sy_h_flat9    0.2782003700000000         1.000000         0.000000    
     sy_hill11    0.1332495000000000         1.000000         0.000000    
     sy_hill12    1.0000000000000000E-02     1.000000         0.000000    
     sy_hill13    1.0000000000000000E-02     1.000000         0.000000    
     sy_hill14    1.0000000000000000E-04     1.000000         0.000000    
     sy_hill15    1.0468133000000001E-04     1.000000         0.000000    
     sy_mang16    1.0000000000000000E-02     1.000000         0.000000    
     sy_mang17    1.0000000000000000E-02     1.000000         0.000000    
     sy_mang18    1.0000000000000000E-02     1.000000         0.000000    
     sy_mang19    1.0000000000000000E-02     1.000000         0.000000    
     sy_mang20    1.0000000000000000E-02     1.000000         0.000000    
     sy_mang21    1.0000000000000000E-02     1.000000         0.000000    
     sy_mang22    1.0000000000000000E-02     1.000000         0.000000    
    sy_riv_g23    5.9645907999999999E-03     1.000000         0.000000    
    sy_riv_g24    7.6670708999999997E-03     1.000000         0.000000    
    sy_riv_g25    1.0000000000000000E-02     1.000000         0.000000    
    sy_riv_g26    1.0000000000000000E-02     1.000000         0.000000    
    sy_riv_g27    8.7593509000000007E-03     1.000000         0.000000    
    sy_riv_g28    1.0000000000000000E-02     1.000000         0.000000    
    sy_riv_g29    1.0000000000000000E-02     1.000000         0.000000    
    sy_riv_g30    1.0000000000000000E-02     1.000000         0.000000    
    sy_sandy31    2.8683765999999998E-04     1.000000         0.000000    
    sy_sandy32    8.5962286000000002E-03     1.000000         0.000000    
      sy_ter33    2.4415251999999998E-02     1.000000         0.000000    
      sy_ter34    1.2800112000000001E-02     1.000000         0.000000    
      sy_ter35    3.1165211000000002E-03     1.000000         0.000000    
      sy_ter36    1.0000000000000000E-04     1.000000         0.000000    
      sy_ter37    3.0818122000000000E-02     1.000000         0.000000    
      sy_ter38    8.9860967000000001E-04     1.000000         0.000000    
      sy_ter39    1.0000000000000000E-04     1.000000         0.000000    
