single point
hill_main	0.858	1.0	0.0
hill_mang	0.903	1.0	0.0
hill_se	0.852	1.0	0.0
kh_h_flat1	802.96	1.0	0.0
kh_h_flat10	291.182	1.0	0.0
kh_h_flat2	710.417	1.0	0.0
kh_h_flat3	377.606	1.0	0.0
kh_h_flat4	917.031	1.0	0.0
kh_h_flat5	4.582	1.0	0.0
kh_h_flat6	404.276	1.0	0.0
kh_h_flat7	452.267	1.0	0.0
kh_h_flat8	122.278	1.0	0.0
kh_h_flat9	344.285	1.0	0.0
kh_hill11	236.63	1.0	0.0
kh_hill12	902.698	1.0	0.0
kh_hill13	64.455	1.0	0.0
kh_hill14	245.526	1.0	0.0
kh_hill15	432.6	1.0	0.0
kh_lake	496.375	1.0	0.0
kh_mang16	109.59	1.0	0.0
kh_mang17	309.655	1.0	0.0
kh_mang18	820.3	1.0	0.0
kh_mang19	389.659	1.0	0.0
kh_mang20	584.651	1.0	0.0
kh_mang21	279.951	1.0	0.0
kh_mang22	540.932	1.0	0.0
kh_riv_g23	67.232	1.0	0.0
kh_riv_g24	740.208	1.0	0.0
kh_riv_g25	270.028	1.0	0.0
kh_riv_g26	726.253	1.0	0.0
kh_riv_g27	695.618	1.0	0.0
kh_riv_g28	112.965	1.0	0.0
kh_riv_g29	325.46	1.0	0.0
kh_riv_g30	842.062	1.0	0.0
kh_sandy31	357.781	1.0	0.0
kh_sandy32	217.649	1.0	0.0
kh_ter33	308.703	1.0	0.0
kh_ter34	997.172	1.0	0.0
kh_ter35	797.975	1.0	0.0
kh_ter36	498.849	1.0	0.0
kh_ter37	911.273	1.0	0.0
kh_ter38	308.657	1.0	0.0
kh_ter39	675.954	1.0	0.0
race_all	1.038	1.0	0.0
rch_all	0.595	1.0	0.0
riv_c1	3669.772	1.0	0.0
riv_gview	631.207	1.0	0.0
riv_h1	2448.049	1.0	0.0
riv_h2	2471.547	1.0	0.0
riv_h3	4396.126	1.0	0.0
riv_john	2888.319	1.0	0.0
sy_h_flat1	0.031	1.0	0.0
sy_h_flat10	0.222	1.0	0.0
sy_h_flat2	0.155	1.0	0.0
sy_h_flat3	0.265	1.0	0.0
sy_h_flat4	0.013	1.0	0.0
sy_h_flat5	0.044	1.0	0.0
sy_h_flat6	0.12	1.0	0.0
sy_h_flat7	0.188	1.0	0.0
sy_h_flat8	0.121	1.0	0.0
sy_h_flat9	0.249	1.0	0.0
sy_hill11	0.244	1.0	0.0
sy_hill12	0.053	1.0	0.0
sy_hill13	0.029	1.0	0.0
sy_hill14	0.237	1.0	0.0
sy_hill15	0.104	1.0	0.0
sy_mang16	0.052	1.0	0.0
sy_mang17	0.145	1.0	0.0
sy_mang18	0.142	1.0	0.0
sy_mang19	0.251	1.0	0.0
sy_mang20	0.096	1.0	0.0
sy_mang21	0.037	1.0	0.0
sy_mang22	0.271	1.0	0.0
sy_riv_g23	0.233	1.0	0.0
sy_riv_g24	0.188	1.0	0.0
sy_riv_g25	0.181	1.0	0.0
sy_riv_g26	0.14	1.0	0.0
sy_riv_g27	0.036	1.0	0.0
sy_riv_g28	0.2	1.0	0.0
sy_riv_g29	0.129	1.0	0.0
sy_riv_g30	0.01	1.0	0.0
sy_sandy31	0.26	1.0	0.0
sy_sandy32	0.239	1.0	0.0
sy_ter33	0.295	1.0	0.0
sy_ter34	0.191	1.0	0.0
sy_ter35	0.284	1.0	0.0
sy_ter36	0.093	1.0	0.0
sy_ter37	0.075	1.0	0.0
sy_ter38	0.198	1.0	0.0
sy_ter39	0.163	1.0	0.0
