,id,old_x,old_y,new_x,new_y
0,0.0,1302350.0518607537,5054018.757110948,1302359.4084835055,5052018.778997665
1,31.0,1302970.0450758713,5054021.657664001,1302979.401698623,5052021.6795507185
2,62.0,1303590.0382909891,5054024.558217053,1303599.394913741,5052024.580103771
3,94.0,1304230.0312872396,5054027.552336334,1304239.3879099914,5052027.574223052
4,125.0,1304850.0245023572,5054030.452889387,1304859.381125109,5052030.474776104
5,157.0,1305470.2347446363,5054155.173460171,1306035.5770797862,5052236.73971253
6,188.0,1305985.4155157227,5054493.910740054,1307185.0007656089,5052893.599761445
7,219.0,1306428.460546106,5054927.62850664,1307827.5501157371,5053498.450989272
8,251.0,1306763.5172168126,5055463.935528522,1308376.9350191476,5054282.037480843
9,282.0,1307243.2094745373,5055849.244088857,1308291.013376911,5054145.686933324
10,313.0,1307851.687421026,5055908.14653836,1307789.984826454,5053909.098567494
100,,1302335.8300223248,5053140.726263654,1303305.152166307,5053227.272883653
101,,1302197.3554303276,5052552.2092476655,1303486.9000683036,5052604.137219664
102,,1302257.9380643263,5051652.124399682,1303512.864054303,5051755.98034368
103,,1302231.974078327,5050803.967523698,1304014.8344502938,5050829.931509697
