  single point
     hill_main    0.8000000000000000         1.000000         0.000000    
     hill_mang     1.200000000000000         1.000000         0.000000    
       hill_se     1.200000000000000         1.000000         0.000000    
    kh_h_flat1     65.96746800000000         1.000000         0.000000    
   kh_h_flat10     15.08307000000000         1.000000         0.000000    
    kh_h_flat2     611.9029500000000         1.000000         0.000000    
    kh_h_flat3     1000.000000000000         1.000000         0.000000    
    kh_h_flat4     1000.000000000000         1.000000         0.000000    
   kh_h_flat45     1000.000000000000         1.000000         0.000000    
   kh_h_flat46    0.2149937300000000         1.000000         0.000000    
    kh_h_flat5     1000.000000000000         1.000000         0.000000    
   kh_h_flat51     1000.000000000000         1.000000         0.000000    
    kh_h_flat6     38.45017400000000         1.000000         0.000000    
    kh_h_flat7     1000.000000000000         1.000000         0.000000    
    kh_h_flat8     1000.000000000000         1.000000         0.000000    
   kh_h_flat89     3.668367800000000         1.000000         0.000000    
    kh_h_flat9     472.8715200000000         1.000000         0.000000    
     kh_hill11     4.472868500000000         1.000000         0.000000    
     kh_hill12     611.9952600000000         1.000000         0.000000    
     kh_hill13     82.58690799999999         1.000000         0.000000    
       kh_lake     21.93947600000000         1.000000         0.000000    
     kh_mang16     23.67171600000000         1.000000         0.000000    
     kh_mang17     33.61532800000000         1.000000         0.000000    
     kh_mang18     58.09561100000000         1.000000         0.000000    
     kh_mang19     5.279126100000000         1.000000         0.000000    
     kh_mang20     45.13559700000000         1.000000         0.000000    
     kh_mang21     42.94996700000000         1.000000         0.000000    
     kh_mang22     28.13505400000000         1.000000         0.000000    
     kh_mor_l0     1000.000000000000         1.000000         0.000000    
     kh_mor_l1    1.2682329000000001E-04     1.000000         0.000000    
    kh_riv_g23     53.77161600000000         1.000000         0.000000    
    kh_riv_g24     64.67554400000000         1.000000         0.000000    
    kh_riv_g25     1000.000000000000         1.000000         0.000000    
    kh_riv_g26     1000.000000000000         1.000000         0.000000    
    kh_riv_g27     85.93733200000000         1.000000         0.000000    
    kh_riv_g28     32.44111200000000         1.000000         0.000000    
    kh_riv_g29     60.83963000000000         1.000000         0.000000    
    kh_riv_g30     1000.000000000000         1.000000         0.000000    
    kh_riv_g60     7.824944600000000         1.000000         0.000000    
    kh_riv_g61     8.871096000000000         1.000000         0.000000    
    kh_riv_g62     40.75099300000000         1.000000         0.000000    
    kh_riv_g63     999.0278700000000         1.000000         0.000000    
    kh_sandy31     6.351920000000000         1.000000         0.000000    
    kh_sandy32     180.6728300000000         1.000000         0.000000    
    kh_sandy70     1.557415200000000         1.000000         0.000000    
    kh_sandy71     42.73743100000000         1.000000         0.000000    
      kh_ter14     6.023977700000000         1.000000         0.000000    
      kh_ter15     710.8701600000001         1.000000         0.000000    
      kh_ter33     71.65730400000000         1.000000         0.000000    
      kh_ter34     74.50890400000000         1.000000         0.000000    
      kh_ter35     999.5787400000000         1.000000         0.000000    
      kh_ter36     3.567279200000000         1.000000         0.000000    
      kh_ter37     1000.000000000000         1.000000         0.000000    
      kh_ter38    0.1551465500000000         1.000000         0.000000    
      kh_ter39    0.5825990800000000         1.000000         0.000000    
      kh_ter80    0.7452981200000000         1.000000         0.000000    
      kh_ter81     37.36051200000000         1.000000         0.000000    
      kh_ter82     999.1031100000000         1.000000         0.000000    
      kh_ter83     61.52267900000000         1.000000         0.000000    
      kh_ter84     1000.000000000000         1.000000         0.000000    
      kh_ter85     22.78773200000000         1.000000         0.000000    
      kh_ter86     5.443789400000000         1.000000         0.000000    
      kh_ter87     1000.000000000000         1.000000         0.000000    
      kh_ter88     6.776993400000000         1.000000         0.000000    
      race_all     1.200000000000000         1.000000         0.000000    
       rch_all    0.5000000000000000         1.000000         0.000000    
        riv_c1     128.5896700000000         1.000000         0.000000    
     riv_gview     383.2759600000000         1.000000         0.000000    
        riv_h1     1852.315900000000         1.000000         0.000000    
        riv_h2     3873.546400000000         1.000000         0.000000    
        riv_h3     5141.223800000000         1.000000         0.000000    
      riv_john     50.00000000000000         1.000000         0.000000    
    sy_h_flat1    2.5514155000000002E-03     1.000000         0.000000    
   sy_h_flat10    2.1148323000000000E-02     1.000000         0.000000    
    sy_h_flat2    3.1055697000000000E-02     1.000000         0.000000    
    sy_h_flat3    2.6472187000000000E-03     1.000000         0.000000    
    sy_h_flat4    0.3000000000000000         1.000000         0.000000    
   sy_h_flat45    4.6668708999999999E-04     1.000000         0.000000    
   sy_h_flat46    4.4274943999999997E-02     1.000000         0.000000    
    sy_h_flat5    1.7628169999999999E-02     1.000000         0.000000    
   sy_h_flat51    6.0242537999999998E-02     1.000000         0.000000    
    sy_h_flat6    5.8962646999999998E-03     1.000000         0.000000    
    sy_h_flat7    1.4616791000000001E-02     1.000000         0.000000    
    sy_h_flat8    7.4704335999999996E-02     1.000000         0.000000    
   sy_h_flat89    0.3000000000000000         1.000000         0.000000    
    sy_h_flat9    0.1038459900000000         1.000000         0.000000    
     sy_hill11    5.5456467000000002E-03     1.000000         0.000000    
     sy_hill12    3.4795095000000002E-03     1.000000         0.000000    
     sy_hill13    5.1813852000000002E-03     1.000000         0.000000    
     sy_mang16    1.3084686000000000E-02     1.000000         0.000000    
     sy_mang17    8.2562261999999997E-02     1.000000         0.000000    
     sy_mang18    8.5641464999999996E-03     1.000000         0.000000    
     sy_mang19    2.6141681000000000E-02     1.000000         0.000000    
     sy_mang20    6.6254252000000000E-02     1.000000         0.000000    
     sy_mang21    6.8965309000000004E-03     1.000000         0.000000    
     sy_mang22    4.4324509999999996E-03     1.000000         0.000000    
    sy_riv_g23    5.4099663999999997E-03     1.000000         0.000000    
    sy_riv_g24    5.6328576999999996E-03     1.000000         0.000000    
    sy_riv_g25    0.2678578900000000         1.000000         0.000000    
    sy_riv_g26    0.3000000000000000         1.000000         0.000000    
    sy_riv_g27    5.8134275000000001E-03     1.000000         0.000000    
    sy_riv_g28    1.7509470999999999E-03     1.000000         0.000000    
    sy_riv_g29    6.5213247000000000E-03     1.000000         0.000000    
    sy_riv_g30    3.2717013000000003E-02     1.000000         0.000000    
    sy_riv_g60    7.2727299999999998E-03     1.000000         0.000000    
    sy_riv_g61    5.4543513999999998E-03     1.000000         0.000000    
    sy_riv_g62    4.3910036999999999E-02     1.000000         0.000000    
    sy_riv_g63    1.1463923000000001E-02     1.000000         0.000000    
    sy_sandy31    7.7531366000000001E-03     1.000000         0.000000    
    sy_sandy32    8.9602220000000003E-03     1.000000         0.000000    
    sy_sandy70    1.4360563999999999E-02     1.000000         0.000000    
    sy_sandy71    1.1072037000000000E-02     1.000000         0.000000    
  sy_ss_mor_l0    8.3239975999999997E-05     1.000000         0.000000    
  sy_ss_mor_l1    1.2717258000000001E-04     1.000000         0.000000    
    sy_ss_rest    1.1105685999999999E-05     1.000000         0.000000    
  sy_sy_mor_l0    6.5582914000000006E-02     1.000000         0.000000    
  sy_sy_mor_l1    9.9928043999999994E-04     1.000000         0.000000    
      sy_ter14    1.2788819000000000E-02     1.000000         0.000000    
      sy_ter15    5.0628883000000003E-03     1.000000         0.000000    
      sy_ter33    1.0136152000000001E-02     1.000000         0.000000    
      sy_ter34    0.3000000000000000         1.000000         0.000000    
      sy_ter35    3.3810857000000000E-02     1.000000         0.000000    
      sy_ter36    0.1316736600000000         1.000000         0.000000    
      sy_ter37    8.9527649000000001E-02     1.000000         0.000000    
      sy_ter38    0.3000000000000000         1.000000         0.000000    
      sy_ter39    9.8447696000000008E-03     1.000000         0.000000    
      sy_ter80    1.9058374000000000E-03     1.000000         0.000000    
      sy_ter81    0.1888923800000000         1.000000         0.000000    
      sy_ter82    5.8269580999999997E-03     1.000000         0.000000    
      sy_ter83    3.9332657000000000E-02     1.000000         0.000000    
      sy_ter84    5.6530703999999998E-03     1.000000         0.000000    
      sy_ter85    0.1751732300000000         1.000000         0.000000    
      sy_ter86    1.2424519000000000E-02     1.000000         0.000000    
      sy_ter87    0.3000000000000000         1.000000         0.000000    
      sy_ter88    5.9655580000000001E-03     1.000000         0.000000    
